0.997084 -0.0752253 0.0120682 0 -0.0752408 -0.997155 0.000834079 0 0.0119713 -0.0017397 -0.999927 0 -0.254168 -0.661581 0.00962746 1 
0.997083 -0.0752327 0.0120645 0 -0.0752483 -0.997155 0.00083822 0 0.0119673 -0.00174364 -0.999927 0 -0.254171 -0.661582 0.00962985 1 
0.997084 -0.0752285 0.0120652 0 -0.075244 -0.997155 0.000834722 0 0.0119683 -0.00174015 -0.999927 0 -0.25417 -0.661581 0.00962801 1 
0.997084 -0.0752295 0.0120633 0 -0.075245 -0.997155 0.00084211 0 0.0119659 -0.00174739 -0.999927 0 -0.25417 -0.661584 0.00963321 1 
0.997084 -0.0752276 0.0120667 0 -0.0752431 -0.997155 0.000834168 0 0.0119699 -0.00173971 -0.999927 0 -0.254168 -0.661582 0.00962764 1 
0.997084 -0.0752285 0.0120636 0 -0.0752441 -0.997155 0.000841329 0 0.0119662 -0.00174662 -0.999927 0 -0.254169 -0.661584 0.00963197 1 
0.997084 -0.0752292 0.0120628 0 -0.0752447 -0.997155 0.000833747 0 0.011966 -0.00173901 -0.999927 0 -0.254171 -0.66158 0.00962681 1 
0.997084 -0.0752251 0.0120636 0 -0.0752407 -0.997155 0.00083977 0 0.0119664 -0.00174503 -0.999927 0 -0.25417 -0.661583 0.00963152 1 
0.997083 -0.0752314 0.0120626 0 -0.0752469 -0.997155 0.000836242 0 0.0119656 -0.00174151 -0.999927 0 -0.254172 -0.661581 0.00962937 1 
0.997084 -0.0752287 0.0120638 0 -0.0752442 -0.997155 0.00084061 0 0.0119665 -0.00174592 -0.999927 0 -0.254171 -0.661583 0.00963208 1 
0.997084 -0.0752218 0.0120678 0 -0.0752373 -0.997156 0.000837906 0 0.0119707 -0.00174345 -0.999927 0 -0.254166 -0.661583 0.00962952 1 
0.997083 -0.0752378 0.0120628 0 -0.0752534 -0.997154 0.000840092 0 0.0119655 -0.00174544 -0.999927 0 -0.254174 -0.661582 0.00963204 1 
0.997084 -0.0752285 0.0120639 0 -0.075244 -0.997155 0.000833579 0 0.0119671 -0.00173891 -0.999927 0 -0.254171 -0.661581 0.00962839 1 
0.997083 -0.0752341 0.0120619 0 -0.0752497 -0.997155 0.000840016 0 0.0119646 -0.00174525 -0.999927 0 -0.254173 -0.661582 0.0096321 1 
0.997084 -0.0752296 0.0120618 0 -0.0752451 -0.997155 0.000838714 0 0.0119646 -0.00174389 -0.999927 0 -0.25417 -0.661583 0.00963121 1 
0.997084 -0.0752269 0.0120635 0 -0.0752424 -0.997155 0.000834764 0 0.0119666 -0.00174005 -0.999927 0 -0.254172 -0.661581 0.00962924 1 
0.997083 -0.0752327 0.0120614 0 -0.0752482 -0.997155 0.000835619 0 0.0119644 -0.00174081 -0.999927 0 -0.254172 -0.661581 0.00962936 1 
0.997084 -0.075227 0.0120654 0 -0.0752425 -0.997155 0.000835427 0 0.0119684 -0.00174085 -0.999927 0 -0.254169 -0.661582 0.00962875 1 
0.997084 -0.0752203 0.0120662 0 -0.0752358 -0.997156 0.000834437 0 0.0119694 -0.00173985 -0.999927 0 -0.254166 -0.661582 0.00962751 1 
0.997084 -0.0752262 0.0120657 0 -0.0752417 -0.997155 0.000837472 0 0.0119686 -0.00174291 -0.999927 0 -0.254168 -0.661583 0.00963073 1 
0.997084 -0.0752283 0.0120639 0 -0.0752439 -0.997155 0.000840143 0 0.0119666 -0.00174546 -0.999927 0 -0.25417 -0.661583 0.00963123 1 
0.997083 -0.0752328 0.0120641 0 -0.0752483 -0.997155 0.000836624 0 0.0119671 -0.00174202 -0.999927 0 -0.254172 -0.661581 0.00962993 1 
0.997083 -0.0752332 0.0120655 0 -0.0752487 -0.997155 0.000839596 0 0.0119682 -0.00174509 -0.999927 0 -0.25417 -0.661583 0.00963065 1 
0.997084 -0.0752277 0.0120662 0 -0.0752433 -0.997155 0.000839316 0 0.0119689 -0.0017448 -0.999927 0 -0.25417 -0.661583 0.0096297 1 
0.997084 -0.0752282 0.0120622 0 -0.0752437 -0.997155 0.000839068 0 0.011965 -0.00174426 -0.999927 0 -0.254171 -0.661582 0.00963092 1 
0.997084 -0.0752261 0.012065 0 -0.0752416 -0.997155 0.000836459 0 0.011968 -0.00174185 -0.999927 0 -0.254169 -0.661582 0.0096298 1 
0.997084 -0.0752258 0.0120634 0 -0.0752413 -0.997155 0.000839014 0 0.0119662 -0.00174427 -0.999927 0 -0.254171 -0.661583 0.00963057 1 
0.997084 -0.075227 0.0120641 0 -0.0752426 -0.997155 0.000839671 0 0.0119668 -0.00174499 -0.999927 0 -0.254171 -0.661583 0.00963085 1 
0.997083 -0.075235 0.0120626 0 -0.0752505 -0.997155 0.000837588 0 0.0119655 -0.0017429 -0.999927 0 -0.254174 -0.661581 0.00963126 1 
0.997084 -0.0752278 0.0120629 0 -0.0752433 -0.997155 0.000836604 0 0.0119659 -0.00174185 -0.999927 0 -0.254172 -0.661582 0.00962951 1 
0.997084 -0.0752276 0.0120655 0 -0.0752431 -0.997155 0.0008384 0 0.0119683 -0.00174383 -0.999927 0 -0.254168 -0.661583 0.00963077 1 
0.997083 -0.0752315 0.0120632 0 -0.075247 -0.997155 0.000837641 0 0.0119661 -0.00174295 -0.999927 0 -0.254169 -0.661583 0.00962973 1 
0.997084 -0.075227 0.0120644 0 -0.0752425 -0.997155 0.000835729 0 0.0119675 -0.00174108 -0.999927 0 -0.254168 -0.661582 0.0096302 1 
0.997084 -0.0752304 0.0120645 0 -0.0752459 -0.997155 0.000835406 0 0.0119676 -0.00174081 -0.999927 0 -0.254171 -0.661581 0.00962892 1 
0.997083 -0.0752324 0.0120653 0 -0.0752479 -0.997155 0.000840211 0 0.011968 -0.00174568 -0.999927 0 -0.254169 -0.661584 0.00963198 1 
0.997084 -0.0752283 0.0120617 0 -0.0752438 -0.997155 0.000840816 0 0.0119643 -0.00174596 -0.999927 0 -0.254171 -0.661583 0.00963265 1 
0.997084 -0.075227 0.0120634 0 -0.0752424 -0.997155 0.000835272 0 0.0119664 -0.00174055 -0.999927 0 -0.254172 -0.661581 0.00962964 1 
0.997084 -0.0752272 0.0120646 0 -0.0752427 -0.997155 0.000836647 0 0.0119675 -0.00174201 -0.999927 0 -0.25417 -0.661582 0.00962923 1 
0.997083 -0.0752369 0.0120629 0 -0.0752524 -0.997155 0.00084054 0 0.0119656 -0.00174589 -0.999927 0 -0.254174 -0.661582 0.00963132 1 
0.997084 -0.0752302 0.0120628 0 -0.0752457 -0.997155 0.000836997 0 0.0119658 -0.00174226 -0.999927 0 -0.254171 -0.661582 0.00963097 1 
0.997083 -0.0752313 0.0120666 0 -0.0752467 -0.997155 0.000831353 0 0.0119699 -0.00173693 -0.999927 0 -0.254171 -0.661579 0.00962645 1 
0.997084 -0.0752293 0.012065 0 -0.0752448 -0.997155 0.000833885 0 0.0119682 -0.00173931 -0.999927 0 -0.25417 -0.661581 0.00962786 1 
0.997084 -0.0752284 0.0120643 0 -0.075244 -0.997155 0.000838922 0 0.0119671 -0.00174428 -0.999927 0 -0.254172 -0.661582 0.00963131 1 
0.997083 -0.075234 0.0120654 0 -0.0752494 -0.997155 0.000833849 0 0.0119686 -0.00173936 -0.999927 0 -0.254172 -0.66158 0.00962749 1 
0.997084 -0.075231 0.0120622 0 -0.0752466 -0.997155 0.000842895 0 0.0119647 -0.00174811 -0.999927 0 -0.254172 -0.661584 0.00963316 1 
0.997084 -0.0752227 0.0120648 0 -0.0752382 -0.997156 0.00083899 0 0.0119676 -0.00174431 -0.999927 0 -0.254168 -0.661583 0.00963075 1 
0.997083 -0.0752341 0.0120636 0 -0.0752496 -0.997155 0.000839858 0 0.0119663 -0.00174522 -0.999927 0 -0.254172 -0.661583 0.00963078 1 
0.997084 -0.0752288 0.0120654 0 -0.0752443 -0.997155 0.000835384 0 0.0119684 -0.00174083 -0.999927 0 -0.254172 -0.66158 0.00962906 1 
0.997084 -0.0752251 0.0120636 0 -0.0752407 -0.997155 0.000838525 0 0.0119664 -0.00174379 -0.999927 0 -0.25417 -0.661583 0.00963114 1 
0.997084 -0.0752243 0.0120613 0 -0.0752398 -0.997155 0.000835735 0 0.0119644 -0.00174082 -0.999927 0 -0.254169 -0.661582 0.00962882 1 
0.997084 -0.0752303 0.0120653 0 -0.0752458 -0.997155 0.000836319 0 0.0119683 -0.00174177 -0.999927 0 -0.254171 -0.661582 0.0096293 1 
0.997084 -0.0752247 0.0120632 0 -0.0752402 -0.997155 0.000839713 0 0.011966 -0.00174494 -0.999927 0 -0.254172 -0.661583 0.00963104 1 
0.997083 -0.0752323 0.0120642 0 -0.0752478 -0.997155 0.000837937 0 0.011967 -0.00174333 -0.999927 0 -0.254171 -0.661581 0.00963143 1 
0.997084 -0.0752283 0.0120624 0 -0.0752439 -0.997155 0.000838471 0 0.0119652 -0.00174368 -0.999927 0 -0.254172 -0.661582 0.00963046 1 
0.997084 -0.0752274 0.0120659 0 -0.0752429 -0.997155 0.000839968 0 0.0119686 -0.00174543 -0.999927 0 -0.254169 -0.661584 0.00963187 1 
0.997084 -0.0752299 0.0120649 0 -0.0752455 -0.997155 0.000837511 0 0.0119678 -0.00174293 -0.999927 0 -0.25417 -0.661582 0.00963029 1 
0.997084 -0.075228 0.0120665 0 -0.0752435 -0.997155 0.000836388 0 0.0119695 -0.00174191 -0.999927 0 -0.254169 -0.661582 0.00962917 1 
0.997084 -0.0752309 0.0120622 0 -0.0752464 -0.997155 0.000832866 0 0.0119655 -0.00173811 -0.999927 0 -0.254172 -0.66158 0.00962716 1 
0.997084 -0.0752302 0.0120663 0 -0.0752457 -0.997155 0.000836833 0 0.0119693 -0.00174237 -0.999927 0 -0.254171 -0.661581 0.00962959 1 
0.997084 -0.0752288 0.0120659 0 -0.0752443 -0.997155 0.000838291 0 0.0119688 -0.00174377 -0.999927 0 -0.25417 -0.661583 0.00962959 1 
0.997084 -0.075224 0.0120629 0 -0.0752395 -0.997155 0.000836808 0 0.0119659 -0.00174201 -0.999927 0 -0.254169 -0.661583 0.00963062 1 
0.997084 -0.0752273 0.0120668 0 -0.0752427 -0.997155 0.000829081 0 0.0119704 -0.00173464 -0.999927 0 -0.254169 -0.661579 0.0096248 1 
0.997084 -0.0752275 0.0120642 0 -0.075243 -0.997155 0.000840905 0 0.0119669 -0.00174623 -0.999927 0 -0.25417 -0.661584 0.00963219 1 
