2019-09-24 09:48:24 0.999719 -0.0160407 -0.0168922 0 -0.0157126 -0.999679 0.0193793 0 -0.0171979 -0.0191088 -0.999669 0 -0.202017 -0.402894 0.444353 1 
2019-09-24 09:48:24 0.999719 -0.0160362 -0.0168904 0 -0.0157082 -0.999679 0.0193761 0 -0.017196 -0.0191057 -0.99967 0 -0.202016 -0.402894 0.444352 1 
2019-09-24 09:48:24 0.999719 -0.0160404 -0.016891 0 -0.0157124 -0.999679 0.0193768 0 -0.0171967 -0.0191063 -0.99967 0 -0.202017 -0.402895 0.444353 1 
2019-09-24 09:48:24 0.999719 -0.0160356 -0.0168899 0 -0.0157076 -0.999679 0.0193755 0 -0.0171955 -0.0191052 -0.99967 0 -0.202017 -0.402894 0.444351 1 
2019-09-24 09:48:24 0.999719 -0.0160461 -0.0168897 0 -0.0157182 -0.999679 0.0193738 0 -0.0171955 -0.0191033 -0.99967 0 -0.202019 -0.402894 0.444351 1 
2019-09-24 09:48:24 0.999719 -0.0160367 -0.0168886 0 -0.0157088 -0.999679 0.0193736 0 -0.0171942 -0.0191032 -0.99967 0 -0.202017 -0.402896 0.444351 1 
2019-09-24 09:48:25 0.999719 -0.0160414 -0.0168908 0 -0.0157133 -0.999679 0.0193789 0 -0.0171966 -0.0191084 -0.99967 0 -0.202017 -0.402895 0.444353 1 
2019-09-24 09:48:25 0.999719 -0.0160416 -0.01689 0 -0.0157136 -0.999679 0.0193753 0 -0.0171957 -0.0191048 -0.99967 0 -0.202018 -0.402894 0.444352 1 
2019-09-24 09:48:25 0.999719 -0.0160385 -0.01689 0 -0.0157105 -0.999679 0.0193724 0 -0.0171956 -0.0191019 -0.99967 0 -0.202016 -0.402895 0.44435 1 
2019-09-24 09:48:25 0.999719 -0.0160386 -0.0168911 0 -0.0157106 -0.999679 0.0193741 0 -0.0171967 -0.0191037 -0.99967 0 -0.202018 -0.402894 0.444351 1 
2019-09-24 09:48:25 0.999719 -0.0160369 -0.0168935 0 -0.0157088 -0.999679 0.0193733 0 -0.0171991 -0.0191028 -0.99967 0 -0.202017 -0.402894 0.444351 1 
2019-09-24 09:48:25 0.999719 -0.0160368 -0.0168947 0 -0.0157087 -0.999679 0.0193778 0 -0.0172003 -0.0191073 -0.999669 0 -0.202016 -0.402895 0.444353 1 
2019-09-24 09:48:25 0.999719 -0.0160445 -0.0168887 0 -0.0157165 -0.999679 0.0193741 0 -0.0171945 -0.0191036 -0.99967 0 -0.202019 -0.402894 0.444351 1 
2019-09-24 09:48:25 0.999719 -0.0160413 -0.0168907 0 -0.0157132 -0.999679 0.0193797 0 -0.0171965 -0.0191092 -0.99967 0 -0.202018 -0.402895 0.444353 1 
2019-09-24 09:48:26 0.999719 -0.0160356 -0.0168888 0 -0.0157078 -0.999679 0.0193711 0 -0.0171943 -0.0191007 -0.99967 0 -0.202017 -0.402893 0.44435 1 
2019-09-24 09:48:26 0.999719 -0.0160326 -0.0168907 0 -0.0157046 -0.999679 0.0193751 0 -0.0171963 -0.0191047 -0.99967 0 -0.202016 -0.402896 0.444352 1 
2019-09-24 09:48:26 0.999719 -0.0160347 -0.0168921 0 -0.0157067 -0.999679 0.0193772 0 -0.0171977 -0.0191068 -0.99967 0 -0.202016 -0.402896 0.444353 1 
2019-09-24 09:48:26 0.999719 -0.0160611 -0.0168833 0 -0.0157333 -0.999679 0.0193682 0 -0.0171893 -0.0190975 -0.99967 0 -0.202026 -0.402888 0.444348 1 
2019-09-24 09:48:26 0.999723 -0.015747 -0.0169494 0 -0.0154172 -0.999683 0.0194155 0 -0.0172501 -0.0191492 -0.999668 0 -0.201897 -0.402956 0.444378 1 
2019-09-24 09:48:26 0.999719 -0.0160226 -0.0169017 0 -0.0156935 -0.999678 0.0194262 0 -0.0172079 -0.0191559 -0.999668 0 -0.202016 -0.4029 0.444373 1 
2019-09-24 09:48:26 0.999717 -0.0161522 -0.0169266 0 -0.0158215 -0.999675 0.0194899 0 -0.0172363 -0.019217 -0.999667 0 -0.202074 -0.402887 0.444399 1 
2019-09-24 09:48:26 0.99972 -0.0159959 -0.0168736 0 -0.0156692 -0.999681 0.019318 0 -0.0171776 -0.0190485 -0.999671 0 -0.202005 -0.402905 0.444325 1 
2019-09-24 09:48:26 0.999649 -0.0148857 -0.0214925 0 -0.0143724 -0.999603 0.023842 0 -0.0218393 -0.0235252 -0.999485 0 -0.202678 -0.404032 0.446399 1 
2019-09-24 09:48:27 0.999564 -0.011505 -0.0268328 0 -0.0106033 -0.999373 0.0335086 0 -0.027202 -0.0332101 -0.999078 0 -0.202352 -0.407015 0.451805 1 
2019-09-24 09:48:27 0.999554 -0.00864305 -0.0282624 0 -0.00770607 -0.999413 0.033095 0 -0.0285324 -0.032863 -0.999053 0 -0.20154 -0.410543 0.451521 1 
2019-09-24 09:48:27 0.999609 -0.0118851 -0.0249461 0 -0.0114378 -0.999763 0.0179989 0 -0.0251546 -0.0177069 -0.999527 0 -0.200379 -0.414822 0.442832 1 
2019-09-24 09:48:27 0.999458 -0.0217116 -0.0243397 0 -0.0214619 -0.999705 0.0104745 0 -0.0245604 -0.00994665 -0.999649 0 -0.199791 -0.423498 0.432538 1 
2019-09-24 09:48:27 0.999159 -0.0242007 -0.0327985 0 -0.0234755 -0.999466 0.0223184 0 -0.0333217 -0.0215301 -0.999213 0 -0.199403 -0.437928 0.424572 1 
2019-09-24 09:48:27 0.998796 -0.0216485 -0.0438011 0 -0.0199848 -0.999066 0.0380709 0 -0.0445852 -0.0371504 -0.998315 0 -0.198873 -0.454079 0.415983 1 
2019-09-24 09:48:27 0.998456 -0.0366629 -0.0415022 0 -0.0354163 -0.998901 0.0303832 0 -0.0425713 -0.028867 -0.998676 0 -0.197437 -0.46619 0.401959 1 
2019-09-24 09:48:27 0.998208 -0.0505699 -0.0316856 0 -0.0503631 -0.998695 0.00728948 0 -0.0320135 -0.00568074 -0.999471 0 -0.195998 -0.476275 0.384944 1 
2019-09-24 09:48:28 0.997323 -0.0656477 -0.0319105 0 -0.0657401 -0.997825 -0.00185298 0 -0.0317201 0.00394589 -0.999489 0 -0.197492 -0.49078 0.369715 1 
2019-09-24 09:48:28 0.995193 -0.0831812 -0.0514941 0 -0.0827257 -0.996503 0.0109168 0 -0.0522231 -0.00660459 -0.998614 0 -0.203937 -0.510313 0.356678 1 
2019-09-24 09:48:28 0.99384 -0.0978076 -0.0519187 0 -0.0977791 -0.995194 0.00309452 0 -0.0519729 0.00200115 -0.998646 0 -0.20812 -0.525854 0.340554 1 
2019-09-24 09:48:28 0.993955 -0.102416 -0.0392998 0 -0.103309 -0.994409 -0.021405 0 -0.0368886 0.0253361 -0.998998 0 -0.21145 -0.538048 0.32065 1 
2019-09-24 09:48:28 0.994597 -0.0995794 -0.0290085 0 -0.100823 -0.993871 -0.045128 0 -0.0243374 0.0478098 -0.99856 0 -0.215196 -0.549587 0.300269 1 
2019-09-24 09:48:28 0.995495 -0.0869373 -0.0375932 0 -0.0894636 -0.993392 -0.0717619 0 -0.0311066 0.0748032 -0.996713 0 -0.22218 -0.557754 0.277044 1 
2019-09-24 09:48:28 0.996023 -0.0760033 -0.0462928 0 -0.0791666 -0.994332 -0.070838 0 -0.0406473 0.0742226 -0.996413 0 -0.22805 -0.568291 0.252636 1 
2019-09-24 09:48:28 0.996087 -0.0751835 -0.0462377 0 -0.0771519 -0.996109 -0.0423693 0 -0.0428731 0.0457717 -0.998031 0 -0.23206 -0.580568 0.228244 1 
2019-09-24 09:48:29 0.996089 -0.0775069 -0.0422032 0 -0.0791229 -0.996128 -0.0380669 0 -0.0390901 0.0412581 -0.998384 0 -0.235715 -0.584949 0.202153 1 
2019-09-24 09:48:29 0.996323 -0.0778228 -0.0355528 0 -0.0799548 -0.994789 -0.0631031 0 -0.0304573 0.065715 -0.997373 0 -0.237963 -0.58227 0.175399 1 
2019-09-24 09:48:29 0.997242 -0.0463565 -0.0577923 0 -0.0508812 -0.99553 -0.0794499 0 -0.0538519 0.0821729 -0.995162 0 -0.242023 -0.582441 0.150975 1 
2019-09-24 09:48:29 0.997037 -0.0212459 -0.0738042 0 -0.0266679 -0.996946 -0.0732727 0 -0.0720234 0.0750252 -0.994577 0 -0.24496 -0.587434 0.128707 1 
2019-09-24 09:48:29 0.997152 -0.022527 -0.0718443 0 -0.0270013 -0.997706 -0.0619263 0 -0.0702858 0.063691 -0.995492 0 -0.247914 -0.591851 0.108365 1 
2019-09-24 09:48:29 0.997038 -0.0197339 -0.0741995 0 -0.023306 -0.998585 -0.0475887 0 -0.0731568 0.049178 -0.996107 0 -0.2508 -0.596528 0.0908354 1 
2019-09-24 09:48:29 0.996635 -0.0128134 -0.0808353 0 -0.0160236 -0.999094 -0.0391895 0 -0.0802615 0.0403537 -0.995957 0 -0.254543 -0.599924 0.07482 1 
2019-09-24 09:48:29 0.996508 -0.00447946 -0.0832641 0 -0.00791791 -0.999118 -0.0410111 0 -0.0830086 0.041528 -0.995683 0 -0.257989 -0.601924 0.0606244 1 
2019-09-24 09:48:29 0.996505 0.0163095 -0.0818044 0 0.0125063 -0.998817 -0.0467894 0 -0.0824724 0.0456037 -0.995549 0 -0.25859 -0.604807 0.0518366 1 
2019-09-24 09:48:30 0.996529 0.0209394 -0.0804505 0 0.0171154 -0.998694 -0.0479307 0 -0.0813507 0.0463883 -0.995605 0 -0.259277 -0.607455 0.046448 1 
2019-09-24 09:48:30 0.996709 0.0214927 -0.0780442 0 0.0174521 -0.99848 -0.0520908 0 -0.0790467 0.0505583 -0.995588 0 -0.258537 -0.607024 0.0421915 1 
2019-09-24 09:48:30 0.996903 0.00789352 -0.0781154 0 0.00383683 -0.998633 -0.051946 0 -0.0784202 0.0514864 -0.99559 0 -0.258619 -0.606667 0.0414874 1 
2019-09-24 09:48:30 0.996905 0.00178788 -0.0784769 0 -0.00226162 -0.998662 -0.0514815 0 -0.0784654 0.0515006 -0.995586 0 -0.258678 -0.606713 0.0413795 1 
2019-09-24 09:48:30 0.996966 0.00299017 -0.0776627 0 -0.00103149 -0.998653 -0.0516916 0 -0.0777141 0.0516159 -0.995639 0 -0.257844 -0.607321 0.0400069 1 
2019-09-24 09:48:30 0.996912 -0.00879151 -0.0779048 0 -0.0126898 -0.998675 -0.0496855 0 -0.0773662 0.0505217 -0.995722 0 -0.258188 -0.609359 0.0377487 1 
2019-09-24 09:48:30 0.996872 -0.0146757 -0.0775379 0 -0.0184459 -0.998661 -0.0481331 0 -0.0767291 0.0494137 -0.995827 0 -0.258035 -0.611249 0.0357987 1 
2019-09-24 09:48:30 0.996909 -0.0152377 -0.076954 0 -0.018952 -0.998669 -0.0477687 0 -0.0761251 0.0490804 -0.99589 0 -0.257121 -0.611957 0.0352503 1 
2019-09-24 09:48:31 0.996862 -0.0131686 -0.0779312 0 -0.0169819 -0.99867 -0.0484727 0 -0.0771908 0.049645 -0.99578 0 -0.258038 -0.611548 0.0352233 1 
2019-09-24 09:48:31 0.996965 -0.00231268 -0.0776907 0 -0.00619981 -0.998729 -0.0498291 0 -0.0774781 0.0501605 -0.995731 0 -0.258576 -0.611168 0.0351027 1 
2019-09-24 09:48:31 0.996972 0.00547742 -0.07745 0 0.00152438 -0.998688 -0.0510067 0 -0.0776292 0.0507351 -0.995691 0 -0.25901 -0.610724 0.0350288 1 
2019-09-24 09:48:31 0.996986 0.00526937 -0.0772771 0 0.00127428 -0.998654 -0.0516562 0 -0.0774468 0.051403 -0.99567 0 -0.259182 -0.610218 0.0349472 1 
2019-09-24 09:48:31 0.997013 0.0052689 -0.0769291 0 0.0012153 -0.998603 -0.0526443 0 -0.0771005 0.0523945 -0.995646 0 -0.258882 -0.609489 0.0350335 1 
2019-09-24 09:48:31 0.997048 0.00465857 -0.0765151 0 0.00032863 -0.998393 -0.0565042 0 -0.0766569 0.0563133 -0.995466 0 -0.258987 -0.60704 0.0344467 1 
2019-09-24 09:48:31 0.997042 0.00396148 -0.076625 0 -0.000529763 -0.998277 -0.0585038 0 -0.0767262 0.0583725 -0.995342 0 -0.259246 -0.60536 0.0347379 1 
2019-09-24 09:48:31 0.997037 0.00476179 -0.0766484 0 0.000288359 -0.998291 -0.0582679 0 -0.0767964 0.0580743 -0.995354 0 -0.258875 -0.605682 0.0347633 1 
2019-09-24 09:48:31 0.997036 0.00463971 -0.0766685 0 0.000168872 -0.998294 -0.0582172 0 -0.0768093 0.0580328 -0.995355 0 -0.258955 -0.605689 0.0347603 1 
2019-09-24 09:48:32 0.997031 0.00453785 -0.0767365 0 0.000105308 -0.998326 -0.0576682 0 -0.0768712 0.05749 -0.995382 0 -0.258952 -0.606009 0.0348789 1 
2019-09-24 09:48:32 0.997053 0.000151276 -0.0765878 0 -0.004156 -0.998408 -0.0560766 0 -0.0764759 0.0562308 -0.995485 0 -0.258432 -0.606951 0.0348867 1 
2019-09-24 09:48:32 0.997029 -0.0108843 -0.0761322 0 -0.0150498 -0.998399 -0.0543559 0 -0.0754201 0.0553413 -0.995615 0 -0.258328 -0.607472 0.034797 1 
2019-09-24 09:48:32 0.99666 -0.0292959 -0.0760977 0 -0.033365 -0.99804 -0.0527613 0 -0.0744043 0.0551252 -0.995703 0 -0.257881 -0.6076 0.0347266 1 
2019-09-24 09:48:32 0.996578 -0.0299849 -0.0769 0 -0.0339251 -0.99814 -0.0504539 0 -0.0752456 0.0528911 -0.995761 0 -0.258647 -0.608976 0.034963 1 
2019-09-24 09:48:32 0.996512 -0.031717 -0.0770562 0 -0.0356486 -0.998093 -0.0501936 0 -0.0753187 0.0527665 -0.995762 0 -0.258933 -0.609023 0.0349404 1 
2019-09-24 09:48:32 0.996521 -0.0299356 -0.0776535 0 -0.033949 -0.998118 -0.0508885 0 -0.0759854 0.0533488 -0.995681 0 -0.259173 -0.608727 0.034857 1 
2019-09-24 09:48:32 0.996765 -0.020965 -0.0774642 0 -0.0250648 -0.998305 -0.0523372 0 -0.0762371 0.0541105 -0.99562 0 -0.2594 -0.608329 0.0346358 1 
2019-09-24 09:48:33 0.996959 -0.00961357 -0.0772044 0 -0.0138928 -0.998376 -0.0550825 0 -0.0765509 0.0559887 -0.995492 0 -0.259433 -0.607186 0.0343439 1 
2019-09-24 09:48:33 0.997086 -0.00191603 -0.0761338 0 -0.00626652 -0.998348 -0.0569444 0 -0.0759004 0.0572567 -0.99547 0 -0.258683 -0.606254 0.0345445 1 
2019-09-24 09:48:33 0.997173 -0.000683904 -0.0750067 0 -0.00502314 -0.998313 -0.0576774 0 -0.0748422 0.0578922 -0.995514 0 -0.257594 -0.605929 0.0344888 1 
2019-09-24 09:48:33 0.997202 -0.00131343 -0.0746126 0 -0.00555656 -0.998367 -0.0566892 0 -0.0744177 0.0569463 -0.9956 0 -0.257637 -0.606514 0.0344426 1 
2019-09-24 09:48:33 0.997092 -0.0165677 -0.0742505 0 -0.0206144 -0.998315 -0.0540697 0 -0.0732309 0.0554442 -0.995773 0 -0.256539 -0.607684 0.0343631 1 
2019-09-24 09:48:33 0.996687 -0.0324372 -0.0744592 0 -0.0365336 -0.997845 -0.0543281 0 -0.0725379 0.0568694 -0.995743 0 -0.257256 -0.607331 0.0327497 1 
2019-09-24 09:48:33 0.996705 -0.0314562 -0.0746402 0 -0.035563 -0.997879 -0.0543454 0 -0.0727738 0.0568218 -0.995729 0 -0.257351 -0.607468 0.0325658 1 
2019-09-24 09:48:33 0.996724 -0.0311661 -0.0745048 0 -0.0352675 -0.997888 -0.0543818 0 -0.0726539 0.0568323 -0.995737 0 -0.257118 -0.607539 0.0325127 1 
2019-09-24 09:48:34 0.99679 -0.0282444 -0.0747908 0 -0.0323907 -0.997961 -0.054819 0 -0.0730913 0.0570667 -0.995691 0 -0.256951 -0.607746 0.0321123 1 
2019-09-24 09:48:34 0.997094 -0.0229541 -0.0725022 0 -0.0272664 -0.997872 -0.0590602 0 -0.0709936 0.0608666 -0.995618 0 -0.257036 -0.607592 0.0272457 1 
2019-09-24 09:48:34 0.997332 -0.0234188 -0.068998 0 -0.0279415 -0.997463 -0.0653293 0 -0.0672943 0.0670842 -0.995475 0 -0.256771 -0.60747 0.0183141 1 
2019-09-24 09:48:34 0.997395 -0.0243102 -0.0677733 0 -0.0289327 -0.997251 -0.0680792 0 -0.0659332 0.069864 -0.995375 0 -0.257289 -0.607069 0.0145569 1 
2019-09-24 09:48:34 0.997391 -0.0249501 -0.0675975 0 -0.0294221 -0.997377 -0.0659887 0 -0.065775 0.0678067 -0.995528 0 -0.25767 -0.606898 0.0120926 1 
2019-09-24 09:48:34 0.997429 -0.0249402 -0.0670378 0 -0.0291629 -0.997592 -0.0627671 0 -0.0653123 0.0645619 -0.995774 0 -0.257507 -0.606726 0.00796432 1 
2019-09-24 09:48:34 0.997248 -0.0281583 -0.0684395 0 -0.0315526 -0.998289 -0.0490307 0 -0.066943 0.0510562 -0.99645 0 -0.258232 -0.607702 0.00458546 1 
2019-09-24 09:48:34 0.997165 -0.0316107 -0.0681464 0 -0.0347993 -0.99832 -0.0461219 0 -0.0665752 0.0483635 -0.996609 0 -0.258095 -0.607582 0.00418301 1 
2019-09-24 09:48:34 0.997163 -0.0321187 -0.0679398 0 -0.0353339 -0.998276 -0.0466636 0 -0.0663251 0.0489327 -0.996597 0 -0.25801 -0.607313 0.00393208 1 
2019-09-24 09:48:35 0.996989 -0.0370532 -0.0679745 0 -0.0402762 -0.998088 -0.046672 0 -0.0661164 0.0492702 -0.996595 0 -0.257951 -0.607105 0.00378866 1 
2019-09-24 09:48:35 0.996451 -0.0487846 -0.0684503 0 -0.0519741 -0.997597 -0.0456143 0 -0.0660618 0.049011 -0.996611 0 -0.258006 -0.607166 0.00392894 1 
2019-09-24 09:48:35 0.995182 -0.0696117 -0.068906 0 -0.0727138 -0.996391 -0.0435819 0 -0.0656247 0.0483833 -0.996671 0 -0.25836 -0.60713 0.00393944 1 
2019-09-24 09:48:35 0.994336 -0.0809239 -0.0687636 0 -0.0839655 -0.99555 -0.0425529 0 -0.0650153 0.0480865 -0.996725 0 -0.258621 -0.607081 0.00397086 1 
2019-09-24 09:48:35 0.993961 -0.0861131 -0.0678749 0 -0.088984 -0.995201 -0.0404671 0 -0.0640657 0.0462633 -0.996873 0 -0.259647 -0.606946 0.00392696 1 
2019-09-24 09:48:35 0.994068 -0.0860997 -0.0663118 0 -0.0888346 -0.995255 -0.0394579 0 -0.062601 0.0451154 -0.997018 0 -0.259141 -0.607005 0.00372001 1 
2019-09-24 09:48:35 0.994157 -0.0845468 -0.0669666 0 -0.0868316 -0.9957 -0.0319715 0 -0.0639768 0.0376002 -0.997243 0 -0.258286 -0.607365 0.00346224 1 
2019-09-24 09:48:35 0.994241 -0.0809139 -0.0701353 0 -0.0821737 -0.996491 -0.015263 0 -0.0686555 0.0209387 -0.997421 0 -0.258681 -0.60857 0.00329058 1 
2019-09-24 09:48:36 0.994177 -0.0816976 -0.0701239 0 -0.0827938 -0.996474 -0.0128659 0 -0.0688268 0.0185972 -0.997455 0 -0.258988 -0.608694 0.00327543 1 
2019-09-24 09:48:36 0.993186 -0.0948666 -0.0675518 0 -0.0958712 -0.995314 -0.011781 0 -0.0661189 0.0181773 -0.997646 0 -0.259533 -0.608342 0.00324128 1 
2019-09-24 09:48:36 0.990007 -0.124693 -0.0657188 0 -0.125717 -0.991988 -0.0116706 0 -0.0637383 0.0198164 -0.99777 0 -0.25984 -0.607729 0.00320966 1 
2019-09-24 09:48:36 0.98778 -0.141219 -0.0657921 0 -0.142226 -0.989765 -0.0108632 0 -0.0635858 0.0200882 -0.997774 0 -0.259799 -0.607498 0.003237 1 
2019-09-24 09:48:36 0.980933 -0.182712 -0.0660903 0 -0.18363 -0.982953 -0.00804104 0 -0.0634957 0.0200243 -0.997781 0 -0.260185 -0.607363 0.00326735 1 
2019-09-24 09:48:36 0.973914 -0.216962 -0.0663264 0 -0.217807 -0.975965 -0.00570112 0 -0.0634966 0.0199992 -0.997782 0 -0.260191 -0.607373 0.00327346 1 
2019-09-24 09:48:36 0.96291 -0.261456 -0.066523 0 -0.262206 -0.964998 -0.00264672 0 -0.0635038 0.0199917 -0.997781 0 -0.260287 -0.607341 0.00327952 1 
2019-09-24 09:48:36 0.946282 -0.316388 -0.0665536 0 -0.317021 -0.948408 0.00110507 0 -0.0634708 0.0200536 -0.997782 0 -0.260306 -0.607296 0.00327346 1 
2019-09-24 09:48:37 0.92262 -0.379938 -0.0663312 0 -0.38045 -0.924776 0.00523701 0 -0.0633325 0.0204043 -0.997784 0 -0.260527 -0.606977 0.00325994 1 
2019-09-24 09:48:37 0.89089 -0.449394 -0.0658891 0 -0.449839 -0.893056 0.00875905 0 -0.0627802 0.0218366 -0.997788 0 -0.261169 -0.605655 0.00328413 1 
2019-09-24 09:48:37 0.849942 -0.522858 -0.0647983 0 -0.523194 -0.852103 0.0130259 0 -0.0620267 0.0228312 -0.997813 0 -0.261871 -0.60453 0.00333248 1 
2019-09-24 09:48:37 0.797791 -0.599719 -0.0620191 0 -0.599898 -0.799867 0.0177722 0 -0.0602665 0.023027 -0.997917 0 -0.262176 -0.60418 0.00332147 1 
2019-09-24 09:48:37 0.737361 -0.673101 -0.0567018 0 -0.673118 -0.739205 0.0216643 0 -0.0564976 0.022193 -0.998156 0 -0.261794 -0.604235 0.00327966 1 
2019-09-24 09:48:37 0.671572 -0.739125 -0.0516321 0 -0.739018 -0.673212 0.0248772 0 -0.0531477 0.0214506 -0.998356 0 -0.261329 -0.604337 0.00323842 1 
2019-09-24 09:48:37 0.60169 -0.797381 -0.0461933 0 -0.797227 -0.603094 0.0262358 0 -0.0487798 0.0210411 -0.998588 0 -0.261297 -0.604053 0.00318021 1 
2019-09-24 09:48:37 0.541439 -0.83976 -0.0403483 0 -0.839613 -0.542569 0.0254954 0 -0.0433026 0.0200732 -0.99886 0 -0.260767 -0.603821 0.00314954 1 
2019-09-24 09:48:37 0.492761 -0.869324 -0.0379942 0 -0.869149 -0.49382 0.0265102 0 -0.041809 0.0199598 -0.998926 0 -0.260176 -0.60377 0.00315489 1 
2019-09-24 09:48:38 0.450731 -0.891929 -0.0358438 0 -0.891727 -0.451727 0.0273101 0 -0.0405511 0.0196538 -0.998984 0 -0.259124 -0.604047 0.00314271 1 
2019-09-24 09:48:38 0.407908 -0.912374 -0.0341266 0 -0.912153 -0.408861 0.0281184 0 -0.0396083 0.0196593 -0.999022 0 -0.258333 -0.604072 0.00316424 1 
2019-09-24 09:48:38 0.358038 -0.933181 -0.0310297 0 -0.932956 -0.35888 0.0279105 0 -0.0371822 0.0189567 -0.999129 0 -0.257275 -0.604375 0.00317631 1 
2019-09-24 09:48:38 0.304273 -0.952134 -0.0289837 0 -0.95189 -0.305067 0.0286486 0 -0.03612 0.0188726 -0.999169 0 -0.257387 -0.604112 0.0032134 1 
2019-09-24 09:48:38 0.246735 -0.968714 -0.0263674 0 -0.968423 -0.247475 0.0298838 0 -0.0354748 0.0181618 -0.999206 0 -0.257251 -0.604285 0.00322914 1 
2019-09-24 09:48:38 0.186822 -0.982104 -0.0234399 0 -0.981809 -0.187475 0.0297392 0 -0.033602 0.0174579 -0.999283 0 -0.257007 -0.604416 0.00318854 1 
2019-09-24 09:48:38 0.127584 -0.991596 -0.0209728 0 -0.991289 -0.128178 0.029944 0 -0.0323813 0.01697 -0.999332 0 -0.256874 -0.6045 0.00318757 1 
2019-09-24 09:48:38 0.0732536 -0.997134 -0.0184092 0 -0.996805 -0.0737879 0.0302491 0 -0.0315214 0.0161349 -0.999373 0 -0.256776 -0.604739 0.00316265 1 
2019-09-24 09:48:39 0.0234095 -0.999629 -0.0132249 0 -0.999264 -0.0237949 0.0297775 0 -0.0300818 0.0125183 -0.999469 0 -0.256198 -0.606365 0.00302946 1 
2019-09-24 09:48:39 -0.0236024 -0.999676 -0.00840095 0 -0.999353 0.0233679 0.0269936 0 -0.0267891 0.0090328 -0.9996 0 -0.255119 -0.608424 0.00286565 1 
2019-09-24 09:48:39 -0.0379391 -0.999243 -0.00745192 0 -0.998938 0.0377331 0.0260747 0 -0.0257743 0.00843342 -0.999632 0 -0.255009 -0.608659 0.00285175 1 
2019-09-24 09:48:39 -0.0464389 -0.998886 -0.00707953 0 -0.998596 0.0462448 0.025476 0 -0.0251207 0.00825283 -0.99965 0 -0.254939 -0.608674 0.00284007 1 
2019-09-24 09:48:39 -0.0543818 -0.998488 -0.00667014 0 -0.998201 0.0541973 0.0252748 0 -0.0248756 0.00803278 -0.999658 0 -0.254925 -0.608715 0.00284346 1 
2019-09-24 09:48:39 -0.0538927 -0.998515 -0.00664293 0 -0.998224 0.0537082 0.0253794 0 -0.0249854 0.00799905 -0.999656 0 -0.254867 -0.608755 0.00283568 1 
2019-09-24 09:48:39 -0.0512294 -0.998655 -0.00669756 0 -0.998364 0.0510443 0.025385 0 -0.0250095 0.00798722 -0.999655 0 -0.254872 -0.608768 0.00283604 1 
2019-09-24 09:48:39 -0.0513893 -0.998647 -0.00670692 0 -0.998357 0.051204 0.0253587 0 -0.0249814 0.00799921 -0.999656 0 -0.254908 -0.608747 0.00283343 1 
2019-09-24 09:48:39 -0.0513296 -0.99865 -0.00670348 0 -0.99836 0.0511445 0.0253506 0 -0.024974 0.00799388 -0.999656 0 -0.254867 -0.608766 0.00283048 1 
2019-09-24 09:48:40 -0.0513047 -0.998651 -0.00669136 0 -0.998361 0.0511201 0.0253356 0 -0.0249599 0.00798039 -0.999657 0 -0.25483 -0.608783 0.0028324 1 
2019-09-24 09:48:40 -0.0513146 -0.99865 -0.00669569 0 -0.998361 0.0511299 0.025331 0 -0.024955 0.00798472 -0.999657 0 -0.254803 -0.608792 0.00282794 1 
2019-09-24 09:48:40 -0.0512999 -0.998651 -0.00668223 0 -0.998362 0.0511155 0.0253405 0 -0.0249652 0.0079714 -0.999657 0 -0.254804 -0.608798 0.00283279 1 
2019-09-24 09:48:40 -0.0513094 -0.998651 -0.00664955 0 -0.998359 0.051125 0.0254289 0 -0.0250551 0.00794353 -0.999655 0 -0.254879 -0.608797 0.00285582 1 
2019-09-24 09:48:40 -0.0512534 -0.998654 -0.00663481 0 -0.99836 0.0510688 0.0255086 0 -0.025136 0.00793149 -0.999653 0 -0.254917 -0.608799 0.00288924 1 
2019-09-24 09:48:40 -0.0512069 -0.998656 -0.00667024 0 -0.998361 0.0510212 0.0255374 0 -0.0251632 0.00796715 -0.999652 0 -0.254921 -0.608786 0.00288333 1 
2019-09-24 09:48:40 -0.0512045 -0.998656 -0.0066639 0 -0.998361 0.0510189 0.0255503 0 -0.0251765 0.00796142 -0.999651 0 -0.254926 -0.608789 0.0028891 1 
2019-09-24 09:48:40 -0.0512038 -0.998656 -0.00667145 0 -0.998361 0.051018 0.0255486 0 -0.0251743 0.00796885 -0.999651 0 -0.254925 -0.608786 0.00288579 1 
2019-09-24 09:48:41 -0.0512031 -0.998656 -0.0066653 0 -0.998361 0.0510174 0.0255582 0 -0.0251843 0.00796319 -0.999651 0 -0.254931 -0.608788 0.00289019 1 
2019-09-24 09:48:41 -0.051202 -0.998656 -0.00667438 0 -0.998361 0.0510161 0.0255501 0 -0.0251757 0.00797181 -0.999651 0 -0.254925 -0.608785 0.00288479 1 
2019-09-24 09:48:41 -0.0512058 -0.998656 -0.00666818 0 -0.998361 0.05102 0.0255553 0 -0.0251813 0.00796599 -0.999651 0 -0.25493 -0.608786 0.00288965 1 
2019-09-24 09:48:41 -0.0512107 -0.998656 -0.00667236 0 -0.998361 0.0510248 0.0255552 0 -0.0251809 0.00797028 -0.999651 0 -0.254931 -0.608784 0.00288651 1 
2019-09-24 09:48:41 -0.0512035 -0.998656 -0.00666589 0 -0.998361 0.0510177 0.0255582 0 -0.0251842 0.00796379 -0.999651 0 -0.254931 -0.608787 0.00288961 1 
2019-09-24 09:48:41 -0.0512053 -0.998656 -0.0066742 0 -0.998361 0.0510194 0.0255541 0 -0.0251798 0.00797192 -0.999651 0 -0.254929 -0.608784 0.00288539 1 
2019-09-24 09:48:41 -0.0512018 -0.998656 -0.00666506 0 -0.998361 0.0510161 0.0255547 0 -0.0251808 0.00796274 -0.999651 0 -0.254929 -0.608788 0.00288891 1 
2019-09-24 09:48:41 -0.0512038 -0.998656 -0.00666787 0 -0.998361 0.0510181 0.025555 0 -0.025181 0.00796561 -0.999651 0 -0.254929 -0.608787 0.0028886 1 
2019-09-24 09:48:42 -0.0512052 -0.998656 -0.0066678 0 -0.998361 0.0510194 0.0255563 0 -0.0251823 0.00796564 -0.999651 0 -0.254929 -0.608787 0.00288831 1 
2019-09-24 09:48:42 -0.0512071 -0.998656 -0.00666652 0 -0.998361 0.0510213 0.0255588 0 -0.0251848 0.00796454 -0.999651 0 -0.254932 -0.608786 0.00289028 1 
2019-09-24 09:48:42 -0.0512084 -0.998656 -0.00666804 0 -0.998361 0.0510226 0.02556 0 -0.0251859 0.00796615 -0.999651 0 -0.254933 -0.608785 0.002889 1 
2019-09-24 09:48:42 -0.0512088 -0.998656 -0.0066675 0 -0.998361 0.051023 0.0255567 0 -0.0251827 0.00796545 -0.999651 0 -0.25493 -0.608786 0.00288807 1 
2019-09-24 09:48:42 -0.0511994 -0.998657 -0.0066666 0 -0.998361 0.0510137 0.0255555 0 -0.0251816 0.00796425 -0.999651 0 -0.254928 -0.608788 0.00288999 1 
2019-09-24 09:48:42 -0.0512071 -0.998656 -0.00666593 0 -0.998361 0.0510213 0.0255585 0 -0.0251845 0.00796393 -0.999651 0 -0.254932 -0.608787 0.00289062 1 
2019-09-24 09:48:42 -0.0512068 -0.998656 -0.0066687 0 -0.998361 0.051021 0.025556 0 -0.0251819 0.00796656 -0.999651 0 -0.254928 -0.608787 0.00288941 1 
2019-09-24 09:48:42 -0.0512121 -0.998656 -0.00666667 0 -0.998361 0.0510264 0.0255596 0 -0.0251855 0.00796485 -0.999651 0 -0.254934 -0.608785 0.00289168 1 
2019-09-24 09:48:42 -0.0512011 -0.998656 -0.00666886 0 -0.998361 0.0510153 0.0255594 0 -0.0251853 0.00796675 -0.999651 0 -0.254932 -0.608786 0.00288896 1 
2019-09-24 09:48:43 -0.0512082 -0.998656 -0.00666454 0 -0.998361 0.0510225 0.0255625 0 -0.0251886 0.00796278 -0.999651 0 -0.254934 -0.608786 0.00289059 1 
2019-09-24 09:48:43 -0.0512028 -0.998656 -0.00666321 0 -0.998361 0.0510171 0.0255621 0 -0.0251883 0.00796129 -0.999651 0 -0.254934 -0.608787 0.00289109 1 
2019-09-24 09:48:43 -0.051209 -0.998656 -0.00666663 0 -0.998361 0.0510232 0.0255593 0 -0.0251853 0.00796472 -0.999651 0 -0.254933 -0.608786 0.00288923 1 
2019-09-24 09:48:43 -0.0512029 -0.998656 -0.00666157 0 -0.998361 0.0510173 0.0255615 0 -0.0251878 0.00795963 -0.999651 0 -0.25493 -0.608789 0.0028921 1 
2019-09-24 09:48:43 -0.0512095 -0.998656 -0.00666836 0 -0.998361 0.0510237 0.0255606 0 -0.0251865 0.00796653 -0.999651 0 -0.254934 -0.608784 0.00288857 1 
2019-09-24 09:48:43 -0.0512139 -0.998656 -0.00666554 0 -0.99836 0.0510281 0.0255632 0 -0.0251892 0.00796395 -0.999651 0 -0.254936 -0.608786 0.0028908 1 
2019-09-24 09:48:43 -0.051208 -0.998656 -0.00666183 0 -0.998361 0.0510223 0.0255623 0 -0.0251885 0.00796006 -0.999651 0 -0.254933 -0.608788 0.00289197 1 
2019-09-24 09:48:43 -0.0512047 -0.998656 -0.00666546 0 -0.998361 0.0510189 0.0255628 0 -0.0251889 0.00796362 -0.999651 0 -0.254934 -0.608786 0.00289032 1 
2019-09-24 09:48:44 -0.0512016 -0.998656 -0.00666254 0 -0.998361 0.0510159 0.0255629 0 -0.0251891 0.00796063 -0.999651 0 -0.254933 -0.608787 0.00289197 1 
