2019-09-24 09:49:22 0.99975 -0.0161183 -0.014832 0 -0.0158636 -0.999718 0.0171305 0 -0.0151042 -0.0168913 -0.999743 0 -0.201566 -0.402456 0.442952 1 
2019-09-24 09:49:22 0.999751 -0.0161116 -0.0148334 0 -0.0158569 -0.999718 0.01713 0 -0.0151055 -0.0168908 -0.999743 0 -0.201564 -0.402457 0.442951 1 
2019-09-24 09:49:23 0.999751 -0.016111 -0.0148335 0 -0.0158564 -0.999718 0.0171304 0 -0.0151056 -0.0168913 -0.999743 0 -0.201563 -0.402458 0.442952 1 
2019-09-24 09:49:23 0.99975 -0.016119 -0.0148323 0 -0.0158643 -0.999718 0.0171311 0 -0.0151046 -0.0168918 -0.999743 0 -0.201567 -0.402456 0.442952 1 
2019-09-24 09:49:23 0.999751 -0.016113 -0.014834 0 -0.0158582 -0.999718 0.0171317 0 -0.0151061 -0.0168925 -0.999743 0 -0.201563 -0.402458 0.442952 1 
2019-09-24 09:49:23 0.99975 -0.0161176 -0.014834 0 -0.0158629 -0.999718 0.0171302 0 -0.0151062 -0.0168909 -0.999743 0 -0.201565 -0.402456 0.442952 1 
2019-09-24 09:49:23 0.99975 -0.0161162 -0.0148318 0 -0.0158615 -0.999718 0.0171331 0 -0.0151041 -0.0168938 -0.999743 0 -0.201565 -0.402457 0.442952 1 
2019-09-24 09:49:23 0.999751 -0.0161136 -0.0148335 0 -0.0158589 -0.999718 0.0171313 0 -0.0151056 -0.0168921 -0.999743 0 -0.201565 -0.402458 0.442952 1 
2019-09-24 09:49:23 0.99975 -0.0161165 -0.0148328 0 -0.0158618 -0.999718 0.0171305 0 -0.0151049 -0.0168912 -0.999743 0 -0.201565 -0.402456 0.442952 1 
2019-09-24 09:49:23 0.99975 -0.0161179 -0.0148319 0 -0.0158632 -0.999718 0.0171299 0 -0.0151041 -0.0168907 -0.999743 0 -0.201565 -0.402456 0.442951 1 
2019-09-24 09:49:24 0.99975 -0.0161181 -0.0148319 0 -0.0158634 -0.999718 0.0171301 0 -0.0151041 -0.0168908 -0.999743 0 -0.201567 -0.402456 0.442951 1 
2019-09-24 09:49:24 0.999751 -0.016112 -0.0148345 0 -0.0158573 -0.999718 0.017134 0 -0.0151066 -0.0168948 -0.999743 0 -0.201565 -0.402457 0.442953 1 
2019-09-24 09:49:24 0.99975 -0.0161224 -0.0148317 0 -0.0158677 -0.999718 0.0171313 0 -0.0151041 -0.016892 -0.999743 0 -0.201567 -0.402456 0.442952 1 
2019-09-24 09:49:24 0.999751 -0.0161137 -0.0148307 0 -0.0158591 -0.999718 0.0171259 0 -0.0151027 -0.0168868 -0.999743 0 -0.201564 -0.402458 0.442949 1 
2019-09-24 09:49:24 0.99975 -0.0161151 -0.0148328 0 -0.0158604 -0.999718 0.0171304 0 -0.0151049 -0.0168912 -0.999743 0 -0.201565 -0.402456 0.442952 1 
2019-09-24 09:49:24 0.999751 -0.0161146 -0.0148303 0 -0.01586 -0.999718 0.0171296 0 -0.0151025 -0.0168905 -0.999743 0 -0.201564 -0.402457 0.44295 1 
2019-09-24 09:49:24 0.999751 -0.0161147 -0.0148317 0 -0.01586 -0.999718 0.0171309 0 -0.0151039 -0.0168917 -0.999743 0 -0.201567 -0.402456 0.442952 1 
2019-09-24 09:49:24 0.99975 -0.0161125 -0.0148354 0 -0.0158577 -0.999718 0.0171332 0 -0.0151076 -0.016894 -0.999743 0 -0.201565 -0.402457 0.442953 1 
2019-09-24 09:49:24 0.99975 -0.0161215 -0.0148335 0 -0.0158668 -0.999718 0.0171323 0 -0.0151058 -0.016893 -0.999743 0 -0.201567 -0.402456 0.442952 1 
2019-09-24 09:49:25 0.999751 -0.0161122 -0.014832 0 -0.0158575 -0.999718 0.0171289 0 -0.0151041 -0.0168898 -0.999743 0 -0.201565 -0.402456 0.442951 1 
2019-09-24 09:49:25 0.999751 -0.0161103 -0.0148337 0 -0.0158557 -0.999718 0.0171263 0 -0.0151057 -0.0168872 -0.999743 0 -0.201562 -0.402458 0.44295 1 
2019-09-24 09:49:25 0.99975 -0.0161176 -0.0148328 0 -0.0158628 -0.999718 0.0171335 0 -0.0151051 -0.0168942 -0.999743 0 -0.201567 -0.402455 0.442952 1 
2019-09-24 09:49:25 0.99975 -0.016117 -0.014834 0 -0.0158623 -0.999718 0.0171315 0 -0.0151062 -0.0168923 -0.999743 0 -0.201567 -0.402456 0.442952 1 
2019-09-24 09:49:25 0.999751 -0.0161141 -0.0148307 0 -0.0158595 -0.999718 0.0171313 0 -0.0151029 -0.0168921 -0.999743 0 -0.201565 -0.402457 0.442951 1 
2019-09-24 09:49:25 0.999751 -0.0161118 -0.0148283 0 -0.0158572 -0.999718 0.0171279 0 -0.0151003 -0.0168888 -0.999743 0 -0.201564 -0.402456 0.442949 1 
2019-09-24 09:49:25 0.99975 -0.0161205 -0.0148402 0 -0.0158654 -0.999717 0.0171473 0 -0.0151127 -0.0169079 -0.999743 0 -0.201567 -0.402456 0.44296 1 
2019-09-24 09:49:25 0.999751 -0.016102 -0.0148406 0 -0.015847 -0.999718 0.0171411 0 -0.0151127 -0.016902 -0.999743 0 -0.201556 -0.402459 0.442957 1 
2019-09-24 09:49:26 0.999749 -0.0161956 -0.0148474 0 -0.0159396 -0.999715 0.0172042 0 -0.0151221 -0.0169635 -0.999742 0 -0.201599 -0.402451 0.442982 1 
2019-09-24 09:49:26 0.999748 -0.0163144 -0.0148144 0 -0.0160595 -0.999714 0.0171632 0 -0.0150905 -0.0169212 -0.999743 0 -0.201644 -0.402424 0.442958 1 
2019-09-24 09:49:26 0.99975 -0.0161798 -0.0147719 0 -0.0159277 -0.999719 0.0170285 0 -0.0150436 -0.0167893 -0.999746 0 -0.201585 -0.40244 0.442899 1 
2019-09-24 09:49:26 0.999751 -0.0161374 -0.0147908 0 -0.0158844 -0.999719 0.0170607 0 -0.0150623 -0.0168218 -0.999745 0 -0.201569 -0.402451 0.442916 1 
2019-09-24 09:49:26 0.999746 -0.01563 -0.0156366 0 -0.0153346 -0.999695 0.0188354 0 -0.0159265 -0.0185912 -0.9997 0 -0.201479 -0.402811 0.443506 1 
2019-09-24 09:49:26 0.999704 -0.0119867 -0.0206996 0 -0.0113909 -0.999515 0.0286625 0 -0.0210335 -0.0284188 -0.999375 0 -0.200781 -0.4054 0.448599 1 
2019-09-24 09:49:26 0.999654 -0.00787088 -0.0247057 0 -0.00706791 -0.99944 0.0324219 0 -0.0249475 -0.0322367 -0.999169 0 -0.197688 -0.408458 0.451124 1 
2019-09-24 09:49:26 0.99959 -0.0175996 -0.0221323 0 -0.0171593 -0.999645 0.019928 0 -0.0224756 -0.0195404 -0.999556 0 -0.193639 -0.4107 0.445262 1 
2019-09-24 09:49:26 0.999234 -0.0351358 -0.0166373 0 -0.0351447 -0.999373 -0.000242949 0 -0.0166186 0.000827492 -0.999862 0 -0.189664 -0.413914 0.435098 1 
2019-09-24 09:49:27 0.999465 -0.0296565 -0.0130463 0 -0.0298996 -0.999365 -0.0188512 0 -0.0124792 0.0192316 -0.999737 0 -0.185583 -0.420283 0.42372 1 
2019-09-24 09:49:27 0.999199 -0.0367121 -0.0153372 0 -0.037087 -0.998992 -0.0249169 0 -0.0144073 0.0254662 -0.999572 0 -0.180949 -0.430924 0.411756 1 
2019-09-24 09:49:27 0.99732 -0.06781 -0.0271224 0 -0.0678663 -0.997684 -0.00116135 0 -0.0269814 0.00299899 -0.999631 0 -0.177946 -0.447447 0.401797 1 
2019-09-24 09:49:27 0.996414 -0.0765226 -0.0358348 0 -0.0756513 -0.996809 0.0250731 0 -0.0376398 -0.0222727 -0.999043 0 -0.176269 -0.462966 0.392449 1 
2019-09-24 09:49:27 0.996376 -0.0766049 -0.0367176 0 -0.0753472 -0.996551 0.0344932 0 -0.0392341 -0.0316023 -0.99873 0 -0.175742 -0.475574 0.379472 1 
2019-09-24 09:49:27 0.995237 -0.0933432 -0.0277853 0 -0.0927888 -0.995463 0.0206157 0 -0.0295841 -0.0179397 -0.999401 0 -0.175876 -0.486673 0.361295 1 
2019-09-24 09:49:27 0.992383 -0.122296 -0.0141745 0 -0.122396 -0.99245 -0.00648131 0 -0.0132751 0.008167 -0.999879 0 -0.176631 -0.499614 0.34182 1 
2019-09-24 09:49:27 0.99016 -0.139856 -0.00188281 0 -0.139859 -0.989843 -0.0251226 0 0.0016499 0.0251392 -0.999683 0 -0.180256 -0.516895 0.324348 1 
2019-09-24 09:49:28 0.987537 -0.157176 0.00682481 0 -0.156937 -0.987221 -0.0273248 0 0.0110326 0.0259137 -0.999603 0 -0.190665 -0.537522 0.30847 1 
2019-09-24 09:49:28 0.986766 -0.161336 0.0156429 0 -0.160482 -0.985973 -0.0456432 0 0.0227878 0.0425296 -0.998835 0 -0.199668 -0.553016 0.288456 1 
2019-09-24 09:49:28 0.989309 -0.145664 0.00554945 0 -0.144778 -0.986303 -0.0789112 0 0.0169682 0.0772656 -0.996866 0 -0.206967 -0.561724 0.263625 1 
2019-09-24 09:49:28 0.993721 -0.0920405 -0.0634598 0 -0.0996232 -0.986611 -0.129051 0 -0.0507332 0.134565 -0.989605 0 -0.224563 -0.561333 0.238295 1 
2019-09-24 09:49:28 0.993049 -0.0557547 -0.103567 0 -0.071937 -0.984522 -0.159754 0 -0.0930585 0.166097 -0.981709 0 -0.237511 -0.561691 0.213802 1 
2019-09-24 09:49:28 0.993535 -0.0499378 -0.101861 0 -0.0621367 -0.990777 -0.120337 0 -0.094914 0.125891 -0.987493 0 -0.242935 -0.573458 0.186587 1 
2019-09-24 09:49:28 0.994284 -0.0368438 -0.100114 0 -0.0448682 -0.995845 -0.0791199 0 -0.0967851 0.0831612 -0.991825 0 -0.249402 -0.583681 0.156213 1 
2019-09-24 09:49:28 0.995629 -0.0252704 -0.0898094 0 -0.031836 -0.996855 -0.0724414 0 -0.087698 0.0749853 -0.993321 0 -0.250429 -0.585855 0.123729 1 
2019-09-24 09:49:28 0.995831 -0.0240472 -0.0878835 0 -0.0272718 -0.998982 -0.0356776 0 -0.0869377 0.0379263 -0.995492 0 -0.25237 -0.593775 0.0972206 1 
2019-09-24 09:49:29 0.996103 -0.0259356 -0.0841783 0 -0.0272516 -0.999513 -0.0145211 0 -0.0837623 0.0167588 -0.996345 0 -0.254347 -0.598967 0.076023 1 
2019-09-24 09:49:29 0.996675 -0.0284496 -0.0762216 0 -0.0304731 -0.9992 -0.0255165 0 -0.0754362 0.0277549 -0.996764 0 -0.25537 -0.600895 0.0599546 1 
2019-09-24 09:49:29 0.996582 -0.0322303 -0.075941 0 -0.0339139 -0.999195 -0.0209848 0 -0.0752049 0.023489 -0.996891 0 -0.259677 -0.608075 0.0525714 1 
2019-09-24 09:49:29 0.996535 -0.0364292 -0.0746384 0 -0.0380216 -0.999067 -0.0200252 0 -0.0738407 0.0227941 -0.99701 0 -0.262887 -0.611801 0.0471003 1 
2019-09-24 09:49:29 0.997003 -0.0355848 -0.0685486 0 -0.0375566 -0.998901 -0.0276939 0 -0.067489 0.0301859 -0.997263 0 -0.260335 -0.610248 0.0407385 1 
2019-09-24 09:49:29 0.997344 -0.0322096 -0.0651809 0 -0.0342479 -0.998941 -0.0303975 0 -0.0641341 0.0325497 -0.99741 0 -0.257421 -0.610312 0.0384823 1 
2019-09-24 09:49:29 0.997698 -0.0224094 -0.063854 0 -0.0247057 -0.999058 -0.0354014 0 -0.0630017 0.0368982 -0.997331 0 -0.257404 -0.608522 0.0368453 1 
2019-09-24 09:49:29 0.997953 -0.015825 -0.0618009 0 -0.0183326 -0.999013 -0.0402201 0 -0.0611046 0.0412715 -0.997278 0 -0.256428 -0.606564 0.0348931 1 
2019-09-24 09:49:30 0.997928 -0.0165114 -0.0620271 0 -0.0191071 -0.998947 -0.04149 0 -0.0612778 0.0425901 -0.997212 0 -0.256978 -0.605869 0.0342124 1 
2019-09-24 09:49:30 0.997781 -0.0153408 -0.064648 0 -0.0178744 -0.999078 -0.0387959 0 -0.0639944 0.0398661 -0.997154 0 -0.259206 -0.606395 0.0351146 1 
2019-09-24 09:49:30 0.997591 -0.0169675 -0.0671193 0 -0.0192728 -0.999231 -0.0338487 0 -0.0664947 0.0350614 -0.997171 0 -0.260971 -0.608534 0.0371146 1 
2019-09-24 09:49:30 0.997733 -0.018203 -0.0646354 0 -0.0206011 -0.999107 -0.036631 0 -0.0639121 0.0378802 -0.997236 0 -0.259364 -0.608196 0.0344807 1 
2019-09-24 09:49:30 0.997493 -0.0268046 -0.0653388 0 -0.0288849 -0.999089 -0.0311047 0 -0.0644468 0.0329147 -0.997378 0 -0.258323 -0.610836 0.0349664 1 
2019-09-24 09:49:30 0.997526 -0.0260905 -0.0651265 0 -0.0281882 -0.999097 -0.0315006 0 -0.064247 0.0332591 -0.99738 0 -0.257985 -0.611107 0.0344969 1 
2019-09-24 09:49:30 0.997613 -0.0235169 -0.0647717 0 -0.0256444 -0.999142 -0.0322115 0 -0.0639599 0.0337963 -0.99738 0 -0.256034 -0.611653 0.0345221 1 
2019-09-24 09:49:30 0.997072 -0.0398976 -0.065089 0 -0.0420448 -0.998595 -0.031958 0 -0.0637237 0.0346018 -0.997368 0 -0.255442 -0.611311 0.0345894 1 
2019-09-24 09:49:31 0.997149 -0.0375061 -0.0653333 0 -0.039764 -0.998634 -0.0336088 0 -0.0639848 0.0361116 -0.997297 0 -0.255126 -0.610339 0.0346769 1 
2019-09-24 09:49:31 0.996981 -0.0410966 -0.0657331 0 -0.0434377 -0.998447 -0.0345917 0 -0.0642106 0.0373432 -0.997237 0 -0.256884 -0.60898 0.0346707 1 
2019-09-24 09:49:31 0.997082 -0.0399536 -0.0648918 0 -0.042354 -0.998443 -0.0360456 0 -0.0633518 0.0386896 -0.997241 0 -0.255499 -0.608795 0.03384 1 
2019-09-24 09:49:31 0.996623 -0.0502094 -0.0648188 0 -0.052574 -0.997983 -0.035304 0 -0.0629167 0.0385933 -0.997272 0 -0.256057 -0.608649 0.0337956 1 
2019-09-24 09:49:31 0.996 -0.0608947 -0.0652491 0 -0.0632415 -0.997391 -0.034525 0 -0.0629777 0.0385141 -0.997272 0 -0.256125 -0.608671 0.0338275 1 
2019-09-24 09:49:31 0.996334 -0.0534661 -0.0666446 0 -0.0559208 -0.997793 -0.0355263 0 -0.0645994 0.0391236 -0.997144 0 -0.257108 -0.608297 0.0337248 1 
2019-09-24 09:49:31 0.997839 0.00418979 -0.065429 0 0.00166434 -0.999244 -0.0386048 0 -0.0655425 0.0384132 -0.99711 0 -0.257226 -0.608824 0.0338636 1 
2019-09-24 09:49:31 0.997845 0.00471811 -0.0653033 0 0.00229311 -0.999297 -0.0371593 0 -0.0654339 0.0369302 -0.997173 0 -0.256348 -0.609856 0.0343193 1 
2019-09-24 09:49:31 0.997837 0.00366447 -0.0654931 0 0.00120614 -0.999285 -0.0375355 0 -0.0655851 0.037376 -0.997147 0 -0.257176 -0.609534 0.0339724 1 
2019-09-24 09:49:32 0.998103 -0.00594296 -0.0611138 0 -0.00842552 -0.999137 -0.0404444 0 -0.0608219 0.0408834 -0.997311 0 -0.257407 -0.607993 0.0307931 1 
2019-09-24 09:49:32 0.998112 -0.0108984 -0.0602795 0 -0.0134045 -0.999046 -0.0413277 0 -0.0597728 0.0420585 -0.997326 0 -0.257659 -0.607896 0.0281261 1 
2019-09-24 09:49:32 0.998164 -0.0109676 -0.0594011 0 -0.0135308 -0.998977 -0.0429208 0 -0.0588707 0.0436466 -0.997311 0 -0.257721 -0.607852 0.0259366 1 
2019-09-24 09:49:32 0.998199 -0.0113454 -0.0587412 0 -0.0139194 -0.998943 -0.0435967 0 -0.0581856 0.0443367 -0.997321 0 -0.257917 -0.608022 0.0240984 1 
2019-09-24 09:49:32 0.998085 -0.0128921 -0.0603404 0 -0.0149113 -0.99933 -0.0331337 0 -0.0598739 0.0339706 -0.997628 0 -0.25841 -0.60982 0.0226331 1 
2019-09-24 09:49:32 0.998143 -0.0157045 -0.0586875 0 -0.0177389 -0.999244 -0.0343052 0 -0.0581055 0.0352832 -0.997687 0 -0.258041 -0.608801 0.0186161 1 
2019-09-24 09:49:32 0.998251 -0.0160664 -0.0567221 0 -0.0181566 -0.999158 -0.0365285 0 -0.0560885 0.0374953 -0.997721 0 -0.257661 -0.607839 0.0133516 1 
2019-09-24 09:49:32 0.998161 -0.0209011 -0.056725 0 -0.0226285 -0.999285 -0.0299835 0 -0.0560588 0.0312126 -0.997939 0 -0.257793 -0.608166 0.00852688 1 
2019-09-24 09:49:33 0.998138 -0.0222386 -0.05662 0 -0.0235827 -0.999443 -0.0231814 0 -0.056074 0.0244739 -0.998127 0 -0.25779 -0.60853 0.00418356 1 
2019-09-24 09:49:33 0.998107 -0.0237065 -0.0565828 0 -0.0250102 -0.999426 -0.0224434 0 -0.0560193 0.0238165 -0.998146 0 -0.258248 -0.608403 0.0035165 1 
2019-09-24 09:49:33 0.998105 -0.0239047 -0.0565271 0 -0.0252145 -0.999418 -0.0225726 0 -0.0559556 0.0239556 -0.998146 0 -0.258326 -0.608312 0.00343415 1 
2019-09-24 09:49:33 0.997332 -0.04571 -0.0567411 0 -0.0469829 -0.998659 -0.0213045 0 -0.0556923 0.023914 -0.998162 0 -0.258211 -0.608331 0.00337411 1 
2019-09-24 09:49:33 0.994909 -0.082464 -0.0577666 0 -0.0834607 -0.996388 -0.0150539 0 -0.0563176 0.0197989 -0.998217 0 -0.258082 -0.609273 0.00326289 1 
2019-09-24 09:49:33 0.990722 -0.122888 -0.05787 0 -0.123741 -0.99224 -0.011381 0 -0.0560234 0.0184366 -0.998259 0 -0.257978 -0.610012 0.0032039 1 
2019-09-24 09:49:33 0.979729 -0.1918 -0.0576567 0 -0.192562 -0.981243 -0.00791397 0 -0.0550584 0.0188564 -0.998305 0 -0.257928 -0.609571 0.00318593 1 
2019-09-24 09:49:33 0.966912 -0.248401 -0.057955 0 -0.249105 -0.968453 -0.00514814 0 -0.054849 0.0194151 -0.998306 0 -0.257871 -0.609193 0.00316138 1 
2019-09-24 09:49:34 0.949576 -0.308111 -0.0579191 0 -0.308763 -0.951126 -0.00244986 0 -0.0543345 0.02021 -0.998318 0 -0.257575 -0.608693 0.00314321 1 
2019-09-24 09:49:34 0.928407 -0.367027 -0.0577286 0 -0.367667 -0.929947 -0.000511767 0 -0.0534977 0.0217005 -0.998332 0 -0.257085 -0.608064 0.00313641 1 
2019-09-24 09:49:34 0.896515 -0.439491 -0.0555778 0 -0.440069 -0.897951 0.00203888 0 -0.0508032 0.0226306 -0.998452 0 -0.256005 -0.60752 0.00311963 1 
2019-09-24 09:49:34 0.856576 -0.513142 -0.0542495 0 -0.513644 -0.857976 0.00531731 0 -0.0492743 0.0233107 -0.998513 0 -0.255017 -0.607058 0.003124 1 
2019-09-24 09:49:34 0.816178 -0.575398 -0.052445 0 -0.575818 -0.817524 0.00823156 0 -0.0476124 0.0234808 -0.99859 0 -0.253822 -0.60726 0.003122 1 
2019-09-24 09:49:34 0.778347 -0.625764 -0.0507458 0 -0.626161 -0.779622 0.0096196 0 -0.045583 0.0242881 -0.998665 0 -0.252939 -0.606792 0.00315571 1 
2019-09-24 09:49:34 0.732544 -0.678928 -0.0491683 0 -0.679292 -0.733766 0.0114442 0 -0.0438487 0.0250167 -0.998725 0 -0.252123 -0.606427 0.00317938 1 
2019-09-24 09:49:34 0.682006 -0.729788 -0.0475218 0 -0.730081 -0.6832 0.0141341 0 -0.0427826 0.0250557 -0.99877 0 -0.252481 -0.606079 0.0031983 1 
2019-09-24 09:49:34 0.620629 -0.782807 -0.0448718 0 -0.783021 -0.621756 0.0167132 0 -0.0409833 0.0247633 -0.998853 0 -0.253255 -0.605682 0.00318726 1 
2019-09-24 09:49:35 0.54482 -0.83754 -0.0409625 0 -0.837706 -0.545808 0.0179907 0 -0.0374264 0.0245133 -0.998999 0 -0.254073 -0.605084 0.00317492 1 
2019-09-24 09:49:35 0.468312 -0.882746 -0.0377358 0 -0.882869 -0.469202 0.019293 0 -0.0347372 0.0242811 -0.999101 0 -0.254762 -0.60444 0.00317748 1 
2019-09-24 09:49:35 0.411638 -0.910612 -0.0363445 0 -0.9107 -0.412514 0.0209516 0 -0.0340721 0.0244749 -0.99912 0 -0.255245 -0.603982 0.00318373 1 
2019-09-24 09:49:35 0.345532 -0.937822 -0.0328452 0 -0.937895 -0.34628 0.020574 0 -0.030669 0.0236969 -0.999249 0 -0.25554 -0.603707 0.00318655 1 
2019-09-24 09:49:35 0.274717 -0.961089 -0.0286153 0 -0.961163 -0.2753 0.01888 0 -0.0260237 0.0223177 -0.999412 0 -0.255761 -0.603585 0.00317804 1 
2019-09-24 09:49:35 0.209035 -0.977538 -0.0265442 0 -0.977555 -0.209604 0.0208294 0 -0.0259258 0.0215947 -0.999431 0 -0.255843 -0.6038 0.0031625 1 
2019-09-24 09:49:35 0.148424 -0.988606 -0.0246963 0 -0.988577 -0.148979 0.0223769 0 -0.0258017 0.0210934 -0.999445 0 -0.255767 -0.604026 0.00312395 1 
2019-09-24 09:49:35 0.0870248 -0.995939 -0.0226421 0 -0.995862 -0.0875623 0.0239413 0 -0.0258272 0.0204653 -0.999457 0 -0.255822 -0.604276 0.00309362 1 
2019-09-24 09:49:36 0.0334968 -0.999266 -0.01808 0 -0.999108 -0.0339392 0.0247407 0 -0.0253366 0.0172355 -0.99953 0 -0.255279 -0.605857 0.00294214 1 
2019-09-24 09:49:36 -0.0288458 -0.999491 -0.0129058 0 -0.999293 0.0285292 0.0240796 0 -0.0236996 0.0135915 -0.999627 0 -0.254208 -0.608389 0.00281492 1 
2019-09-24 09:49:36 -0.0358794 -0.999268 -0.0125026 0 -0.999066 0.0355702 0.024133 0 -0.0236711 0.0133571 -0.999631 0 -0.254366 -0.608491 0.00280415 1 
2019-09-24 09:49:36 -0.0479359 -0.998768 -0.0120464 0 -0.998572 0.04764 0.0237583 0 -0.0231556 0.0131683 -0.999645 0 -0.2543 -0.60852 0.00280477 1 
2019-09-24 09:49:36 -0.0480077 -0.998765 -0.0120197 0 -0.998569 0.0477123 0.0237611 0 -0.0231588 0.0131434 -0.999645 0 -0.254341 -0.608517 0.00280516 1 
2019-09-24 09:49:36 -0.0479238 -0.998769 -0.0120157 0 -0.998573 0.0476288 0.0237458 0 -0.0231448 0.0131368 -0.999646 0 -0.254327 -0.608524 0.00280329 1 
2019-09-24 09:49:36 -0.0468472 -0.99882 -0.012045 0 -0.998624 0.0465517 0.023746 0 -0.0231577 0.0131411 -0.999645 0 -0.254311 -0.608533 0.0028086 1 
2019-09-24 09:49:36 -0.0468602 -0.998819 -0.0120433 0 -0.998623 0.0465647 0.0237449 0 -0.0231565 0.0131397 -0.999646 0 -0.254319 -0.608531 0.00280942 1 
2019-09-24 09:49:36 -0.0468753 -0.998819 -0.0120412 0 -0.998623 0.0465799 0.0237425 0 -0.023154 0.0131378 -0.999646 0 -0.254328 -0.608528 0.00280952 1 
2019-09-24 09:49:37 -0.0469037 -0.998817 -0.0120413 0 -0.998621 0.0466082 0.023742 0 -0.0231532 0.0131386 -0.999646 0 -0.254339 -0.608522 0.00280806 1 
2019-09-24 09:49:37 -0.0469209 -0.998817 -0.0120283 0 -0.998621 0.046626 0.0237196 0 -0.0231311 0.0131249 -0.999646 0 -0.254325 -0.60853 0.00281102 1 
2019-09-24 09:49:37 -0.0468676 -0.998819 -0.0120176 0 -0.998624 0.0465733 0.0237003 0 -0.023113 0.0131121 -0.999647 0 -0.254293 -0.608545 0.0028104 1 
2019-09-24 09:49:37 -0.0468203 -0.998822 -0.0120045 0 -0.998625 0.0465255 0.023763 0 -0.0231769 0.0131008 -0.999646 0 -0.254322 -0.60855 0.00282564 1 
2019-09-24 09:49:37 -0.0467819 -0.998823 -0.0120098 0 -0.998626 0.0464864 0.0238054 0 -0.0232195 0.0131073 -0.999644 0 -0.254345 -0.608548 0.00283939 1 
2019-09-24 09:49:37 -0.046757 -0.998824 -0.0120352 0 -0.998626 0.0464605 0.0238337 0 -0.023247 0.0131333 -0.999643 0 -0.254356 -0.608537 0.00283806 1 
2019-09-24 09:49:37 -0.0467513 -0.998824 -0.0120283 0 -0.998626 0.0464549 0.02384 0 -0.0232536 0.0131266 -0.999643 0 -0.25436 -0.608539 0.00284106 1 
2019-09-24 09:49:37 -0.0467529 -0.998824 -0.012034 0 -0.998626 0.0464564 0.0238392 0 -0.0232526 0.0131322 -0.999643 0 -0.254358 -0.608537 0.00283912 1 
2019-09-24 09:49:38 -0.0467465 -0.998825 -0.0120295 0 -0.998626 0.0464501 0.0238395 0 -0.0232532 0.0131277 -0.999643 0 -0.254358 -0.608539 0.00284155 1 
2019-09-24 09:49:38 -0.0467401 -0.998825 -0.0120274 0 -0.998627 0.0464438 0.0238385 0 -0.0232524 0.0131254 -0.999643 0 -0.254355 -0.608541 0.00284271 1 
2019-09-24 09:49:38 -0.0467468 -0.998825 -0.012028 0 -0.998626 0.0464504 0.0238408 0 -0.0232545 0.0131262 -0.999643 0 -0.254359 -0.608539 0.00284129 1 
2019-09-24 09:49:38 -0.0467468 -0.998825 -0.0120266 0 -0.998626 0.0464505 0.0238388 0 -0.0232526 0.0131247 -0.999643 0 -0.254356 -0.608541 0.00284277 1 
2019-09-24 09:49:38 -0.0467483 -0.998825 -0.0120322 0 -0.998626 0.0464518 0.0238411 0 -0.0232546 0.0131305 -0.999643 0 -0.25436 -0.608538 0.0028407 1 
2019-09-24 09:49:38 -0.0467481 -0.998825 -0.0120309 0 -0.998626 0.0464516 0.023842 0 -0.0232555 0.0131292 -0.999643 0 -0.254363 -0.608537 0.00284115 1 
2019-09-24 09:49:38 -0.0467518 -0.998825 -0.012026 0 -0.998626 0.0464554 0.0238421 0 -0.0232559 0.0131244 -0.999643 0 -0.254361 -0.608539 0.00284337 1 
2019-09-24 09:49:38 -0.0467516 -0.998824 -0.0120281 0 -0.998626 0.0464552 0.0238411 0 -0.0232548 0.0131264 -0.999643 0 -0.254361 -0.608538 0.00284211 1 
2019-09-24 09:49:39 -0.0467548 -0.998824 -0.0120275 0 -0.998626 0.0464584 0.0238467 0 -0.0232603 0.0131262 -0.999643 0 -0.254364 -0.608538 0.00284357 1 
2019-09-24 09:49:39 -0.0467491 -0.998825 -0.0120265 0 -0.998626 0.0464527 0.0238442 0 -0.023258 0.0131249 -0.999643 0 -0.254362 -0.60854 0.00284293 1 
2019-09-24 09:49:39 -0.0467482 -0.998825 -0.0120298 0 -0.998626 0.0464517 0.0238464 0 -0.02326 0.0131283 -0.999643 0 -0.254362 -0.608538 0.00284246 1 
2019-09-24 09:49:39 -0.0467529 -0.998824 -0.0120317 0 -0.998626 0.0464564 0.0238422 0 -0.0232557 0.0131301 -0.999643 0 -0.254362 -0.608536 0.0028399 1 
2019-09-24 09:49:39 -0.0467515 -0.998824 -0.0120304 0 -0.998626 0.046455 0.023843 0 -0.0232565 0.0131289 -0.999643 0 -0.254361 -0.608538 0.00284038 1 
2019-09-24 09:49:39 -0.046753 -0.998824 -0.0120238 0 -0.998626 0.0464567 0.0238446 0 -0.0232585 0.0131223 -0.999643 0 -0.254363 -0.608539 0.0028445 1 
2019-09-24 09:49:39 -0.0467486 -0.998825 -0.0120179 0 -0.998626 0.0464524 0.0238502 0 -0.0232643 0.0131166 -0.999643 0 -0.254364 -0.608542 0.00284823 1 
2019-09-24 09:49:39 -0.0467549 -0.998824 -0.0120267 0 -0.998626 0.0464584 0.0238467 0 -0.0232604 0.0131254 -0.999643 0 -0.254363 -0.608539 0.00284284 1 
2019-09-24 09:49:39 -0.0467606 -0.998824 -0.0120255 0 -0.998626 0.0464642 0.0238459 0 -0.0232596 0.0131242 -0.999643 0 -0.254367 -0.608538 0.00284403 1 
2019-09-24 09:49:40 -0.046749 -0.998825 -0.0120278 0 -0.998626 0.0464525 0.0238483 0 -0.023262 0.0131264 -0.999643 0 -0.254364 -0.608538 0.00284377 1 
2019-09-24 09:49:40 -0.0467531 -0.998824 -0.0120251 0 -0.998626 0.0464568 0.0238467 0 -0.0232605 0.0131238 -0.999643 0 -0.254364 -0.608539 0.00284392 1 
2019-09-24 09:49:40 -0.0467611 -0.998824 -0.0120231 0 -0.998626 0.0464648 0.0238461 0 -0.0232599 0.0131219 -0.999643 0 -0.254365 -0.608539 0.00284502 1 
2019-09-24 09:49:40 -0.0467559 -0.998824 -0.0120305 0 -0.998626 0.0464594 0.0238474 0 -0.0232609 0.0131292 -0.999643 0 -0.254365 -0.608536 0.00284189 1 
2019-09-24 09:49:40 -0.0467518 -0.998825 -0.012026 0 -0.998626 0.0464554 0.0238431 0 -0.0232568 0.0131244 -0.999643 0 -0.254361 -0.608538 0.00284332 1 
2019-09-24 09:49:40 -0.0467485 -0.998825 -0.0120269 0 -0.998626 0.046452 0.0238457 0 -0.0232595 0.0131254 -0.999643 0 -0.254362 -0.608539 0.00284301 1 
2019-09-24 09:49:40 -0.0467583 -0.998824 -0.0120257 0 -0.998626 0.0464619 0.0238466 0 -0.0232603 0.0131244 -0.999643 0 -0.254364 -0.608538 0.00284477 1 
2019-09-24 09:49:40 -0.046753 -0.998824 -0.0120311 0 -0.998626 0.0464565 0.023846 0 -0.0232595 0.0131297 -0.999643 0 -0.254363 -0.608538 0.00284194 1 
2019-09-24 09:49:41 -0.0467579 -0.998824 -0.0120268 0 -0.998626 0.0464615 0.0238458 0 -0.0232594 0.0131255 -0.999643 0 -0.254364 -0.608538 0.00284368 1 
