2019-09-24 09:46:17 0.999713 -0.0164696 -0.0168159 0 -0.016145 -0.999674 0.0192615 0 -0.017128 -0.0189849 -0.999673 0 -0.2022 -0.402789 0.444325 1 
2019-09-24 09:46:17 0.999713 -0.0164742 -0.0168157 0 -0.0161495 -0.999674 0.0192631 0 -0.0171279 -0.0189864 -0.999673 0 -0.2022 -0.40279 0.444325 1 
2019-09-24 09:46:17 0.999713 -0.016469 -0.0168149 0 -0.0161443 -0.999675 0.0192611 0 -0.017127 -0.0189845 -0.999673 0 -0.202198 -0.40279 0.444324 1 
2019-09-24 09:46:17 0.999713 -0.01647 -0.0168183 0 -0.0161452 -0.999674 0.019265 0 -0.0171304 -0.0189883 -0.999673 0 -0.2022 -0.40279 0.444326 1 
2019-09-24 09:46:17 0.999713 -0.016468 -0.0168148 0 -0.0161434 -0.999675 0.0192609 0 -0.0171268 -0.0189843 -0.999673 0 -0.202197 -0.40279 0.444324 1 
2019-09-24 09:46:18 0.999713 -0.0164752 -0.0168169 0 -0.0161506 -0.999674 0.019261 0 -0.0171291 -0.0189842 -0.999673 0 -0.2022 -0.402789 0.444325 1 
2019-09-24 09:46:18 0.999713 -0.0164673 -0.0168166 0 -0.0161427 -0.999675 0.019262 0 -0.0171286 -0.0189854 -0.999673 0 -0.202198 -0.402791 0.444325 1 
2019-09-24 09:46:18 0.999713 -0.0164718 -0.0168156 0 -0.0161472 -0.999674 0.0192617 0 -0.0171278 -0.018985 -0.999673 0 -0.2022 -0.40279 0.444325 1 
2019-09-24 09:46:18 0.999713 -0.0164641 -0.0168188 0 -0.0161393 -0.999675 0.0192651 0 -0.0171308 -0.0189885 -0.999673 0 -0.202199 -0.402791 0.444326 1 
2019-09-24 09:46:18 0.999713 -0.0164693 -0.0168185 0 -0.0161445 -0.999674 0.0192658 0 -0.0171307 -0.0189891 -0.999673 0 -0.202199 -0.40279 0.444327 1 
2019-09-24 09:46:18 0.999713 -0.0164729 -0.0168178 0 -0.0161481 -0.999674 0.0192655 0 -0.01713 -0.0189888 -0.999673 0 -0.202199 -0.402789 0.444327 1 
2019-09-24 09:46:18 0.999713 -0.0164709 -0.0168221 0 -0.0161461 -0.999674 0.0192681 0 -0.0171343 -0.0189913 -0.999673 0 -0.2022 -0.40279 0.444327 1 
2019-09-24 09:46:18 0.999713 -0.0164667 -0.0168222 0 -0.0161418 -0.999674 0.0192663 0 -0.0171343 -0.0189896 -0.999673 0 -0.202199 -0.40279 0.444328 1 
2019-09-24 09:46:18 0.999713 -0.0164688 -0.0168172 0 -0.0161442 -0.999675 0.0192606 0 -0.0171292 -0.018984 -0.999673 0 -0.202199 -0.40279 0.444325 1 
2019-09-24 09:46:19 0.999713 -0.016471 -0.0168209 0 -0.0161463 -0.999674 0.0192633 0 -0.0171331 -0.0189866 -0.999673 0 -0.202199 -0.402791 0.444327 1 
2019-09-24 09:46:19 0.999713 -0.0164743 -0.0168173 0 -0.0161496 -0.999674 0.0192657 0 -0.0171295 -0.0189889 -0.999673 0 -0.202202 -0.402789 0.444327 1 
2019-09-24 09:46:19 0.999713 -0.0164682 -0.016823 0 -0.0161433 -0.999674 0.0192671 0 -0.0171351 -0.0189904 -0.999673 0 -0.2022 -0.40279 0.444328 1 
2019-09-24 09:46:19 0.999713 -0.0164696 -0.0168208 0 -0.0161448 -0.999674 0.0192661 0 -0.017133 -0.0189893 -0.999673 0 -0.202198 -0.40279 0.444328 1 
2019-09-24 09:46:19 0.999713 -0.016475 -0.0168224 0 -0.0161501 -0.999674 0.0192686 0 -0.0171347 -0.0189917 -0.999673 0 -0.2022 -0.40279 0.444329 1 
2019-09-24 09:46:19 0.999713 -0.0164673 -0.0168189 0 -0.0161426 -0.999674 0.0192635 0 -0.017131 -0.0189869 -0.999673 0 -0.202201 -0.40279 0.444327 1 
2019-09-24 09:46:19 0.999713 -0.0164796 -0.0168174 0 -0.0161548 -0.999674 0.0192689 0 -0.0171298 -0.0189921 -0.999673 0 -0.202201 -0.40279 0.444327 1 
2019-09-24 09:46:19 0.999713 -0.0164724 -0.0168212 0 -0.0161476 -0.999674 0.019265 0 -0.0171334 -0.0189882 -0.999673 0 -0.202201 -0.40279 0.444327 1 
2019-09-24 09:46:20 0.999713 -0.0164727 -0.016825 0 -0.0161478 -0.999674 0.0192713 0 -0.0171373 -0.0189944 -0.999673 0 -0.202199 -0.402791 0.44433 1 
2019-09-24 09:46:20 0.999713 -0.0164652 -0.0168206 0 -0.0161404 -0.999674 0.0192649 0 -0.0171326 -0.0189883 -0.999673 0 -0.202199 -0.40279 0.444327 1 
2019-09-24 09:46:20 0.999713 -0.016469 -0.0168233 0 -0.0161442 -0.999674 0.0192637 0 -0.0171354 -0.018987 -0.999673 0 -0.202199 -0.40279 0.444326 1 
2019-09-24 09:46:20 0.999713 -0.016468 -0.0168199 0 -0.0161432 -0.999674 0.0192681 0 -0.017132 -0.0189914 -0.999673 0 -0.202199 -0.40279 0.444327 1 
2019-09-24 09:46:20 0.999713 -0.0164678 -0.0168219 0 -0.016143 -0.999675 0.0192624 0 -0.017134 -0.0189857 -0.999673 0 -0.202199 -0.40279 0.444326 1 
2019-09-24 09:46:20 0.999713 -0.0164753 -0.0168202 0 -0.0161505 -0.999674 0.019267 0 -0.0171325 -0.0189901 -0.999673 0 -0.202202 -0.402789 0.444328 1 
2019-09-24 09:46:20 0.999713 -0.0164591 -0.0168204 0 -0.0161344 -0.999675 0.0192647 0 -0.0171323 -0.0189882 -0.999673 0 -0.202195 -0.402792 0.444327 1 
2019-09-24 09:46:20 0.999712 -0.0165612 -0.016833 0 -0.016235 -0.999672 0.0193302 0 -0.017148 -0.0190517 -0.999671 0 -0.202243 -0.402777 0.444352 1 
2019-09-24 09:46:20 0.999709 -0.0166653 -0.0168566 0 -0.0163371 -0.999668 0.0194212 0 -0.017175 -0.0191405 -0.999669 0 -0.202279 -0.402753 0.444393 1 
2019-09-24 09:46:21 0.999655 -0.0177558 -0.0188255 0 -0.0173381 -0.999595 0.0221247 0 -0.0192111 -0.0217911 -0.999578 0 -0.203187 -0.402973 0.445216 1 
2019-09-24 09:46:21 0.999324 -0.0229674 -0.0283777 0 -0.0217638 -0.99887 0.0420185 0 -0.0293112 -0.0413733 -0.998714 0 -0.206755 -0.404955 0.455495 1 
2019-09-24 09:46:21 0.998652 -0.0322711 -0.0404226 0 -0.0294102 -0.997141 0.0694733 0 -0.0425499 -0.0681921 -0.996764 0 -0.210129 -0.405977 0.47011 1 
2019-09-24 09:46:21 0.997446 -0.055776 -0.0443879 0 -0.0519412 -0.99516 0.0832996 0 -0.0488201 -0.0807829 -0.995535 0 -0.212251 -0.404595 0.47691 1 
2019-09-24 09:46:21 0.994582 -0.0962913 -0.0389282 0 -0.0929921 -0.992506 0.0791545 0 -0.0462593 -0.0751071 -0.996102 0 -0.214144 -0.403692 0.474099 1 
2019-09-24 09:46:21 0.983802 -0.177134 -0.0271541 0 -0.175143 -0.982481 0.0635352 0 -0.0379334 -0.0577514 -0.99761 0 -0.213447 -0.404544 0.464992 1 
2019-09-24 09:46:21 0.960749 -0.276774 -0.0183946 0 -0.275826 -0.960268 0.0422701 0 -0.0293636 -0.0355379 -0.998937 0 -0.209368 -0.407664 0.45373 1 
2019-09-24 09:46:21 0.931616 -0.363023 -0.0169279 0 -0.362484 -0.931551 0.0282633 0 -0.02603 -0.0201948 -0.999457 0 -0.204522 -0.414288 0.444723 1 
2019-09-24 09:46:22 0.894166 -0.447329 -0.0185765 0 -0.446823 -0.894234 0.0259931 0 -0.0282397 -0.014942 -0.999489 0 -0.200701 -0.424445 0.434543 1 
2019-09-24 09:46:22 0.842845 -0.537919 -0.0153442 0 -0.536755 -0.842381 0.0476371 0 -0.0385513 -0.0319152 -0.998747 0 -0.200446 -0.440482 0.423262 1 
2019-09-24 09:46:22 0.779856 -0.625941 -0.00190207 0 -0.623828 -0.777466 0.0797843 0 -0.05142 -0.0610349 -0.99681 0 -0.202687 -0.45939 0.410671 1 
2019-09-24 09:46:22 0.705288 -0.708667 0.0184554 0 -0.706406 -0.700376 0.102205 0 -0.059505 -0.0851228 -0.994592 0 -0.206303 -0.477542 0.394319 1 
2019-09-24 09:46:22 0.624406 -0.780266 0.0358226 0 -0.778852 -0.618497 0.104077 0 -0.0590527 -0.0928886 -0.993924 0 -0.207608 -0.493248 0.373414 1 
2019-09-24 09:46:22 0.536365 -0.842375 0.0519334 0 -0.842197 -0.530229 0.0976858 0 -0.0547526 -0.0961352 -0.993861 0 -0.206033 -0.509061 0.349255 1 
2019-09-24 09:46:22 0.453496 -0.88792 0.0769402 0 -0.889628 -0.445779 0.0991138 0 -0.0537079 -0.113398 -0.992097 0 -0.204186 -0.528962 0.324874 1 
2019-09-24 09:46:22 0.394384 -0.914142 0.0937364 0 -0.917725 -0.386576 0.0912194 0 -0.0471521 -0.122002 -0.991409 0 -0.200847 -0.549235 0.297933 1 
2019-09-24 09:46:23 0.3512 -0.932936 0.079178 0 -0.935799 -0.347018 0.0619686 0 -0.0303371 -0.0958599 -0.994932 0 -0.199483 -0.564213 0.264794 1 
2019-09-24 09:46:23 0.316095 -0.947257 0.0526233 0 -0.948685 -0.315142 0.025727 0 -0.00778639 -0.0580562 -0.998283 0 -0.201056 -0.57787 0.229829 1 
2019-09-24 09:46:23 0.286826 -0.95753 0.0291269 0 -0.957949 -0.286899 0.00174441 0 0.00668628 -0.028403 -0.999574 0 -0.204414 -0.592906 0.196837 1 
2019-09-24 09:46:23 0.25095 -0.96799 0.000605618 0 -0.967964 -0.250948 -0.0071516 0 0.00707479 0.0012085 -0.999974 0 -0.209991 -0.60315 0.165566 1 
2019-09-24 09:46:23 0.220232 -0.975346 -0.013336 0 -0.975381 -0.220346 0.00776479 0 -0.0105121 0.0112978 -0.999881 0 -0.218992 -0.610784 0.139347 1 
2019-09-24 09:46:23 0.210434 -0.977591 0.00389451 0 -0.976829 -0.210108 0.0405051 0 -0.0387799 -0.0123281 -0.999172 0 -0.230754 -0.61787 0.120397 1 
2019-09-24 09:46:23 0.182396 -0.983204 0.00473693 0 -0.982465 -0.182067 0.0399503 0 -0.0384176 -0.0119409 -0.99919 0 -0.234665 -0.615889 0.102803 1 
2019-09-24 09:46:23 0.126791 -0.991869 -0.0100271 0 -0.991293 -0.127064 0.0342612 0 -0.0352574 0.00559586 -0.999363 0 -0.23762 -0.610408 0.0913474 1 
2019-09-24 09:46:23 0.105249 -0.994164 -0.0232587 0 -0.993785 -0.105998 0.0337261 0 -0.0359954 0.0195648 -0.99916 0 -0.243082 -0.604971 0.0831994 1 
2019-09-24 09:46:24 0.0978289 -0.994869 -0.025408 0 -0.994427 -0.0987234 0.0367244 0 -0.0390451 0.0216741 -0.999002 0 -0.248072 -0.602321 0.0761117 1 
2019-09-24 09:46:24 0.0934144 -0.995613 -0.00317966 0 -0.994551 -0.0934616 0.0459709 0 -0.0460673 -0.00113203 -0.998938 0 -0.251101 -0.605524 0.068263 1 
2019-09-24 09:46:24 0.168835 -0.985619 -0.00553511 0 -0.983806 -0.168861 0.0599389 0 -0.0600127 -0.00467442 -0.998187 0 -0.253004 -0.605749 0.0610101 1 
2019-09-24 09:46:24 0.276088 -0.960984 -0.0163014 0 -0.95897 -0.276565 0.0622058 0 -0.0642884 -0.00154182 -0.99793 0 -0.253057 -0.605699 0.0591911 1 
2019-09-24 09:46:24 0.316381 -0.948545 -0.0121244 0 -0.946704 -0.316528 0.0595133 0 -0.0602899 -0.00735074 -0.998154 0 -0.250015 -0.608695 0.0609696 1 
2019-09-24 09:46:24 0.203047 -0.979127 0.00799594 0 -0.978352 -0.202541 0.0422625 0 -0.0397616 -0.0164044 -0.999075 0 -0.249649 -0.610524 0.0613729 1 
2019-09-24 09:46:24 0.13208 -0.991173 0.0106106 0 -0.990461 -0.131548 0.0407811 0 -0.0390261 -0.0158961 -0.999112 0 -0.254323 -0.60869 0.0609225 1 
2019-09-24 09:46:24 0.225291 -0.97424 -0.00901238 0 -0.972551 -0.225432 0.0574895 0 -0.0580414 -0.00418693 -0.998305 0 -0.25851 -0.605633 0.0586576 1 
2019-09-24 09:46:25 0.506959 -0.860661 -0.0472821 0 -0.857241 -0.509157 0.0766639 0 -0.0900574 0.0016668 -0.995935 0 -0.261777 -0.606107 0.0600942 1 
2019-09-24 09:46:25 0.716101 -0.695145 -0.0628804 0 -0.692107 -0.71885 0.0649891 0 -0.0903802 -0.00301879 -0.995903 0 -0.261024 -0.608338 0.062331 1 
2019-09-24 09:46:25 0.857856 -0.50831 -0.0754021 0 -0.506522 -0.861161 0.0426314 0 -0.086605 0.0016213 -0.996241 0 -0.257886 -0.608108 0.0606976 1 
2019-09-24 09:46:25 0.913764 -0.398305 -0.079805 0 -0.397407 -0.917219 0.0275273 0 -0.0841646 0.00656173 -0.99643 0 -0.256845 -0.606558 0.0574985 1 
2019-09-24 09:46:25 0.943783 -0.321163 -0.0781516 0 -0.320874 -0.946967 0.0165678 0 -0.0793295 0.00944061 -0.996804 0 -0.250965 -0.607445 0.0541627 1 
2019-09-24 09:46:25 0.981637 -0.17343 -0.0793169 0 -0.174835 -0.984526 -0.0110817 0 -0.0761691 0.0247461 -0.996788 0 -0.251035 -0.603366 0.0484496 1 
2019-09-24 09:46:25 0.991391 -0.10811 -0.0737384 0 -0.110471 -0.993454 -0.028724 0 -0.0701518 0.0366234 -0.996864 0 -0.253787 -0.598921 0.0422568 1 
2019-09-24 09:46:25 0.992582 -0.0954438 -0.0751826 0 -0.0974959 -0.994934 -0.0241063 0 -0.0725023 0.0312581 -0.996878 0 -0.254064 -0.601522 0.0441151 1 
2019-09-24 09:46:26 0.994084 -0.0769468 -0.0765264 0 -0.078588 -0.996723 -0.0186664 0 -0.0748407 0.0245705 -0.996893 0 -0.255269 -0.604941 0.0464391 1 
2019-09-24 09:46:26 0.994588 -0.0704158 -0.0762637 0 -0.0720229 -0.997221 -0.0185272 0 -0.0747486 0.0239201 -0.996915 0 -0.25646 -0.606672 0.0440164 1 
2019-09-24 09:46:26 0.995981 -0.0537976 -0.0714796 0 -0.0556272 -0.998157 -0.0238552 0 -0.0700659 0.027736 -0.997157 0 -0.254223 -0.607976 0.0373356 1 
2019-09-24 09:46:26 0.996053 -0.0523706 -0.0715292 0 -0.0541163 -0.998267 -0.0226879 0 -0.0702185 0.0264697 -0.99718 0 -0.25554 -0.60996 0.0350813 1 
2019-09-24 09:46:26 0.996464 -0.0425716 -0.0723031 0 -0.0442564 -0.998771 -0.0218611 0 -0.071285 0.0249841 -0.997143 0 -0.256538 -0.610953 0.0352455 1 
2019-09-24 09:46:26 0.996941 -0.030209 -0.0719538 0 -0.0319418 -0.999214 -0.0230533 0 -0.0712022 0.0252816 -0.997141 0 -0.256648 -0.61086 0.0349409 1 
2019-09-24 09:46:26 0.997288 -0.0160956 -0.0716816 0 -0.0178703 -0.999538 -0.0241851 0 -0.0712606 0.025401 -0.997134 0 -0.256703 -0.610799 0.034924 1 
2019-09-24 09:46:26 0.997341 -0.00547562 -0.0725414 0 -0.00736151 -0.999632 -0.0257554 0 -0.0723751 0.0262215 -0.997033 0 -0.258389 -0.610025 0.0348585 1 
2019-09-24 09:46:26 0.997242 -0.00852536 -0.0735965 0 -0.01063 -0.999535 -0.0282522 0 -0.0733229 0.0289572 -0.996888 0 -0.261349 -0.60795 0.0342027 1 
2019-09-24 09:46:27 0.997398 0.0167517 -0.0699784 0 0.0146983 -0.999439 -0.0297558 0 -0.070439 0.0286504 -0.997105 0 -0.257345 -0.609136 0.0337854 1 
2019-09-24 09:46:27 0.997478 0.0172979 -0.0686942 0 0.0150427 -0.999325 -0.0332117 0 -0.0692237 0.0320953 -0.997085 0 -0.257438 -0.607901 0.0311159 1 
2019-09-24 09:46:27 0.997549 0.0191151 -0.0671661 0 0.0168527 -0.999267 -0.0340907 0 -0.0677698 0.0328758 -0.997159 0 -0.255938 -0.608078 0.0298554 1 
2019-09-24 09:46:27 0.997573 0.0182431 -0.0670567 0 0.015939 -0.99926 -0.0347361 0 -0.0676421 0.0335836 -0.997144 0 -0.256415 -0.607688 0.0293639 1 
2019-09-24 09:46:27 0.997653 0.018049 -0.0659054 0 0.0157328 -0.999236 -0.0354956 0 -0.0664971 0.034376 -0.997194 0 -0.256156 -0.607468 0.0271359 1 
2019-09-24 09:46:27 0.997777 0.0175268 -0.06414 0 0.0152178 -0.999215 -0.0363135 0 -0.0647274 0.0352574 -0.99728 0 -0.256132 -0.607578 0.0219437 1 
2019-09-24 09:46:27 0.99791 0.016796 -0.0622411 0 0.0143126 -0.999082 -0.0401322 0 -0.0628593 0.0391583 -0.997254 0 -0.256389 -0.60724 0.0171501 1 
2019-09-24 09:46:27 0.99804 0.0120209 -0.0612639 0 0.00952729 -0.999111 -0.0408333 0 -0.0617015 0.0401703 -0.997286 0 -0.256819 -0.606909 0.0148631 1 
2019-09-24 09:46:28 0.998088 0.00515631 -0.0614424 0 0.00287636 -0.999296 -0.0371377 0 -0.0615919 0.0368906 -0.997419 0 -0.257401 -0.606994 0.0123662 1 
2019-09-24 09:46:28 0.998048 -0.00607814 -0.0620003 0 -0.0079407 -0.999514 -0.0298389 0 -0.06179 0.0302735 -0.99763 0 -0.257457 -0.607685 0.00893357 1 
2019-09-24 09:46:28 0.997679 -0.0268434 -0.0624241 0 -0.028491 -0.999255 -0.0256537 0 -0.0616902 0.0273732 -0.99772 0 -0.257046 -0.607901 0.00660955 1 
2019-09-24 09:46:28 0.996451 -0.0556767 -0.0629762 0 -0.0572676 -0.998067 -0.0237448 0 -0.0615336 0.0272676 -0.997732 0 -0.257162 -0.607878 0.00664046 1 
2019-09-24 09:46:28 0.994941 -0.0777768 -0.063431 0 -0.0793307 -0.996588 -0.0223555 0 -0.061477 0.027275 -0.997736 0 -0.257213 -0.607846 0.00665595 1 
2019-09-24 09:46:28 0.994613 -0.082321 -0.0628482 0 -0.0838282 -0.996234 -0.0217304 0 -0.0608238 0.0268823 -0.997786 0 -0.258336 -0.607453 0.00684808 1 
2019-09-24 09:46:28 0.996291 -0.0597137 -0.0617951 0 -0.061314 -0.997812 -0.0243309 0 -0.0602082 0.0280301 -0.997792 0 -0.25748 -0.607059 0.00625408 1 
2019-09-24 09:46:28 0.998049 -0.0155502 -0.0603091 0 -0.0172311 -0.999465 -0.0274516 0 -0.0598511 0.0284378 -0.997802 0 -0.257354 -0.606611 0.00531111 1 
2019-09-24 09:46:28 0.998182 -0.00561307 -0.0598478 0 -0.00715139 -0.999639 -0.0255205 0 -0.0596841 0.0259026 -0.997881 0 -0.258895 -0.606663 0.00574564 1 
2019-09-24 09:46:29 0.998545 -0.0103396 -0.0527392 0 -0.0114517 -0.999708 -0.0208292 0 -0.0525094 0.0214032 -0.998391 0 -0.259074 -0.606888 0.00582744 1 
2019-09-24 09:46:29 0.998675 -0.0155524 -0.0488645 0 -0.0164316 -0.9997 -0.0176434 0 -0.0485763 0.0184233 -0.99865 0 -0.258335 -0.607129 0.00561595 1 
2019-09-24 09:46:29 0.998491 -0.0209785 -0.0505579 0 -0.0213594 -0.999738 -0.00700529 0 -0.0503986 0.00807476 -0.998697 0 -0.258326 -0.607381 0.0042965 1 
2019-09-24 09:46:29 0.998329 -0.0225394 -0.0530293 0 -0.0221484 -0.999713 0.00794998 0 -0.0531943 -0.00676231 -0.998561 0 -0.259013 -0.607855 0.00382745 1 
2019-09-24 09:46:29 0.99834 -0.0222385 -0.0529435 0 -0.021854 -0.999721 0.00782948 0 -0.0531038 -0.00665959 -0.998567 0 -0.258808 -0.607919 0.00380819 1 
2019-09-24 09:46:29 0.998291 -0.025107 -0.0525946 0 -0.024812 -0.999663 0.00625505 0 -0.0527349 -0.00493947 -0.998596 0 -0.258518 -0.607823 0.00380536 1 
2019-09-24 09:46:29 0.99798 -0.0361704 -0.0520431 0 -0.0359983 -0.999333 0.00424075 0 -0.0521627 -0.00235877 -0.998636 0 -0.258167 -0.607761 0.00382236 1 
2019-09-24 09:46:29 0.996857 -0.060376 -0.0511093 0 -0.0601775 -0.998163 0.00541485 0 -0.0513433 -0.00232224 -0.998678 0 -0.2577 -0.60798 0.00391932 1 
2019-09-24 09:46:30 0.995652 -0.0783692 -0.050156 0 -0.07817 -0.996913 0.00592269 0 -0.0504663 -0.00197628 -0.998724 0 -0.257192 -0.608041 0.00388042 1 
2019-09-24 09:46:30 0.994067 -0.0967142 -0.0495724 0 -0.0964926 -0.9953 0.0068503 0 -0.0500029 -0.00202634 -0.998747 0 -0.256756 -0.608125 0.00384526 1 
2019-09-24 09:46:30 0.993316 -0.104171 -0.0495182 0 -0.103924 -0.994547 0.00753242 0 -0.0500338 -0.00233599 -0.998745 0 -0.25703 -0.608053 0.00387193 1 
2019-09-24 09:46:30 0.993285 -0.104424 -0.049607 0 -0.104166 -0.99452 0.00775562 0 -0.050146 -0.00253623 -0.998739 0 -0.257206 -0.607979 0.00386845 1 
2019-09-24 09:46:30 0.99462 -0.0893149 -0.0522991 0 -0.0890802 -0.995992 0.00680552 0 -0.0526983 -0.00211014 -0.998608 0 -0.256884 -0.608061 0.00392675 1 
2019-09-24 09:46:30 0.996876 -0.0572481 -0.0542391 0 -0.0570744 -0.998349 0.00474761 0 -0.0544224 -0.00163714 -0.998517 0 -0.257035 -0.607974 0.00397772 1 
2019-09-24 09:46:30 0.998391 -0.0149558 -0.0545258 0 -0.0148548 -0.999877 0.00225729 0 -0.054554 -0.00144372 -0.99851 0 -0.258883 -0.607225 0.00401946 1 
2019-09-24 09:46:30 0.998515 -0.0111661 -0.0531429 0 -0.0110524 -0.999926 0.00243418 0 -0.0531672 -0.00184325 -0.998584 0 -0.259516 -0.606968 0.0040079 1 
2019-09-24 09:46:31 0.998354 -0.0286343 -0.0495027 0 -0.0284615 -0.999576 0.00419339 0 -0.0496028 -0.00277761 -0.998765 0 -0.259342 -0.606974 0.00397717 1 
2019-09-24 09:46:31 0.997531 -0.050393 -0.0487215 0 -0.0501838 -0.998715 0.00550795 0 -0.0489374 -0.00304938 -0.998797 0 -0.258876 -0.607045 0.00397726 1 
2019-09-24 09:46:31 0.996014 -0.0748609 -0.0482913 0 -0.0746184 -0.997179 0.00680749 0 -0.0486656 -0.003177 -0.99881 0 -0.257173 -0.607595 0.00400524 1 
2019-09-24 09:46:31 0.993717 -0.101002 -0.0480287 0 -0.100709 -0.99487 0.00850554 0 -0.0486423 -0.00361526 -0.99881 0 -0.256681 -0.607743 0.00392458 1 
2019-09-24 09:46:31 0.993323 -0.104616 -0.0484275 0 -0.104303 -0.994496 0.00894765 0 -0.049098 -0.00383683 -0.998787 0 -0.25694 -0.607671 0.00394247 1 
2019-09-24 09:46:31 0.995044 -0.0836836 -0.0535203 0 -0.0834251 -0.996479 0.00704953 0 -0.0539228 -0.00254972 -0.998542 0 -0.257347 -0.607577 0.00401268 1 
2019-09-24 09:46:31 0.997989 -0.0284724 -0.0564661 0 -0.0283484 -0.999584 0.00299626 0 -0.056529 -0.00138955 -0.9984 0 -0.258563 -0.606895 0.00410691 1 
2019-09-24 09:46:31 0.998335 0.00859176 -0.056871 0 0.00866228 -0.999952 0.000993586 0 -0.0568609 -0.00148459 -0.998381 0 -0.258866 -0.606891 0.0041607 1 
2019-09-24 09:46:31 0.99814 0.0202322 -0.0573461 0 0.0202853 -0.999785 0.0003434 0 -0.0573279 -0.00150607 -0.998354 0 -0.259629 -0.606773 0.00416016 1 
2019-09-24 09:46:32 0.998541 0.00286662 -0.053746 0 0.00304773 -0.99998 0.00328791 0 -0.0537366 -0.00344698 -0.998549 0 -0.259707 -0.607501 0.00398527 1 
2019-09-24 09:46:32 0.99832 -0.0184647 -0.0547449 0 -0.0180392 -0.999794 0.00825614 0 -0.0548871 -0.00725485 -0.998466 0 -0.25946 -0.609781 0.00521495 1 
2019-09-24 09:46:32 0.998362 -0.0116943 -0.0558397 0 -0.0120104 -0.999904 -0.00532826 0 -0.0557731 0.0059903 -0.998425 0 -0.259142 -0.609811 0.00731769 1 
2019-09-24 09:46:32 0.998529 -0.0117197 -0.052754 0 -0.012436 -0.999825 -0.0132709 0 -0.0525902 0.0139077 -0.998519 0 -0.258109 -0.607799 0.00315329 1 
2019-09-24 09:46:32 0.99839 -0.0250436 -0.0506972 0 -0.0256952 -0.999585 -0.0122408 0 -0.0503706 0.013524 -0.998639 0 -0.258742 -0.607457 0.00312173 1 
2019-09-24 09:46:32 0.998109 -0.0393248 -0.0470419 0 -0.0398515 -0.999143 -0.0103119 0 -0.0465969 0.0121674 -0.99884 0 -0.258936 -0.607315 0.00304394 1 
2019-09-24 09:46:32 0.997786 -0.0501428 -0.0434686 0 -0.0506106 -0.998661 -0.00972894 0 -0.0429234 0.0119076 -0.999007 0 -0.258444 -0.607309 0.00292803 1 
2019-09-24 09:46:32 0.994797 -0.0917223 -0.0441261 0 -0.0921617 -0.995702 -0.00802319 0 -0.0432014 0.0120484 -0.998994 0 -0.258786 -0.607273 0.0029843 1 
2019-09-24 09:46:33 0.990026 -0.133468 -0.0448856 0 -0.133867 -0.990971 -0.00599716 0 -0.0436808 0.0119463 -0.998974 0 -0.259 -0.607365 0.00304434 1 
2019-09-24 09:46:33 0.982679 -0.179671 -0.045173 0 -0.180033 -0.983642 -0.0040423 0 -0.0437087 0.0121052 -0.998971 0 -0.258945 -0.607357 0.0030538 1 
2019-09-24 09:46:33 0.97018 -0.238073 -0.0452959 0 -0.238411 -0.971152 -0.00212342 0 -0.0434846 0.0128594 -0.998971 0 -0.258514 -0.607216 0.00309014 1 
2019-09-24 09:46:33 0.950905 -0.306109 -0.0453512 0 -0.30642 -0.951886 0.000114025 0 -0.0432049 0.0137883 -0.998971 0 -0.258282 -0.606641 0.00311512 1 
2019-09-24 09:46:33 0.925978 -0.374793 -0.0455495 0 -0.375088 -0.926976 0.00220684 0 -0.0430512 0.0150419 -0.99896 0 -0.258382 -0.605809 0.00318122 1 
2019-09-24 09:46:33 0.893163 -0.447406 -0.0454858 0 -0.44767 -0.894175 0.00476485 0 -0.0428049 0.0161071 -0.998954 0 -0.258399 -0.604964 0.00327223 1 
2019-09-24 09:46:33 0.851 -0.523232 -0.0448206 0 -0.523426 -0.85202 0.00822753 0 -0.0424938 0.016459 -0.998961 0 -0.257976 -0.604788 0.00329532 1 
2019-09-24 09:46:33 0.801211 -0.596744 -0.0440265 0 -0.596858 -0.802246 0.0119639 0 -0.0424602 0.0166923 -0.998959 0 -0.258367 -0.604522 0.00329099 1 
2019-09-24 09:46:34 0.744016 -0.666765 -0.0429507 0 -0.666805 -0.745058 0.0154946 0 -0.0423329 0.0171118 -0.998957 0 -0.258611 -0.604259 0.00329343 1 
2019-09-24 09:46:34 0.680852 -0.731258 -0.0410161 0 -0.73121 -0.681874 0.0190165 0 -0.0418746 0.0170443 -0.998977 0 -0.258197 -0.604387 0.00326899 1 
2019-09-24 09:46:34 0.615987 -0.786788 -0.0388117 0 -0.786669 -0.616972 0.0218603 0 -0.041146 0.0170666 -0.999007 0 -0.257483 -0.604576 0.00324749 1 
2019-09-24 09:46:34 0.54323 -0.838791 -0.0362136 0 -0.838594 -0.544174 0.0248041 0 -0.0405127 0.0168945 -0.999036 0 -0.25707 -0.604714 0.00323357 1 
2019-09-24 09:46:34 0.466789 -0.883724 -0.0334936 0 -0.883465 -0.467684 0.0272407 0 -0.0397384 0.0168751 -0.999068 0 -0.257198 -0.604529 0.00322025 1 
2019-09-24 09:46:34 0.385785 -0.922079 -0.0303334 0 -0.921771 -0.386614 0.0291402 0 -0.0385977 0.0167189 -0.999115 0 -0.256765 -0.604549 0.00322793 1 
2019-09-24 09:46:34 0.319547 -0.947136 -0.0283677 0 -0.946778 -0.320356 0.0310353 0 -0.0384832 0.016941 -0.999116 0 -0.257286 -0.604161 0.00325399 1 
2019-09-24 09:46:34 0.254918 -0.966612 -0.0256495 0 -0.966203 -0.255675 0.0326001 0 -0.0380703 0.0164726 -0.999139 0 -0.257336 -0.604334 0.0032516 1 
2019-09-24 09:46:34 0.191875 -0.981131 -0.0233676 0 -0.980679 -0.192596 0.033994 0 -0.0378539 0.0163939 -0.999149 0 -0.257105 -0.604429 0.00324331 1 
2019-09-24 09:46:35 0.140328 -0.98987 -0.0211239 0 -0.989373 -0.141008 0.0351947 0 -0.0378175 0.0159609 -0.999157 0 -0.257094 -0.604524 0.00324755 1 
2019-09-24 09:46:35 0.0787226 -0.996723 -0.0180496 0 -0.996183 -0.0793344 0.0361423 0 -0.0374565 0.0151358 -0.999184 0 -0.257078 -0.604792 0.00321453 1 
2019-09-24 09:46:35 0.012847 -0.999842 -0.0114762 0 -0.999228 -0.0132607 0.0367235 0 -0.0368706 0.0109958 -0.99926 0 -0.256355 -0.606895 0.00301374 1 
2019-09-24 09:46:35 -0.044252 -0.998991 -0.00636192 0 -0.998403 0.0440021 0.0351592 0 -0.0348444 0.00790778 -0.999361 0 -0.255402 -0.608921 0.00287349 1 
2019-09-24 09:46:35 -0.0464955 -0.99889 -0.00609202 0 -0.998324 0.0462587 0.0345103 0 -0.0341908 0.00768653 -0.999386 0 -0.255399 -0.608923 0.00287595 1 
2019-09-24 09:46:35 -0.0625777 -0.998018 -0.00492971 0 -0.997533 0.0623899 0.0318681 0 -0.031498 0.00691191 -0.99948 0 -0.255148 -0.608993 0.00285449 1 
2019-09-24 09:46:35 -0.0636167 -0.997953 -0.00487776 0 -0.997468 0.06343 0.0318664 0 -0.0314923 0.00689277 -0.99948 0 -0.255149 -0.608998 0.00284865 1 
2019-09-24 09:46:35 -0.0635731 -0.997956 -0.0048658 0 -0.99747 0.0633867 0.0318804 0 -0.0315074 0.00688036 -0.99948 0 -0.255156 -0.608999 0.0028505 1 
2019-09-24 09:46:36 -0.0631538 -0.997982 -0.00486995 0 -0.997497 0.0629676 0.0318755 0 -0.0315052 0.00687095 -0.99948 0 -0.2551 -0.609025 0.00285865 1 
2019-09-24 09:46:36 -0.0622169 -0.998041 -0.0049088 0 -0.997553 0.0620293 0.0319608 0 -0.0315943 0.00688542 -0.999477 0 -0.255097 -0.609035 0.0028672 1 
2019-09-24 09:46:36 -0.062327 -0.998034 -0.00487304 0 -0.997546 0.0621406 0.0319427 0 -0.0315777 0.0068521 -0.999478 0 -0.255129 -0.609039 0.00287385 1 
2019-09-24 09:46:36 -0.0626087 -0.998017 -0.00484415 0 -0.997532 0.0624238 0.0318464 0 -0.0314814 0.00682619 -0.999481 0 -0.255152 -0.609027 0.00287216 1 
2019-09-24 09:46:36 -0.0629979 -0.997992 -0.00483248 0 -0.997509 0.0628133 0.0318105 0 -0.0314437 0.00682456 -0.999482 0 -0.255157 -0.609021 0.00286639 1 
2019-09-24 09:46:36 -0.0629752 -0.997994 -0.00482851 0 -0.99751 0.0627908 0.0318078 0 -0.0314414 0.00681972 -0.999482 0 -0.255144 -0.609028 0.00286663 1 
2019-09-24 09:46:36 -0.0628353 -0.998002 -0.00487706 0 -0.997518 0.0626491 0.0318538 0 -0.0314853 0.00686664 -0.999481 0 -0.255135 -0.609021 0.00286763 1 
2019-09-24 09:46:36 -0.0627498 -0.998008 -0.0048585 0 -0.997521 0.0625638 0.0319184 0 -0.0315515 0.00684947 -0.999479 0 -0.255162 -0.609027 0.00288713 1 
2019-09-24 09:46:36 -0.0626914 -0.998011 -0.00486908 0 -0.997523 0.0625049 0.0319555 0 -0.0315882 0.00686049 -0.999477 0 -0.25517 -0.609024 0.00289063 1 
2019-09-24 09:46:37 -0.0626967 -0.998011 -0.00487054 0 -0.997523 0.0625101 0.031963 0 -0.0315956 0.00686258 -0.999477 0 -0.255174 -0.609023 0.00289162 1 
2019-09-24 09:46:37 -0.0627044 -0.998011 -0.00486929 0 -0.997522 0.0625178 0.0319657 0 -0.0315983 0.00686175 -0.999477 0 -0.25518 -0.609021 0.00289331 1 
2019-09-24 09:46:37 -0.0626929 -0.998011 -0.00487095 0 -0.997523 0.0625062 0.0319648 0 -0.0315974 0.00686298 -0.999477 0 -0.255176 -0.609022 0.00288942 1 
2019-09-24 09:46:37 -0.0627014 -0.998011 -0.00486524 0 -0.997522 0.0625148 0.0319633 0 -0.0315962 0.00685746 -0.999477 0 -0.255176 -0.609023 0.00289339 1 
2019-09-24 09:46:37 -0.0626921 -0.998011 -0.00486991 0 -0.997523 0.0625055 0.031965 0 -0.0315977 0.00686194 -0.999477 0 -0.255175 -0.609023 0.0028921 1 
2019-09-24 09:46:37 -0.0626983 -0.998011 -0.00486697 0 -0.997523 0.0625117 0.0319669 0 -0.0315997 0.00685931 -0.999477 0 -0.255177 -0.609023 0.00289379 1 
2019-09-24 09:46:37 -0.0626923 -0.998011 -0.00486851 0 -0.997523 0.0625057 0.0319668 0 -0.0315995 0.00686065 -0.999477 0 -0.255176 -0.609023 0.0028927 1 
2019-09-24 09:46:37 -0.0626924 -0.998011 -0.00486749 0 -0.997523 0.0625058 0.031964 0 -0.0315968 0.00685947 -0.999477 0 -0.255175 -0.609024 0.00289276 1 
2019-09-24 09:46:38 -0.0627008 -0.998011 -0.00486781 0 -0.997522 0.0625142 0.0319663 0 -0.031599 0.00686019 -0.999477 0 -0.255178 -0.609022 0.00289225 1 
2019-09-24 09:46:38 -0.0627008 -0.998011 -0.0048668 0 -0.997522 0.0625142 0.0319674 0 -0.0316001 0.00685925 -0.999477 0 -0.255178 -0.609023 0.00289301 1 
2019-09-24 09:46:38 -0.0626955 -0.998011 -0.00486738 0 -0.997523 0.0625089 0.031968 0 -0.0316008 0.0068597 -0.999477 0 -0.255179 -0.609022 0.00289436 1 
2019-09-24 09:46:38 -0.0627023 -0.998011 -0.00486694 0 -0.997522 0.0625157 0.031967 0 -0.0315997 0.00685942 -0.999477 0 -0.255179 -0.609022 0.00289344 1 
2019-09-24 09:46:38 -0.0626939 -0.998011 -0.00487253 0 -0.997523 0.0625071 0.031966 0 -0.0315984 0.00686466 -0.999477 0 -0.255178 -0.609021 0.00289094 1 
2019-09-24 09:46:38 -0.0626993 -0.998011 -0.00486999 0 -0.997522 0.0625127 0.0319692 0 -0.0316017 0.0068625 -0.999477 0 -0.25518 -0.609021 0.00289268 1 
2019-09-24 09:46:38 -0.0626992 -0.998011 -0.00486703 0 -0.997522 0.0625126 0.031966 0 -0.0315988 0.00685935 -0.999477 0 -0.255176 -0.609023 0.002894 1 
2019-09-24 09:46:38 -0.0627038 -0.998011 -0.00486802 0 -0.997522 0.0625172 0.0319669 0 -0.0315996 0.00686054 -0.999477 0 -0.255179 -0.609021 0.00289256 1 
2019-09-24 09:46:39 -0.0627004 -0.998011 -0.00486961 0 -0.997522 0.0625138 0.0319657 0 -0.0315983 0.00686194 -0.999477 0 -0.255177 -0.609022 0.0028925 1 
2019-09-24 09:46:39 -0.0627009 -0.998011 -0.0048678 0 -0.997522 0.0625143 0.031968 0 -0.0316007 0.00686029 -0.999477 0 -0.25518 -0.609021 0.00289459 1 
2019-09-24 09:46:39 -0.0627017 -0.998011 -0.00486116 0 -0.997522 0.0625153 0.0319697 0 -0.0316028 0.0068538 -0.999477 0 -0.25518 -0.609024 0.00289566 1 
2019-09-24 09:46:39 -0.0627011 -0.998011 -0.00486832 0 -0.997522 0.0625145 0.0319706 0 -0.0316033 0.00686098 -0.999477 0 -0.25518 -0.609022 0.00289311 1 
2019-09-24 09:46:39 -0.0627083 -0.99801 -0.00486574 0 -0.997522 0.0625218 0.0319672 0 -0.0316 0.00685842 -0.999477 0 -0.255181 -0.609022 0.00289409 1 
