2019-09-24 09:47:21 0.999733 -0.0160104 -0.01607 0 -0.0157245 -0.999709 0.0177618 0 -0.0163501 -0.0175047 -0.999713 0 -0.201716 -0.402266 0.443465 1 
2019-09-24 09:47:21 0.999733 -0.0160073 -0.016072 0 -0.0157214 -0.999709 0.0177569 0 -0.0163519 -0.0174998 -0.999713 0 -0.201716 -0.402264 0.443464 1 
2019-09-24 09:47:21 0.999733 -0.0160169 -0.0160702 0 -0.0157309 -0.999709 0.0177624 0 -0.0163503 -0.0175052 -0.999713 0 -0.201719 -0.402263 0.443465 1 
2019-09-24 09:47:21 0.999733 -0.0160135 -0.0160699 0 -0.0157276 -0.999709 0.0177616 0 -0.0163499 -0.0175045 -0.999713 0 -0.201716 -0.402265 0.443465 1 
2019-09-24 09:47:21 0.999733 -0.0160158 -0.016071 0 -0.01573 -0.999709 0.0177565 0 -0.016351 -0.0174993 -0.999713 0 -0.201717 -0.402264 0.443463 1 
2019-09-24 09:47:21 0.999733 -0.0160154 -0.0160694 0 -0.0157296 -0.999709 0.0177576 0 -0.0163495 -0.0175005 -0.999713 0 -0.201718 -0.402264 0.443463 1 
2019-09-24 09:47:21 0.999733 -0.0160163 -0.0160706 0 -0.0157304 -0.999709 0.0177579 0 -0.0163506 -0.0175007 -0.999713 0 -0.201718 -0.402263 0.443463 1 
2019-09-24 09:47:21 0.999733 -0.0160087 -0.0160709 0 -0.0157228 -0.999709 0.0177576 0 -0.0163508 -0.0175005 -0.999713 0 -0.201716 -0.402265 0.443463 1 
2019-09-24 09:47:22 0.999733 -0.016016 -0.0160698 0 -0.0157302 -0.999709 0.0177556 0 -0.0163498 -0.0174984 -0.999713 0 -0.201717 -0.402265 0.443462 1 
2019-09-24 09:47:22 0.999733 -0.0160137 -0.01607 0 -0.0157279 -0.999709 0.0177568 0 -0.01635 -0.0174996 -0.999713 0 -0.201717 -0.402264 0.443463 1 
2019-09-24 09:47:22 0.999733 -0.0160166 -0.0160722 0 -0.0157306 -0.999709 0.0177643 0 -0.0163524 -0.017507 -0.999713 0 -0.201718 -0.402264 0.443466 1 
2019-09-24 09:47:22 0.999733 -0.016004 -0.0160708 0 -0.0157182 -0.999709 0.0177561 0 -0.0163506 -0.0174991 -0.999713 0 -0.201716 -0.402265 0.443463 1 
2019-09-24 09:47:22 0.999733 -0.0160085 -0.0160723 0 -0.0157226 -0.999709 0.0177591 0 -0.0163523 -0.017502 -0.999713 0 -0.201716 -0.402266 0.443465 1 
2019-09-24 09:47:22 0.999733 -0.0160098 -0.0160708 0 -0.015724 -0.999709 0.017755 0 -0.0163507 -0.0174979 -0.999713 0 -0.201717 -0.402265 0.443463 1 
2019-09-24 09:47:22 0.999733 -0.016011 -0.0160713 0 -0.0157252 -0.999709 0.0177569 0 -0.0163513 -0.0174998 -0.999713 0 -0.201717 -0.402264 0.443463 1 
2019-09-24 09:47:22 0.999733 -0.0160111 -0.0160693 0 -0.0157253 -0.999709 0.0177568 0 -0.0163492 -0.0174997 -0.999713 0 -0.201718 -0.402264 0.443463 1 
2019-09-24 09:47:22 0.999733 -0.0160145 -0.0160705 0 -0.0157286 -0.999709 0.0177585 0 -0.0163505 -0.0175013 -0.999713 0 -0.201716 -0.402265 0.443463 1 
2019-09-24 09:47:23 0.999733 -0.0160059 -0.0160721 0 -0.01572 -0.999709 0.0177589 0 -0.016352 -0.0175019 -0.999713 0 -0.201715 -0.402265 0.443465 1 
2019-09-24 09:47:23 0.999733 -0.016007 -0.0160689 0 -0.0157212 -0.999709 0.0177562 0 -0.0163487 -0.0174991 -0.999713 0 -0.201714 -0.402266 0.443463 1 
2019-09-24 09:47:23 0.999733 -0.0160127 -0.0160707 0 -0.0157268 -0.999709 0.0177589 0 -0.0163507 -0.0175017 -0.999713 0 -0.201716 -0.402265 0.443464 1 
2019-09-24 09:47:23 0.999733 -0.0160142 -0.0160714 0 -0.0157284 -0.999709 0.0177559 0 -0.0163514 -0.0174987 -0.999713 0 -0.201716 -0.402264 0.443463 1 
2019-09-24 09:47:23 0.999733 -0.0160143 -0.0160691 0 -0.0157285 -0.999709 0.017755 0 -0.0163491 -0.0174979 -0.999713 0 -0.201719 -0.402263 0.443462 1 
2019-09-24 09:47:23 0.999733 -0.0160086 -0.0160711 0 -0.0157228 -0.999709 0.0177595 0 -0.0163511 -0.0175024 -0.999713 0 -0.201715 -0.402266 0.443464 1 
2019-09-24 09:47:23 0.999733 -0.0160041 -0.0160705 0 -0.0157182 -0.999709 0.017759 0 -0.0163503 -0.017502 -0.999713 0 -0.201717 -0.402265 0.443464 1 
2019-09-24 09:47:23 0.999733 -0.0160035 -0.0160681 0 -0.0157178 -0.999709 0.0177523 0 -0.0163479 -0.0174953 -0.999713 0 -0.201712 -0.402264 0.443461 1 
2019-09-24 09:47:24 0.999732 -0.0160711 -0.0160746 0 -0.0157847 -0.999707 0.0177913 0 -0.0163562 -0.0175331 -0.999712 0 -0.20174 -0.402249 0.443478 1 
2019-09-24 09:47:24 0.999737 -0.015776 -0.0160384 0 -0.0154926 -0.999715 0.0176394 0 -0.0163124 -0.0173866 -0.999716 0 -0.201617 -0.402303 0.44341 1 
2019-09-24 09:47:24 0.999736 -0.0159127 -0.016007 0 -0.0156301 -0.999713 0.0176319 0 -0.0162833 -0.0173774 -0.999716 0 -0.201676 -0.402275 0.443402 1 
2019-09-24 09:47:24 0.999689 -0.0147556 -0.0196055 0 -0.0143412 -0.999665 0.021115 0 -0.0199109 -0.0208276 -0.999585 0 -0.201951 -0.40295 0.444887 1 
2019-09-24 09:47:24 0.999655 -0.0120427 -0.0229226 0 -0.0114233 -0.999562 0.0269624 0 -0.0232377 -0.0266918 -0.999374 0 -0.201567 -0.405266 0.448037 1 
2019-09-24 09:47:24 0.99934 -0.0316473 -0.0172897 0 -0.0314222 -0.99941 0.0131363 0 -0.0176956 -0.0125846 -0.999764 0 -0.20077 -0.40708 0.440486 1 
2019-09-24 09:47:24 0.998376 -0.055791 -0.010613 0 -0.0559089 -0.998364 -0.0111578 0 -0.00997331 0.0117333 -0.999881 0 -0.200809 -0.41372 0.424847 1 
2019-09-24 09:47:24 0.998716 -0.0462004 -0.0203115 0 -0.0461242 -0.998917 0.00420473 0 -0.0204842 -0.00326254 -0.999785 0 -0.204526 -0.432304 0.409138 1 
2019-09-24 09:47:24 0.998541 -0.0354286 -0.0405174 0 -0.0334099 -0.998208 0.0494584 0 -0.0421978 -0.0480334 -0.997954 0 -0.209778 -0.458349 0.393894 1 
2019-09-24 09:47:25 0.997703 -0.0528068 -0.0421987 0 -0.0502431 -0.996944 0.0596619 0 -0.0452211 -0.0574058 -0.997326 0 -0.212096 -0.478894 0.373049 1 
2019-09-24 09:47:25 0.994912 -0.0967203 -0.0278736 0 -0.0957956 -0.994851 0.0327946 0 -0.0309026 -0.0299581 -0.999073 0 -0.210065 -0.494105 0.349358 1 
2019-09-24 09:47:25 0.99339 -0.113444 -0.0169714 0 -0.113412 -0.993534 0.00283428 0 -0.0171835 -0.000890802 -0.999852 0 -0.209216 -0.510803 0.325976 1 
2019-09-24 09:47:25 0.993035 -0.117566 -0.00643224 0 -0.117647 -0.992946 -0.0140975 0 -0.00472958 0.0147563 -0.99988 0 -0.211875 -0.531261 0.300563 1 
2019-09-24 09:47:25 0.993388 -0.114719 0.000240222 0 -0.114678 -0.993089 -0.0245741 0 0.00305772 0.0243845 -0.999698 0 -0.217808 -0.550201 0.271933 1 
2019-09-24 09:47:25 0.994545 -0.103638 -0.0109427 0 -0.103877 -0.994286 -0.0242139 0 -0.00837083 0.025219 -0.999647 0 -0.227977 -0.56696 0.242368 1 
2019-09-24 09:47:25 0.996305 -0.0812677 -0.0274189 0 -0.0820541 -0.996199 -0.0288869 0 -0.0249676 0.0310306 -0.999207 0 -0.234109 -0.578181 0.210874 1 
2019-09-24 09:47:25 0.997647 -0.0635467 -0.0253387 0 -0.0649456 -0.996142 -0.0588499 0 -0.0215016 0.0603582 -0.997945 0 -0.233507 -0.577695 0.177485 1 
2019-09-24 09:47:26 0.998534 -0.0477182 -0.0251804 0 -0.0492163 -0.99681 -0.0626724 0 -0.0221099 0.063821 -0.997716 0 -0.232791 -0.579659 0.150286 1 
2019-09-24 09:47:26 0.998459 -0.0301549 -0.0463866 0 -0.0315079 -0.999081 -0.0287191 0 -0.0454788 0.030137 -0.998511 0 -0.23778 -0.587805 0.129786 1 
2019-09-24 09:47:26 0.998236 -0.0317723 -0.0499663 0 -0.0324141 -0.999392 -0.0120867 0 -0.0495528 0.0136853 -0.998678 0 -0.242015 -0.591059 0.108915 1 
2019-09-24 09:47:26 0.998203 -0.0364697 -0.0473538 0 -0.0374257 -0.9991 -0.0194612 0 -0.0466024 0.0211989 -0.998689 0 -0.246395 -0.591764 0.089232 1 
2019-09-24 09:47:26 0.998186 -0.0399567 -0.0448174 0 -0.0412464 -0.99874 -0.0282316 0 -0.0436337 0.0300295 -0.998596 0 -0.250842 -0.595765 0.0739884 1 
2019-09-24 09:47:26 0.998107 -0.0423333 -0.044392 0 -0.0437925 -0.998505 -0.0324289 0 -0.0429537 0.0343122 -0.998488 0 -0.255542 -0.601363 0.06052 1 
2019-09-24 09:47:26 0.998166 -0.0424621 -0.042918 0 -0.0441167 -0.99828 -0.0383676 0 -0.0412158 0.0401914 -0.998342 0 -0.258026 -0.604858 0.0479095 1 
2019-09-24 09:47:26 0.99819 -0.04333 -0.041477 0 -0.0451264 -0.998028 -0.0434016 0 -0.0395154 0.0451956 -0.998196 0 -0.25968 -0.606519 0.0386804 1 
2019-09-24 09:47:27 0.998138 -0.0457582 -0.0400817 0 -0.0476121 -0.997769 -0.0465861 0 -0.0378614 0.0484087 -0.99811 0 -0.259426 -0.606308 0.0350335 1 
2019-09-24 09:47:27 0.99795 -0.0480516 -0.0420539 0 -0.0498474 -0.997832 -0.0427488 0 -0.0399093 0.0447583 -0.9982 0 -0.260449 -0.607663 0.0371314 1 
2019-09-24 09:47:27 0.998122 -0.0438369 -0.0425624 0 -0.0455584 -0.998137 -0.040355 0 -0.0407148 0.0422191 -0.998278 0 -0.258163 -0.6099 0.0380041 1 
2019-09-24 09:47:27 0.998186 -0.0410728 -0.0438006 0 -0.0428767 -0.998226 -0.0410733 0 -0.0420367 0.0428777 -0.998196 0 -0.256911 -0.610747 0.0372395 1 
2019-09-24 09:47:27 0.997961 -0.044149 -0.0458769 0 -0.0462698 -0.997848 -0.0462421 0 -0.0437375 0.0482715 -0.997876 0 -0.259546 -0.608286 0.0345533 1 
2019-09-24 09:47:27 0.998208 -0.0332789 -0.0495446 0 -0.0356547 -0.998208 -0.0478655 0 -0.0478638 0.0495471 -0.997624 0 -0.258547 -0.608593 0.0347907 1 
2019-09-24 09:47:27 0.998067 -0.0154738 -0.0600374 0 -0.0185875 -0.998482 -0.0516549 0 -0.0591481 0.052672 -0.996859 0 -0.257806 -0.609029 0.0348785 1 
2019-09-24 09:47:27 0.99805 -0.0152214 -0.0603723 0 -0.0183764 -0.998466 -0.0520537 0 -0.0594885 0.0530626 -0.996818 0 -0.257998 -0.608859 0.0347704 1 
2019-09-24 09:47:27 0.997945 0.0101491 -0.0631153 0 0.00656966 -0.998362 -0.0566626 0 -0.0635882 0.0561326 -0.996396 0 -0.258109 -0.608411 0.0346142 1 
2019-09-24 09:47:28 0.997583 0.0301606 -0.0624511 0 0.0264931 -0.997912 -0.0587424 0 -0.0640936 0.0569469 -0.996318 0 -0.259154 -0.607774 0.0345579 1 
2019-09-24 09:47:28 0.997396 0.0356309 -0.0625553 0 0.0319992 -0.997787 -0.0581267 0 -0.0644892 0.0559746 -0.996347 0 -0.259482 -0.608144 0.035 1 
2019-09-24 09:47:28 0.997459 0.033358 -0.0627983 0 0.0299971 -0.998096 -0.0537217 0 -0.064472 0.0517025 -0.996579 0 -0.259013 -0.610169 0.0363214 1 
2019-09-24 09:47:28 0.997893 0.00728426 -0.0643289 0 0.0039818 -0.998665 -0.0513164 0 -0.0646181 0.0509531 -0.996608 0 -0.259623 -0.610597 0.0368062 1 
2019-09-24 09:47:28 0.997962 0.0078742 -0.0631698 0 0.00448613 -0.998543 -0.0535973 0 -0.0635011 0.0532057 -0.996562 0 -0.258689 -0.609987 0.0353537 1 
2019-09-24 09:47:28 0.997988 0.00150276 -0.0632267 0 -0.0018856 -0.998557 -0.0534964 0 -0.0632171 0.053509 -0.996564 0 -0.258647 -0.609811 0.0352224 1 
2019-09-24 09:47:28 0.998033 -0.00373223 -0.0624331 0 -0.00706981 -0.998543 -0.0533227 0 -0.0621443 0.0536602 -0.996624 0 -0.256849 -0.609918 0.0353878 1 
2019-09-24 09:47:28 0.99791 -0.0140338 -0.0629241 0 -0.0174096 -0.99841 -0.0534253 0 -0.0620755 0.0544102 -0.996587 0 -0.257725 -0.609248 0.0351991 1 
2019-09-24 09:47:29 0.998031 -0.0135085 -0.0610967 0 -0.0170644 -0.998158 -0.0580592 0 -0.060201 0.0589886 -0.996442 0 -0.256871 -0.607256 0.033036 1 
2019-09-24 09:47:29 0.99805 -0.011831 -0.061133 0 -0.015377 -0.998197 -0.0578621 0 -0.0603393 0.0586904 -0.996451 0 -0.256563 -0.607237 0.0325524 1 
2019-09-24 09:47:29 0.997985 -0.0127993 -0.061991 0 -0.0163551 -0.998219 -0.0571965 0 -0.0611498 0.0580962 -0.996436 0 -0.258177 -0.607119 0.0328809 1 
2019-09-24 09:47:29 0.998018 -0.0119569 -0.0616254 0 -0.0155127 -0.998213 -0.0575481 0 -0.0608283 0.0583912 -0.996439 0 -0.257854 -0.607159 0.0325072 1 
2019-09-24 09:47:29 0.99801 -0.0120329 -0.061737 0 -0.0155465 -0.998258 -0.0567509 0 -0.0609478 0.0575989 -0.996478 0 -0.257906 -0.60737 0.0322502 1 
2019-09-24 09:47:29 0.99803 -0.0142323 -0.0609411 0 -0.0177323 -0.998191 -0.0572821 0 -0.0600168 0.058251 -0.996496 0 -0.257932 -0.607512 0.0298204 1 
2019-09-24 09:47:29 0.998109 -0.0147231 -0.059522 0 -0.0182593 -0.998063 -0.0593087 0 -0.0585346 0.0602845 -0.996463 0 -0.257918 -0.607441 0.0256667 1 
2019-09-24 09:47:29 0.99808 -0.0168606 -0.0594382 0 -0.0201705 -0.998243 -0.0555322 0 -0.0583986 0.0566255 -0.996686 0 -0.258411 -0.607776 0.0237606 1 
2019-09-24 09:47:30 0.998141 -0.0221555 -0.0566149 0 -0.025251 -0.998182 -0.0545597 0 -0.0553043 0.0558889 -0.996904 0 -0.258518 -0.607605 0.0236377 1 
2019-09-24 09:47:30 0.998013 -0.0271045 -0.0567139 0 -0.0301054 -0.998145 -0.0527441 0 -0.0551801 0.0543477 -0.996996 0 -0.258252 -0.607552 0.0217791 1 
2019-09-24 09:47:30 0.99785 -0.0318634 -0.0570999 0 -0.0344696 -0.998371 -0.0452528 0 -0.055566 0.0471246 -0.997342 0 -0.257722 -0.607946 0.0160001 1 
2019-09-24 09:47:30 0.997845 -0.0320624 -0.0570827 0 -0.0343157 -0.998642 -0.0389424 0 -0.0557577 0.0408181 -0.99761 0 -0.257682 -0.607823 0.0101504 1 
2019-09-24 09:47:30 0.997743 -0.0354354 -0.0568641 0 -0.0375889 -0.998589 -0.0372582 0 -0.0554647 0.0393124 -0.997686 0 -0.257531 -0.607638 0.00753898 1 
2019-09-24 09:47:30 0.997489 -0.0415129 -0.0572153 0 -0.0435628 -0.998426 -0.0350589 0 -0.0556709 0.037464 -0.997746 0 -0.257693 -0.607646 0.00625733 1 
2019-09-24 09:47:30 0.997332 -0.0433571 -0.0585568 0 -0.0449856 -0.998619 -0.0267849 0 -0.0573157 0.0293482 -0.997925 0 -0.258175 -0.608437 0.00345226 1 
2019-09-24 09:47:30 0.997072 -0.0485769 -0.0588958 0 -0.0500019 -0.998475 -0.0229679 0 -0.0576914 0.0258461 -0.998 0 -0.258558 -0.608764 0.00341853 1 
2019-09-24 09:47:30 0.996363 -0.0616326 -0.0586794 0 -0.0630336 -0.997752 -0.0223312 0 -0.0571723 0.0259492 -0.998027 0 -0.258708 -0.608586 0.0033282 1 
2019-09-24 09:47:31 0.995199 -0.0787008 -0.0580141 0 -0.0800228 -0.996566 -0.0208226 0 -0.0561772 0.0253655 -0.998099 0 -0.2584 -0.608779 0.00332028 1 
2019-09-24 09:47:31 0.993137 -0.101146 -0.0585637 0 -0.102335 -0.994583 -0.017667 0 -0.0564606 0.0235393 -0.998127 0 -0.258223 -0.609408 0.00330127 1 
2019-09-24 09:47:31 0.990488 -0.124298 -0.0588505 0 -0.125427 -0.991966 -0.0158908 0 -0.0564036 0.0231216 -0.99814 0 -0.258156 -0.609697 0.00325246 1 
2019-09-24 09:47:31 0.983421 -0.171904 -0.057561 0 -0.172931 -0.984834 -0.0133223 0 -0.0543989 0.023056 -0.998253 0 -0.258485 -0.60925 0.00322312 1 
2019-09-24 09:47:31 0.980356 -0.188627 -0.0574608 0 -0.189637 -0.981764 -0.0126074 0 -0.0540359 0.0232569 -0.998268 0 -0.259154 -0.608805 0.00321405 1 
2019-09-24 09:47:31 0.972432 -0.225928 -0.0575557 0 -0.22688 -0.973856 -0.0105082 0 -0.0536779 0.0232773 -0.998287 0 -0.259391 -0.608636 0.00321143 1 
2019-09-24 09:47:31 0.966008 -0.251943 -0.0577341 0 -0.25286 -0.967451 -0.00905664 0 -0.0535742 0.0233479 -0.998291 0 -0.260123 -0.608312 0.00320631 1 
2019-09-24 09:47:31 0.955769 -0.288337 -0.0578589 0 -0.289193 -0.957236 -0.00683614 0 -0.0534146 0.0232666 -0.998301 0 -0.260485 -0.6082 0.00321352 1 
2019-09-24 09:47:32 0.94001 -0.336129 -0.0581275 0 -0.336914 -0.941517 -0.00397502 0 -0.053393 0.023321 -0.998301 0 -0.260564 -0.60814 0.00319806 1 
2019-09-24 09:47:32 0.922241 -0.382178 -0.058249 0 -0.382891 -0.923783 -0.00116383 0 -0.0533657 0.0233768 -0.998301 0 -0.260697 -0.608059 0.00318724 1 
2019-09-24 09:47:32 0.896261 -0.439675 -0.0581634 0 -0.440299 -0.897837 0.00229819 0 -0.0532327 0.02355 -0.998304 0 -0.26078 -0.607918 0.00315921 1 
2019-09-24 09:47:32 0.862369 -0.50295 -0.0578075 0 -0.503496 -0.863967 0.00577008 0 -0.0528468 0.0241303 -0.998311 0 -0.260906 -0.607546 0.00315128 1 
2019-09-24 09:47:32 0.825183 -0.561911 -0.057534 0 -0.562429 -0.826792 0.00829054 0 -0.0522282 0.0255181 -0.998309 0 -0.261264 -0.60669 0.00311704 1 
2019-09-24 09:47:32 0.782174 -0.620458 -0.0567138 0 -0.620945 -0.783769 0.0107393 0 -0.0511148 0.0268167 -0.998333 0 -0.261815 -0.605396 0.00313881 1 
2019-09-24 09:47:32 0.738708 -0.671801 -0.0545394 0 -0.672218 -0.740226 0.013044 0 -0.0491353 0.0270272 -0.998426 0 -0.261985 -0.604781 0.00313838 1 
2019-09-24 09:47:32 0.687689 -0.724305 -0.0494624 0 -0.724611 -0.688987 0.0147425 0 -0.0447579 0.0257033 -0.998667 0 -0.261541 -0.604914 0.00310892 1 
2019-09-24 09:47:32 0.627798 -0.777193 -0.0426815 0 -0.777425 -0.62879 0.0146491 0 -0.0382236 0.0239854 -0.998981 0 -0.2604 -0.60509 0.00303588 1 
2019-09-24 09:47:33 0.561924 -0.826191 -0.0403728 0 -0.826365 -0.562866 0.0168516 0 -0.0366478 0.0238938 -0.999043 0 -0.259987 -0.604954 0.00303056 1 
2019-09-24 09:47:33 0.496703 -0.867044 -0.038759 0 -0.867162 -0.497633 0.019277 0 -0.0360024 0.0240359 -0.999063 0 -0.25974 -0.604818 0.00301813 1 
2019-09-24 09:47:33 0.433789 -0.900267 -0.0364349 0 -0.900335 -0.43467 0.0209651 0 -0.034712 0.0237097 -0.999116 0 -0.259021 -0.605014 0.00302805 1 
2019-09-24 09:47:33 0.368104 -0.929164 -0.0336755 0 -0.929205 -0.368904 0.0216378 0 -0.0325288 0.0233269 -0.999199 0 -0.257843 -0.605316 0.00301885 1 
2019-09-24 09:47:33 0.303821 -0.952194 -0.0316423 0 -0.95221 -0.304576 0.0225771 0 -0.0311359 0.0232712 -0.999244 0 -0.257138 -0.605269 0.00303227 1 
2019-09-24 09:47:33 0.244509 -0.969164 -0.0302694 0 -0.969174 -0.245238 0.0232432 0 -0.0299503 0.0236536 -0.999271 0 -0.25663 -0.60488 0.00308358 1 
2019-09-24 09:47:33 0.179594 -0.983326 -0.0282163 0 -0.983301 -0.18029 0.0243963 0 -0.0290772 0.0233641 -0.999304 0 -0.256167 -0.605014 0.0031096 1 
2019-09-24 09:47:33 0.117885 -0.992671 -0.0262421 0 -0.992612 -0.11855 0.0254415 0 -0.0283665 0.0230495 -0.999332 0 -0.25572 -0.605207 0.00310612 1 
2019-09-24 09:47:34 0.0676658 -0.99739 -0.0247916 0 -0.997302 -0.0683185 0.0265037 0 -0.0281288 0.0229317 -0.999341 0 -0.25586 -0.605166 0.00311361 1 
2019-09-24 09:47:34 0.0204259 -0.999553 -0.0213657 0 -0.99939 -0.021011 0.0275307 0 -0.0279678 0.0207908 -0.999393 0 -0.255505 -0.60617 0.00303643 1 
2019-09-24 09:47:34 -0.0259832 -0.999504 -0.0172515 0 -0.99931 0.0255187 0.0266204 0 -0.0261675 0.0179316 -0.999497 0 -0.254616 -0.608078 0.00291703 1 
2019-09-24 09:47:34 -0.0337509 -0.999276 -0.0169969 0 -0.999081 0.0332913 0.0266379 0 -0.0260533 0.0178807 -0.999501 0 -0.25473 -0.608037 0.00292528 1 
2019-09-24 09:47:34 -0.044292 -0.998873 -0.0164819 0 -0.99869 0.0438551 0.0259917 0 -0.0252401 0.0176119 -0.999526 0 -0.25466 -0.608061 0.0029253 1 
2019-09-24 09:47:34 -0.0451396 -0.998835 -0.0164571 0 -0.998653 0.0447031 0.0259909 0 -0.0252254 0.0176085 -0.999527 0 -0.254618 -0.608076 0.0029235 1 
2019-09-24 09:47:34 -0.044823 -0.998849 -0.0164928 0 -0.998666 0.0443851 0.0260244 0 -0.0252629 0.0176376 -0.999525 0 -0.254638 -0.60806 0.00291828 1 
2019-09-24 09:47:34 -0.0426661 -0.998943 -0.0165499 0 -0.99876 0.0422275 0.0260027 0 -0.0252768 0.0176392 -0.999525 0 -0.254627 -0.608067 0.00291646 1 
2019-09-24 09:47:35 -0.0425063 -0.99895 -0.0165465 0 -0.998767 0.0420677 0.0260081 0 -0.0252852 0.0176319 -0.999525 0 -0.254608 -0.608081 0.00292183 1 
2019-09-24 09:47:35 -0.0425492 -0.998948 -0.0165513 0 -0.998765 0.0421104 0.0260104 0 -0.0252865 0.0176379 -0.999525 0 -0.254634 -0.608069 0.00292058 1 
2019-09-24 09:47:35 -0.0425496 -0.998947 -0.0165647 0 -0.998765 0.0421106 0.0260077 0 -0.0252833 0.0176512 -0.999524 0 -0.254631 -0.608065 0.00291436 1 
2019-09-24 09:47:35 -0.0425574 -0.998947 -0.0165662 0 -0.998764 0.0421183 0.0260065 0 -0.0252819 0.0176529 -0.999524 0 -0.254636 -0.608061 0.0029137 1 
2019-09-24 09:47:35 -0.0425199 -0.998949 -0.0165594 0 -0.998765 0.0420806 0.0260345 0 -0.0253108 0.0176463 -0.999524 0 -0.254639 -0.608066 0.00292327 1 
2019-09-24 09:47:35 -0.0424903 -0.99895 -0.0165388 0 -0.998766 0.0420508 0.0260722 0 -0.0253498 0.0176265 -0.999523 0 -0.254649 -0.608078 0.00294628 1 
2019-09-24 09:47:35 -0.0424924 -0.99895 -0.0165414 0 -0.998765 0.0420526 0.0260897 0 -0.0253672 0.0176299 -0.999523 0 -0.254666 -0.608072 0.00295128 1 
2019-09-24 09:47:35 -0.0424839 -0.998951 -0.0165455 0 -0.998766 0.042044 0.0260843 0 -0.0253618 0.0176336 -0.999523 0 -0.254659 -0.608074 0.00294831 1 
2019-09-24 09:47:35 -0.0424828 -0.998951 -0.0165441 0 -0.998765 0.0420428 0.0260893 0 -0.0253668 0.0176323 -0.999523 0 -0.254661 -0.608074 0.00295171 1 
2019-09-24 09:47:36 -0.0424868 -0.99895 -0.01654 0 -0.998765 0.0420469 0.0260912 0 -0.0253689 0.0176284 -0.999523 0 -0.254661 -0.608075 0.00295305 1 
2019-09-24 09:47:36 -0.042482 -0.998951 -0.0165425 0 -0.998765 0.0420421 0.02609 0 -0.0253676 0.0176307 -0.999523 0 -0.254662 -0.608074 0.00295124 1 
2019-09-24 09:47:36 -0.042488 -0.99895 -0.0165466 0 -0.998765 0.0420479 0.0260908 0 -0.0253681 0.017635 -0.999523 0 -0.254664 -0.608072 0.00294873 1 
2019-09-24 09:47:36 -0.0424922 -0.99895 -0.0165438 0 -0.998765 0.0420522 0.0260894 0 -0.0253668 0.0176323 -0.999523 0 -0.254665 -0.608072 0.00295069 1 
2019-09-24 09:47:36 -0.0424941 -0.99895 -0.0165402 0 -0.998765 0.0420542 0.0260918 0 -0.0253693 0.0176289 -0.999523 0 -0.254665 -0.608073 0.00295302 1 
2019-09-24 09:47:36 -0.042492 -0.99895 -0.0165406 0 -0.998765 0.042052 0.0260978 0 -0.0253753 0.0176295 -0.999523 0 -0.254667 -0.608073 0.00295358 1 
2019-09-24 09:47:36 -0.0424877 -0.99895 -0.0165419 0 -0.998765 0.0420477 0.0260958 0 -0.0253733 0.0176306 -0.999523 0 -0.254665 -0.608074 0.00295254 1 
2019-09-24 09:47:36 -0.0424913 -0.99895 -0.0165444 0 -0.998765 0.0420513 0.0260951 0 -0.0253725 0.0176332 -0.999523 0 -0.254666 -0.608072 0.00295037 1 
2019-09-24 09:47:37 -0.042488 -0.99895 -0.0165364 0 -0.998765 0.0420481 0.0260996 0 -0.0253774 0.0176253 -0.999523 0 -0.254668 -0.608075 0.00295509 1 
2019-09-24 09:47:37 -0.0424922 -0.99895 -0.0165433 0 -0.998765 0.0420521 0.0260972 0 -0.0253746 0.0176321 -0.999523 0 -0.254668 -0.608072 0.00295109 1 
2019-09-24 09:47:37 -0.042486 -0.998951 -0.0165363 0 -0.998765 0.0420461 0.0260995 0 -0.0253773 0.0176251 -0.999523 0 -0.254669 -0.608075 0.00295655 1 
2019-09-24 09:47:37 -0.042492 -0.99895 -0.0165373 0 -0.998765 0.042052 0.0260985 0 -0.0253762 0.0176262 -0.999523 0 -0.254668 -0.608075 0.00295469 1 
2019-09-24 09:47:37 -0.0424865 -0.998951 -0.0165362 0 -0.998765 0.0420466 0.0260973 0 -0.0253751 0.0176249 -0.999523 0 -0.254667 -0.608076 0.00295533 1 
2019-09-24 09:47:37 -0.0424888 -0.99895 -0.0165377 0 -0.998765 0.0420489 0.0260986 0 -0.0253763 0.0176265 -0.999523 0 -0.254669 -0.608074 0.00295352 1 
2019-09-24 09:47:37 -0.0424835 -0.998951 -0.0165383 0 -0.998765 0.0420436 0.0260967 0 -0.0253745 0.0176269 -0.999523 0 -0.254665 -0.608075 0.00295365 1 
2019-09-24 09:47:37 -0.0424862 -0.998951 -0.0165369 0 -0.998765 0.0420463 0.0260962 0 -0.0253739 0.0176256 -0.999523 0 -0.254668 -0.608075 0.0029542 1 
2019-09-24 09:47:38 -0.0424861 -0.998951 -0.0165369 0 -0.998765 0.0420462 0.0260989 0 -0.0253766 0.0176257 -0.999523 0 -0.254667 -0.608075 0.00295412 1 
2019-09-24 09:47:38 -0.0424921 -0.99895 -0.0165345 0 -0.998765 0.0420522 0.0260992 0 -0.025377 0.0176234 -0.999523 0 -0.254669 -0.608075 0.00295596 1 
2019-09-24 09:47:38 -0.0424883 -0.99895 -0.0165358 0 -0.998765 0.0420483 0.0260995 0 -0.0253773 0.0176246 -0.999523 0 -0.254669 -0.608075 0.00295519 1 
2019-09-24 09:47:38 -0.0424951 -0.99895 -0.0165328 0 -0.998765 0.0420553 0.0261023 0 -0.0253801 0.017622 -0.999523 0 -0.254672 -0.608075 0.00295673 1 
2019-09-24 09:47:38 -0.0424874 -0.998951 -0.0165365 0 -0.998765 0.0420475 0.0261001 0 -0.0253779 0.0176253 -0.999523 0 -0.25467 -0.608074 0.00295528 1 
2019-09-24 09:47:38 -0.0424935 -0.99895 -0.0165349 0 -0.998765 0.0420537 0.0260972 0 -0.025375 0.0176238 -0.999523 0 -0.254668 -0.608075 0.00295557 1 
