2019-09-24 09:51:07 0.999721 -0.0160259 -0.0168098 0 -0.0156993 -0.999679 0.0193833 0 -0.0171154 -0.0191144 -0.999671 0 -0.201995 -0.402892 0.444366 1 
2019-09-24 09:51:07 0.999721 -0.0160151 -0.0168134 0 -0.0156885 -0.999679 0.0193806 0 -0.0171188 -0.0191117 -0.999671 0 -0.201989 -0.402896 0.444365 1 
2019-09-24 09:51:07 0.999721 -0.0160268 -0.0168117 0 -0.0157002 -0.999679 0.0193817 0 -0.0171173 -0.0191127 -0.999671 0 -0.201995 -0.402894 0.444366 1 
2019-09-24 09:51:07 0.999721 -0.0160306 -0.0168133 0 -0.0157038 -0.999679 0.0193901 0 -0.0171191 -0.0191211 -0.999671 0 -0.201995 -0.402895 0.444367 1 
2019-09-24 09:51:08 0.999721 -0.0160227 -0.0168126 0 -0.015696 -0.999679 0.0193866 0 -0.0171181 -0.0191177 -0.999671 0 -0.201993 -0.402894 0.444368 1 
2019-09-24 09:51:08 0.99972 -0.0160305 -0.0168138 0 -0.0157037 -0.999679 0.019389 0 -0.0171196 -0.0191199 -0.999671 0 -0.201994 -0.402895 0.444367 1 
2019-09-24 09:51:08 0.999721 -0.0160273 -0.0168087 0 -0.0157007 -0.999679 0.0193824 0 -0.0171142 -0.0191135 -0.999671 0 -0.201993 -0.402895 0.444365 1 
2019-09-24 09:51:08 0.999721 -0.0160264 -0.0168144 0 -0.0156996 -0.999679 0.0193916 0 -0.0171201 -0.0191226 -0.999671 0 -0.201993 -0.402895 0.444369 1 
2019-09-24 09:51:08 0.999721 -0.0160197 -0.0168125 0 -0.015693 -0.999679 0.0193861 0 -0.017118 -0.0191172 -0.999671 0 -0.201992 -0.402895 0.444366 1 
2019-09-24 09:51:08 0.999721 -0.0160226 -0.0168128 0 -0.015696 -0.999679 0.0193836 0 -0.0171183 -0.0191147 -0.999671 0 -0.201991 -0.402896 0.444365 1 
2019-09-24 09:51:08 0.999721 -0.0160236 -0.0168089 0 -0.015697 -0.999679 0.0193807 0 -0.0171144 -0.0191118 -0.999671 0 -0.201992 -0.402895 0.444364 1 
2019-09-24 09:51:08 0.999721 -0.0160237 -0.0168131 0 -0.015697 -0.999679 0.0193872 0 -0.0171187 -0.0191182 -0.999671 0 -0.201991 -0.402896 0.444367 1 
2019-09-24 09:51:09 0.999721 -0.0160228 -0.016812 0 -0.0156961 -0.999679 0.0193864 0 -0.0171176 -0.0191175 -0.999671 0 -0.201993 -0.402895 0.444366 1 
2019-09-24 09:51:09 0.999721 -0.0160253 -0.016813 0 -0.0156987 -0.999679 0.0193846 0 -0.0171185 -0.0191156 -0.999671 0 -0.201992 -0.402894 0.444367 1 
2019-09-24 09:51:09 0.999721 -0.0160169 -0.0168155 0 -0.0156902 -0.999679 0.0193861 0 -0.0171209 -0.0191172 -0.999671 0 -0.201992 -0.402895 0.444367 1 
2019-09-24 09:51:09 0.999721 -0.0160262 -0.0168159 0 -0.0156995 -0.999679 0.0193825 0 -0.0171215 -0.0191134 -0.999671 0 -0.201995 -0.402894 0.444365 1 
2019-09-24 09:51:09 0.999721 -0.0160159 -0.0168176 0 -0.0156892 -0.999679 0.0193851 0 -0.017123 -0.0191162 -0.999671 0 -0.201992 -0.402896 0.444367 1 
2019-09-24 09:51:09 0.999721 -0.0160182 -0.0168177 0 -0.0156914 -0.999679 0.0193872 0 -0.0171232 -0.0191182 -0.999671 0 -0.201991 -0.402895 0.444368 1 
2019-09-24 09:51:09 0.999721 -0.0159795 -0.0168124 0 -0.0156531 -0.99968 0.0193714 0 -0.0171169 -0.0191032 -0.999671 0 -0.201971 -0.402901 0.44436 1 
2019-09-24 09:51:09 0.999722 -0.0160136 -0.0167587 0 -0.0156901 -0.999682 0.0192545 0 -0.0170621 -0.0189866 -0.999674 0 -0.201988 -0.402889 0.444301 1 
2019-09-24 09:51:10 0.999722 -0.0160425 -0.0167352 0 -0.0157204 -0.999682 0.019206 0 -0.0170383 -0.0189379 -0.999675 0 -0.201997 -0.402888 0.444277 1 
2019-09-24 09:51:10 0.99972 -0.0162105 -0.0166724 0 -0.0158903 -0.999681 0.01916 0 -0.016978 -0.0188901 -0.999677 0 -0.202068 -0.402868 0.444244 1 
2019-09-24 09:51:10 0.999609 -0.0200021 -0.0190545 0 -0.0195805 -0.999555 0.0220599 0 -0.0194876 -0.0216785 -0.999575 0 -0.202612 -0.403847 0.444752 1 
2019-09-24 09:51:10 0.998868 -0.0418867 -0.0221142 0 -0.0412941 -0.998783 0.0266097 0 -0.0232023 -0.0256669 -0.999401 0 -0.203265 -0.40756 0.446251 1 
2019-09-24 09:51:10 0.997256 -0.0694743 -0.0252089 0 -0.0690241 -0.997437 0.0183098 0 -0.0264169 -0.0165199 -0.999515 0 -0.200391 -0.413451 0.442877 1 
2019-09-24 09:51:10 0.997473 -0.0615455 -0.0352279 0 -0.061376 -0.998088 0.00587401 0 -0.0355228 -0.00369709 -0.999362 0 -0.197506 -0.423058 0.434498 1 
2019-09-24 09:51:10 0.997768 -0.047728 -0.0464993 0 -0.0466434 -0.99861 0.0241376 0 -0.0475876 -0.0219152 -0.998627 0 -0.19526 -0.441872 0.425545 1 
2019-09-24 09:51:10 0.996563 -0.0569951 -0.0599508 0 -0.0533661 -0.996732 0.0604852 0 -0.0632034 -0.0570791 -0.996367 0 -0.194865 -0.464422 0.415832 1 
2019-09-24 09:51:10 0.99519 -0.0749513 -0.0629252 0 -0.0697113 -0.994206 0.0817006 0 -0.0686855 -0.0769225 -0.994668 0 -0.196552 -0.483066 0.402314 1 
2019-09-24 09:51:11 0.995639 -0.0753399 -0.0548444 0 -0.071501 -0.99505 0.0688806 0 -0.0597635 -0.06466 -0.996116 0 -0.19846 -0.495063 0.383007 1 
2019-09-24 09:51:11 0.993998 -0.100543 -0.0428813 0 -0.0982601 -0.993771 0.0523894 0 -0.0478825 -0.0478624 -0.997706 0 -0.201359 -0.507865 0.361442 1 
2019-09-24 09:51:11 0.991245 -0.127878 -0.0325888 0 -0.126434 -0.991029 0.043079 0 -0.037806 -0.0385823 -0.99854 0 -0.204801 -0.524399 0.339972 1 
2019-09-24 09:51:11 0.991697 -0.126052 -0.0250537 0 -0.125205 -0.991575 0.032917 0 -0.0289924 -0.0295074 -0.999144 0 -0.209623 -0.542151 0.316216 1 
2019-09-24 09:51:11 0.992988 -0.116649 -0.0186863 0 -0.116581 -0.99316 0.00467126 0 -0.0191038 -0.00246008 -0.999814 0 -0.213712 -0.556949 0.286662 1 
2019-09-24 09:51:11 0.994523 -0.103207 -0.0158783 0 -0.103533 -0.994389 -0.0212758 0 -0.0135936 0.0228037 -0.999648 0 -0.216001 -0.572044 0.254463 1 
2019-09-24 09:51:11 0.995437 -0.0883552 -0.0357717 0 -0.0892072 -0.995739 -0.0229639 0 -0.0335909 0.0260507 -0.999096 0 -0.226719 -0.588813 0.223179 1 
2019-09-24 09:51:11 0.996147 -0.0626504 -0.0612184 0 -0.065184 -0.997049 -0.0403034 0 -0.0585139 0.0441394 -0.99731 0 -0.237685 -0.59729 0.187784 1 
2019-09-24 09:51:12 0.996936 -0.05401 -0.0564037 0 -0.0568768 -0.997093 -0.0505204 0 -0.0535121 0.0535747 -0.997129 0 -0.239462 -0.602483 0.151233 1 
2019-09-24 09:51:12 0.996964 -0.0545399 -0.0553954 0 -0.0561939 -0.997996 -0.0287506 0 -0.0537174 0.0317768 -0.99805 0 -0.242782 -0.608551 0.121008 1 
2019-09-24 09:51:12 0.996745 -0.051419 -0.0619315 0 -0.0524153 -0.998509 -0.0145699 0 -0.0610912 0.017769 -0.997974 0 -0.247403 -0.609418 0.0938505 1 
2019-09-24 09:51:12 0.996748 -0.0516944 -0.0616542 0 -0.0532347 -0.998293 -0.0236051 0 -0.0603299 0.026811 -0.997818 0 -0.250292 -0.604636 0.0704225 1 
2019-09-24 09:51:12 0.996824 -0.0511635 -0.0608754 0 -0.0533957 -0.997928 -0.0356224 0 -0.0589279 0.0387604 -0.997509 0 -0.251837 -0.600685 0.056147 1 
2019-09-24 09:51:12 0.996482 -0.0454806 -0.0702531 0 -0.0486622 -0.997825 -0.0442599 0 -0.0680886 0.0475237 -0.996547 0 -0.256986 -0.599413 0.0495284 1 
2019-09-24 09:51:12 0.995922 -0.0281389 -0.0856087 0 -0.0320682 -0.998468 -0.0448746 0 -0.0842165 0.0474378 -0.995318 0 -0.260867 -0.603046 0.0474324 1 
2019-09-24 09:51:12 0.995887 -0.0257723 -0.0867551 0 -0.0296555 -0.998592 -0.0437729 0 -0.0855065 0.0461665 -0.995267 0 -0.261544 -0.606711 0.0434138 1 
2019-09-24 09:51:12 0.99606 -0.0275647 -0.0841769 0 -0.0316271 -0.99837 -0.0473141 0 -0.082737 0.0497909 -0.995327 0 -0.260735 -0.607149 0.0382326 1 
2019-09-24 09:51:13 0.995691 -0.0401472 -0.0834709 0 -0.0443759 -0.997781 -0.0494375 0 -0.0813025 0.0529296 -0.995283 0 -0.259747 -0.606495 0.0357797 1 
2019-09-24 09:51:13 0.995737 -0.0394516 -0.0832629 0 -0.043711 -0.997784 -0.0499685 0 -0.0811086 0.053396 -0.995274 0 -0.259148 -0.60656 0.03539 1 
2019-09-24 09:51:13 0.995725 -0.0394757 -0.0833887 0 -0.0437914 -0.99775 -0.0505749 0 -0.0812062 0.0540114 -0.995233 0 -0.259249 -0.606378 0.0349873 1 
2019-09-24 09:51:13 0.995713 -0.0392961 -0.0836203 0 -0.0435866 -0.997782 -0.0501177 0 -0.0814669 0.0535486 -0.995236 0 -0.259314 -0.606737 0.0349894 1 
2019-09-24 09:51:13 0.995732 -0.0376234 -0.0841603 0 -0.0418377 -0.997918 -0.0488838 0 -0.0821475 0.0521972 -0.995252 0 -0.25869 -0.608008 0.0350217 1 
2019-09-24 09:51:13 0.995766 -0.0366637 -0.0841765 0 -0.0408596 -0.997969 -0.0486763 0 -0.0822224 0.0519106 -0.995261 0 -0.258132 -0.608584 0.0347457 1 
2019-09-24 09:51:13 0.995738 -0.0371518 -0.0842949 0 -0.0413576 -0.997947 -0.0487081 0 -0.0823138 0.0519878 -0.99525 0 -0.258369 -0.608489 0.0347499 1 
2019-09-24 09:51:13 0.995651 -0.0392841 -0.0843635 0 -0.0434828 -0.997866 -0.0485205 0 -0.0822789 0.0519788 -0.995253 0 -0.257865 -0.608662 0.0347417 1 
2019-09-24 09:51:14 0.995775 -0.0365096 -0.0841472 0 -0.0408747 -0.997865 -0.0507485 0 -0.0821163 0.0539746 -0.99516 0 -0.25632 -0.608484 0.0339903 1 
2019-09-24 09:51:14 0.995679 -0.0375828 -0.0848072 0 -0.0421869 -0.997685 -0.0531646 0 -0.0826144 0.0565137 -0.994978 0 -0.25755 -0.607317 0.0324815 1 
2019-09-24 09:51:14 0.996012 -0.0283712 -0.0844735 0 -0.0330105 -0.997983 -0.0540395 0 -0.0827715 0.0566136 -0.994959 0 -0.25767 -0.60725 0.0325002 1 
2019-09-24 09:51:14 0.996479 -0.00577771 -0.0835293 0 -0.0104456 -0.998391 -0.0555545 0 -0.0830756 0.0562325 -0.994955 0 -0.25806 -0.607516 0.0323885 1 
2019-09-24 09:51:14 0.996536 0.00347374 -0.0829774 0 -0.00119089 -0.998415 -0.0560996 0 -0.0830424 0.0560051 -0.994971 0 -0.257999 -0.607875 0.0320903 1 
2019-09-24 09:51:14 0.996701 -0.00360352 -0.0809648 0 -0.00813573 -0.998404 -0.0557171 0 -0.0806363 0.0561931 -0.995158 0 -0.258851 -0.60772 0.0310012 1 
2019-09-24 09:51:14 0.996727 -0.0163419 -0.0790457 0 -0.0207212 -0.998267 -0.0549032 0 -0.078013 0.0563625 -0.995358 0 -0.25926 -0.607316 0.0303723 1 
2019-09-24 09:51:14 0.996689 -0.0199162 -0.0787042 0 -0.0243477 -0.998138 -0.0557525 0 -0.0774488 0.0574853 -0.995338 0 -0.258397 -0.607401 0.0291887 1 
2019-09-24 09:51:15 0.996711 -0.0251386 -0.0769123 0 -0.0297553 -0.997776 -0.0594792 0 -0.0752475 0.0615734 -0.995262 0 -0.257649 -0.607454 0.0239754 1 
2019-09-24 09:51:15 0.996736 -0.0277193 -0.0757008 0 -0.032474 -0.997518 -0.0623182 0 -0.0737869 0.0645743 -0.995181 0 -0.258231 -0.60769 0.0187765 1 
2019-09-24 09:51:15 0.99675 -0.0285871 -0.0751868 0 -0.0333881 -0.99742 -0.0633921 0 -0.0731821 0.0656977 -0.995152 0 -0.258701 -0.607321 0.0176047 1 
2019-09-24 09:51:15 0.996704 -0.0325994 -0.0741623 0 -0.0374109 -0.99721 -0.0644417 0 -0.071856 0.0670051 -0.995162 0 -0.258485 -0.606776 0.0139583 1 
2019-09-24 09:51:15 0.995776 -0.0524556 -0.0752293 0 -0.0569043 -0.996669 -0.0582624 0 -0.0719239 0.0622984 -0.995463 0 -0.258266 -0.60721 0.010199 1 
2019-09-24 09:51:15 0.995209 -0.0615677 -0.075817 0 -0.0659375 -0.996211 -0.0565474 0 -0.0720496 0.0612768 -0.995517 0 -0.25835 -0.607162 0.0100015 1 
2019-09-24 09:51:15 0.995157 -0.0619954 -0.0761559 0 -0.065911 -0.996561 -0.0500234 0 -0.0727942 0.0548017 -0.99584 0 -0.258382 -0.607149 0.0088189 1 
2019-09-24 09:51:15 0.995015 -0.0629164 -0.0772523 0 -0.0654471 -0.997375 -0.030673 0 -0.0751211 0.0355767 -0.99654 0 -0.25828 -0.607734 0.00497563 1 
2019-09-24 09:51:15 0.994906 -0.0634561 -0.0782083 0 -0.0653062 -0.997628 -0.0213278 0 -0.0766708 0.0263271 -0.996709 0 -0.258553 -0.607783 0.00387923 1 
2019-09-24 09:51:16 0.9948 -0.0658299 -0.0775904 0 -0.0676402 -0.99748 -0.0209361 0 -0.0760181 0.026076 -0.996765 0 -0.258525 -0.607849 0.00385261 1 
2019-09-24 09:51:16 0.991365 -0.108659 -0.0732749 0 -0.110104 -0.993782 -0.01597 0 -0.0710853 0.0239004 -0.997184 0 -0.25679 -0.609008 0.00371253 1 
2019-09-24 09:51:16 0.988362 -0.133011 -0.0736873 0 -0.134382 -0.990822 -0.013951 0 -0.0711567 0.0236914 -0.997184 0 -0.256479 -0.609282 0.00369097 1 
2019-09-24 09:51:16 0.98744 -0.139529 -0.0739923 0 -0.140888 -0.989924 -0.0134607 0 -0.07137 0.0237167 -0.997168 0 -0.256717 -0.609222 0.00370723 1 
2019-09-24 09:51:16 0.990498 -0.113669 -0.0772846 0 -0.115222 -0.993202 -0.0159312 0 -0.0749498 0.0246852 -0.996882 0 -0.257357 -0.609006 0.00374731 1 
2019-09-24 09:51:16 0.9951 -0.0599086 -0.0785335 0 -0.06178 -0.997846 -0.021618 0 -0.0770707 0.0263644 -0.996677 0 -0.259324 -0.607596 0.00395821 1 
2019-09-24 09:51:16 0.996508 -0.0311549 -0.0773369 0 -0.0330714 -0.999164 -0.0236253 0 -0.0765376 0.026101 -0.996725 0 -0.259688 -0.607526 0.00405245 1 
2019-09-24 09:51:16 0.996828 -0.0143989 -0.0781546 0 -0.0162126 -0.999603 -0.0226212 0 -0.0777994 0.023817 -0.996685 0 -0.259012 -0.609098 0.00482988 1 
2019-09-24 09:51:17 0.99668 -0.0154958 -0.0798112 0 -0.0172769 -0.999606 -0.0216742 0 -0.0794455 0.0229816 -0.996574 0 -0.259713 -0.609541 0.00544333 1 
2019-09-24 09:51:17 0.996697 -0.0248976 -0.0771805 0 -0.0266618 -0.999395 -0.0219125 0 -0.0765897 0.0238983 -0.996776 0 -0.259845 -0.608829 0.00447817 1 
2019-09-24 09:51:17 0.996268 -0.0400021 -0.0763558 0 -0.0417786 -0.998879 -0.0218118 0 -0.0753991 0.0249209 -0.996842 0 -0.259731 -0.608307 0.00375228 1 
2019-09-24 09:51:17 0.995899 -0.0483113 -0.0763688 0 -0.0500874 -0.998503 -0.0215134 0 -0.0752166 0.0252508 -0.996847 0 -0.259635 -0.608094 0.00366554 1 
2019-09-24 09:51:17 0.9934 -0.0879519 -0.0734985 0 -0.089373 -0.995856 -0.0162682 0 -0.0717645 0.02273 -0.997163 0 -0.259253 -0.608572 0.00346953 1 
2019-09-24 09:51:17 0.986656 -0.144897 -0.0741271 0 -0.145735 -0.989296 -0.00600315 0 -0.0724651 0.0167263 -0.997231 0 -0.259545 -0.610087 0.00339063 1 
2019-09-24 09:51:17 0.975342 -0.208003 -0.0736501 0 -0.208772 -0.97795 -0.002823 0 -0.0714403 0.0181298 -0.99728 0 -0.260417 -0.60863 0.00338308 1 
2019-09-24 09:51:17 0.960868 -0.267114 -0.0732409 0 -0.26783 -0.963456 4.11725e-05 0 -0.0705767 0.0195769 -0.997314 0 -0.26098 -0.607318 0.00339149 1 
2019-09-24 09:51:18 0.937023 -0.341591 -0.0726901 0 -0.342221 -0.939601 0.00399162 0 -0.0696645 0.0211363 -0.997347 0 -0.261583 -0.606166 0.00340194 1 
2019-09-24 09:51:18 0.906406 -0.416246 -0.071749 0 -0.416841 -0.90894 0.00717727 0 -0.0682044 0.0234029 -0.997397 0 -0.262197 -0.604575 0.00345816 1 
2019-09-24 09:51:18 0.864713 -0.497511 -0.0688083 0 -0.498022 -0.867087 0.0107521 0 -0.0650133 0.024971 -0.997572 0 -0.262615 -0.602843 0.00357312 1 
2019-09-24 09:51:18 0.808347 -0.585493 -0.0612614 0 -0.585891 -0.810272 0.0131377 0 -0.0573316 0.0252732 -0.998035 0 -0.261971 -0.601238 0.0036203 1 
2019-09-24 09:51:18 0.753595 -0.654742 -0.0582056 0 -0.655013 -0.755415 0.0169683 0 -0.0550803 0.0253387 -0.99816 0 -0.26143 -0.601003 0.00361142 1 
2019-09-24 09:51:18 0.689684 -0.722101 -0.0537358 0 -0.722229 -0.691335 0.0205448 0 -0.0519858 0.0246406 -0.998344 0 -0.260271 -0.60136 0.0035633 1 
2019-09-24 09:51:18 0.616623 -0.785685 -0.0495606 0 -0.785729 -0.61812 0.0231851 0 -0.0488516 0.0246452 -0.998502 0 -0.259816 -0.601118 0.00353936 1 
2019-09-24 09:51:18 0.541378 -0.839726 -0.0418527 0 -0.839705 -0.542525 0.0232879 0 -0.0422624 0.0225368 -0.998852 0 -0.258774 -0.601543 0.00345278 1 
2019-09-24 09:51:18 0.465254 -0.884593 -0.0318522 0 -0.884598 -0.465944 0.0190772 0 -0.0317175 0.019301 -0.99931 0 -0.256985 -0.602114 0.00335897 1 
2019-09-24 09:51:19 0.400257 -0.915965 -0.0279952 0 -0.915957 -0.400822 0.0185855 0 -0.0282453 0.0182038 -0.999435 0 -0.256297 -0.60233 0.00334059 1 
2019-09-24 09:51:19 0.334328 -0.942091 -0.0258861 0 -0.942049 -0.334859 0.0198647 0 -0.0273831 0.017745 -0.999467 0 -0.25604 -0.602502 0.00336095 1 
2019-09-24 09:51:19 0.268188 -0.963076 -0.0232575 0 -0.962984 -0.268678 0.0213393 0 -0.0268007 0.016674 -0.999502 0 -0.256016 -0.602896 0.00337188 1 
2019-09-24 09:51:19 0.219767 -0.975304 -0.02155 0 -0.975173 -0.220238 0.0226789 0 -0.0268655 0.0160312 -0.999511 0 -0.256132 -0.603287 0.00337855 1 
2019-09-24 09:51:19 0.176844 -0.984033 -0.019628 0 -0.98387 -0.177283 0.0234795 0 -0.0265849 0.0151595 -0.999532 0 -0.256123 -0.603576 0.00337302 1 
2019-09-24 09:51:19 0.12273 -0.992277 -0.0174396 0 -0.992092 -0.123129 0.0239501 0 -0.025913 0.0143625 -0.999561 0 -0.256024 -0.603937 0.00335011 1 
2019-09-24 09:51:19 0.0685925 -0.997512 -0.015691 0 -0.997301 -0.0689682 0.0248017 0 -0.0258227 0.0139477 -0.999569 0 -0.255996 -0.604182 0.0033349 1 
2019-09-24 09:51:19 0.0328888 -0.999348 -0.0142347 0 -0.999117 -0.0332418 0.0253134 0 -0.0257705 0.0133899 -0.999578 0 -0.255921 -0.604436 0.00332583 1 
2019-09-24 09:51:20 0.0094705 -0.999869 -0.0124078 0 -0.999629 -0.00977896 0.0250393 0 -0.0251578 0.0121663 -0.999609 0 -0.255567 -0.605195 0.00324765 1 
2019-09-24 09:51:20 -0.0028248 -0.999924 -0.0111665 0 -0.999674 0.0025445 0.0250363 0 -0.0250065 0.0112338 -0.999624 0 -0.255392 -0.605917 0.00315179 1 
2019-09-24 09:51:20 -0.000212189 -0.999928 -0.0111367 0 -0.999676 -6.69182e-05 0.0250552 0 -0.0250547 0.0111387 -0.999624 0 -0.255269 -0.606033 0.00314883 1 
2019-09-24 09:51:20 -0.000126015 -0.99993 -0.0110212 0 -0.999678 -0.000149327 0.0249785 0 -0.0249788 0.011021 -0.999627 0 -0.255144 -0.606129 0.00316795 1 
2019-09-24 09:51:20 -0.00187865 -0.99993 -0.0107971 0 -0.999678 0.001609 0.0249286 0 -0.02491 0.0108407 -0.999631 0 -0.255012 -0.606297 0.00315019 1 
2019-09-24 09:51:20 -0.00575275 -0.99992 -0.0103684 0 -0.999667 0.00549405 0.0248087 0 -0.0247503 0.0105078 -0.999638 0 -0.254831 -0.606547 0.00315968 1 
2019-09-24 09:51:20 -0.0410157 -0.999122 -0.0072696 0 -0.998873 0.0408322 0.0238109 0 -0.0234937 0.00823818 -0.99969 0 -0.254192 -0.608075 0.00301453 1 
2019-09-24 09:51:20 -0.069598 -0.99755 -0.00550566 0 -0.997291 0.0694482 0.0238581 0 -0.0234177 0.00715135 -0.9997 0 -0.254244 -0.608815 0.0029754 1 
2019-09-24 09:51:21 -0.077762 -0.996948 -0.00527641 0 -0.996691 0.0776163 0.0237376 0 -0.0232561 0.00710497 -0.999704 0 -0.254232 -0.608816 0.00296941 1 
2019-09-24 09:51:21 -0.0777706 -0.996948 -0.00526858 0 -0.99669 0.0776251 0.0237357 0 -0.0232548 0.00709722 -0.999704 0 -0.254238 -0.608818 0.00296548 1 
2019-09-24 09:51:21 -0.077816 -0.996944 -0.00525651 0 -0.996687 0.0776708 0.0237325 0 -0.0232521 0.007086 -0.999705 0 -0.254266 -0.608812 0.00296737 1 
2019-09-24 09:51:21 -0.0778002 -0.996945 -0.00527428 0 -0.996688 0.0776546 0.023724 0 -0.0232424 0.00710268 -0.999705 0 -0.254254 -0.60881 0.00295655 1 
2019-09-24 09:51:21 -0.0777826 -0.996947 -0.00529155 0 -0.996689 0.0776363 0.0237639 0 -0.0232809 0.00712258 -0.999704 0 -0.254301 -0.608789 0.00295641 1 
2019-09-24 09:51:21 -0.0776247 -0.996959 -0.00527175 0 -0.996699 0.0774783 0.0238632 0 -0.0233826 0.00710686 -0.999701 0 -0.254334 -0.6088 0.00297736 1 
2019-09-24 09:51:21 -0.0775976 -0.996961 -0.00528375 0 -0.9967 0.0774507 0.0238945 0 -0.0234131 0.00712061 -0.999701 0 -0.254343 -0.608795 0.00297959 1 
2019-09-24 09:51:21 -0.0775325 -0.996966 -0.00529482 0 -0.996705 0.0773851 0.0239252 0 -0.0234434 0.00713249 -0.9997 0 -0.254346 -0.608793 0.00297931 1 
2019-09-24 09:51:21 -0.0775394 -0.996966 -0.00528909 0 -0.996704 0.0773921 0.0239286 0 -0.0234471 0.00712721 -0.9997 0 -0.254354 -0.608792 0.00298066 1 
2019-09-24 09:51:22 -0.0775424 -0.996965 -0.00529353 0 -0.996704 0.0773949 0.0239316 0 -0.0234498 0.00713193 -0.9997 0 -0.254357 -0.60879 0.00298097 1 
2019-09-24 09:51:22 -0.0775428 -0.996965 -0.00529716 0 -0.996704 0.0773953 0.0239289 0 -0.0234467 0.00713535 -0.9997 0 -0.254356 -0.608788 0.00297756 1 
2019-09-24 09:51:22 -0.0775572 -0.996964 -0.00529393 0 -0.996702 0.0774098 0.0239317 0 -0.0234497 0.00713268 -0.9997 0 -0.254362 -0.608787 0.00298093 1 
2019-09-24 09:51:22 -0.0775427 -0.996965 -0.00529077 0 -0.996704 0.0773954 0.0239312 0 -0.0234495 0.00712915 -0.9997 0 -0.25436 -0.60879 0.00298038 1 
2019-09-24 09:51:22 -0.0775473 -0.996965 -0.00529202 0 -0.996703 0.0773999 0.0239326 0 -0.0234508 0.00713062 -0.9997 0 -0.25436 -0.608789 0.00298135 1 
2019-09-24 09:51:22 -0.0775461 -0.996965 -0.0052914 0 -0.996703 0.0773987 0.0239314 0 -0.0234497 0.00712989 -0.9997 0 -0.25436 -0.608789 0.00298059 1 
2019-09-24 09:51:22 -0.0775468 -0.996965 -0.00529184 0 -0.996703 0.0773994 0.0239324 0 -0.0234507 0.00713042 -0.9997 0 -0.254362 -0.608788 0.00298034 1 
2019-09-24 09:51:22 -0.0775501 -0.996965 -0.00529208 0 -0.996703 0.0774027 0.023929 0 -0.0234472 0.00713047 -0.9997 0 -0.25436 -0.608789 0.00298109 1 
2019-09-24 09:51:23 -0.0775482 -0.996965 -0.0052883 0 -0.996703 0.0774009 0.0239323 0 -0.0234508 0.00712691 -0.9997 0 -0.25436 -0.608791 0.0029824 1 
2019-09-24 09:51:23 -0.0775549 -0.996964 -0.00528616 0 -0.996703 0.0774077 0.0239336 0 -0.0234522 0.00712504 -0.9997 0 -0.254363 -0.60879 0.00298335 1 
2019-09-24 09:51:23 -0.0775511 -0.996965 -0.00529059 0 -0.996703 0.0774038 0.0239323 0 -0.0234506 0.00712926 -0.9997 0 -0.254361 -0.608788 0.00297985 1 
2019-09-24 09:51:23 -0.0775516 -0.996965 -0.0052938 0 -0.996703 0.0774041 0.023936 0 -0.023454 0.00713276 -0.999699 0 -0.254365 -0.608787 0.00297976 1 
2019-09-24 09:51:23 -0.0775537 -0.996965 -0.00528597 0 -0.996703 0.0774065 0.0239347 0 -0.0234534 0.0071249 -0.9997 0 -0.254362 -0.608791 0.00298138 1 
2019-09-24 09:51:23 -0.0775536 -0.996965 -0.00528404 0 -0.996703 0.0774064 0.0239361 0 -0.0234549 0.00712309 -0.9997 0 -0.254364 -0.608791 0.00298305 1 
2019-09-24 09:51:23 -0.0775537 -0.996964 -0.00529048 0 -0.996703 0.0774063 0.0239342 0 -0.0234524 0.00712936 -0.9997 0 -0.254364 -0.608787 0.00298063 1 
2019-09-24 09:51:23 -0.0775575 -0.996964 -0.00528405 0 -0.996702 0.0774102 0.0239386 0 -0.0234573 0.00712337 -0.999699 0 -0.254367 -0.60879 0.00298384 1 
2019-09-24 09:51:24 -0.077554 -0.996964 -0.00528536 0 -0.996703 0.0774067 0.0239334 0 -0.0234521 0.00712421 -0.9997 0 -0.254363 -0.608791 0.0029831 1 
2019-09-24 09:51:24 -0.0775559 -0.996964 -0.00528575 0 -0.996702 0.0774086 0.0239374 0 -0.023456 0.00712494 -0.999699 0 -0.254365 -0.60879 0.00298308 1 
2019-09-24 09:51:24 -0.0775565 -0.996964 -0.00528846 0 -0.996702 0.0774091 0.0239383 0 -0.0234567 0.00712773 -0.999699 0 -0.254366 -0.608789 0.00298355 1 
2019-09-24 09:51:24 -0.0775531 -0.996965 -0.00528691 0 -0.996703 0.0774058 0.023937 0 -0.0234556 0.007126 -0.999699 0 -0.254365 -0.60879 0.00298372 1 
