2019-09-24 09:50:08 0.999738 -0.0166317 -0.0151081 0 -0.0163731 -0.99971 0.0170817 0 -0.0153881 -0.0168302 -0.99974 0 -0.201861 -0.402305 0.442994 1 
2019-09-24 09:50:09 0.999738 -0.016635 -0.0151077 0 -0.0163763 -0.99971 0.0170865 0 -0.0153878 -0.016835 -0.99974 0 -0.201862 -0.402305 0.442996 1 
2019-09-24 09:50:09 0.999738 -0.0166425 -0.0151056 0 -0.0163838 -0.99971 0.01709 0 -0.0153859 -0.0168383 -0.99974 0 -0.201862 -0.402305 0.442996 1 
2019-09-24 09:50:09 0.999738 -0.016635 -0.0151085 0 -0.0163763 -0.99971 0.0170885 0 -0.0153887 -0.016837 -0.99974 0 -0.201862 -0.402304 0.442997 1 
2019-09-24 09:50:09 0.999738 -0.0166396 -0.0151078 0 -0.0163809 -0.99971 0.0170856 0 -0.015388 -0.016834 -0.99974 0 -0.201862 -0.402304 0.442995 1 
2019-09-24 09:50:09 0.999738 -0.0166363 -0.0151066 0 -0.0163777 -0.99971 0.0170859 0 -0.0153868 -0.0168343 -0.99974 0 -0.201864 -0.402304 0.442996 1 
2019-09-24 09:50:09 0.999738 -0.0166369 -0.0151061 0 -0.0163783 -0.99971 0.0170854 0 -0.0153863 -0.0168339 -0.99974 0 -0.201864 -0.402303 0.442995 1 
2019-09-24 09:50:09 0.999738 -0.0166379 -0.0151105 0 -0.0163792 -0.99971 0.0170899 0 -0.0153908 -0.0168382 -0.99974 0 -0.201862 -0.402305 0.442997 1 
2019-09-24 09:50:09 0.999738 -0.0166415 -0.0151091 0 -0.0163827 -0.99971 0.0170916 0 -0.0153894 -0.0168399 -0.99974 0 -0.201864 -0.402304 0.442997 1 
2019-09-24 09:50:09 0.999738 -0.0166335 -0.0151063 0 -0.0163749 -0.99971 0.0170892 0 -0.0153865 -0.0168377 -0.99974 0 -0.201859 -0.402306 0.442996 1 
2019-09-24 09:50:10 0.999738 -0.0166412 -0.0151072 0 -0.0163826 -0.99971 0.0170856 0 -0.0153875 -0.016834 -0.99974 0 -0.201863 -0.402303 0.442996 1 
2019-09-24 09:50:10 0.999738 -0.0166371 -0.0151079 0 -0.0163784 -0.99971 0.0170912 0 -0.0153882 -0.0168396 -0.99974 0 -0.201861 -0.402306 0.442997 1 
2019-09-24 09:50:10 0.999738 -0.0166362 -0.0151055 0 -0.0163776 -0.99971 0.0170835 0 -0.0153856 -0.016832 -0.99974 0 -0.201863 -0.402305 0.442993 1 
2019-09-24 09:50:10 0.999738 -0.0166354 -0.0151071 0 -0.0163767 -0.99971 0.0170891 0 -0.0153873 -0.0168375 -0.99974 0 -0.201863 -0.402304 0.442997 1 
2019-09-24 09:50:10 0.999738 -0.0166345 -0.0151009 0 -0.0163759 -0.99971 0.0170842 0 -0.0153811 -0.0168328 -0.99974 0 -0.201861 -0.402303 0.442994 1 
2019-09-24 09:50:10 0.999738 -0.0166415 -0.0151062 0 -0.0163827 -0.99971 0.0170938 0 -0.0153865 -0.0168422 -0.99974 0 -0.201864 -0.402304 0.442998 1 
2019-09-24 09:50:10 0.999738 -0.0166349 -0.015103 0 -0.0163763 -0.99971 0.0170835 0 -0.0153831 -0.016832 -0.99974 0 -0.201863 -0.402304 0.442993 1 
2019-09-24 09:50:10 0.999738 -0.0166362 -0.0151075 0 -0.0163775 -0.99971 0.0170867 0 -0.0153877 -0.0168352 -0.99974 0 -0.201862 -0.402305 0.442995 1 
2019-09-24 09:50:11 0.999738 -0.0166322 -0.0151048 0 -0.0163736 -0.99971 0.0170871 0 -0.0153849 -0.0168356 -0.99974 0 -0.201862 -0.402306 0.442995 1 
2019-09-24 09:50:11 0.999738 -0.0166346 -0.0151061 0 -0.016376 -0.99971 0.0170848 0 -0.0153862 -0.0168333 -0.99974 0 -0.201863 -0.402304 0.442995 1 
2019-09-24 09:50:11 0.999738 -0.0166417 -0.0150976 0 -0.0163833 -0.99971 0.017076 0 -0.0153777 -0.0168245 -0.99974 0 -0.201861 -0.402303 0.44299 1 
2019-09-24 09:50:11 0.999738 -0.0166038 -0.0151088 0 -0.0163452 -0.999711 0.0170772 0 -0.0153883 -0.0168261 -0.99974 0 -0.201846 -0.402311 0.442991 1 
2019-09-24 09:50:11 0.999738 -0.0166214 -0.0151084 0 -0.0163628 -0.999711 0.0170821 0 -0.0153882 -0.0168307 -0.99974 0 -0.201851 -0.402309 0.442994 1 
2019-09-24 09:50:11 0.999738 -0.0166282 -0.0151145 0 -0.0163691 -0.99971 0.0171066 0 -0.0153949 -0.016855 -0.999739 0 -0.201859 -0.402307 0.443004 1 
2019-09-24 09:50:11 0.999737 -0.0166679 -0.0151366 0 -0.0164076 -0.999708 0.0171627 0 -0.0154186 -0.0169101 -0.999738 0 -0.201877 -0.402311 0.443026 1 
2019-09-24 09:50:11 0.999738 -0.0166602 -0.0150898 0 -0.0164024 -0.99971 0.0170532 0 -0.0153698 -0.0168016 -0.999741 0 -0.201873 -0.402296 0.442975 1 
2019-09-24 09:50:11 0.999738 -0.0166725 -0.0150695 0 -0.0164157 -0.999711 0.01701 0 -0.015349 -0.0167585 -0.999742 0 -0.201874 -0.402287 0.442957 1 
2019-09-24 09:50:12 0.999738 -0.0166975 -0.0150032 0 -0.0164438 -0.999713 0.016878 0 -0.015281 -0.0166272 -0.999745 0 -0.201885 -0.402278 0.442894 1 
2019-09-24 09:50:12 0.99974 -0.0166038 -0.0149696 0 -0.0163524 -0.999716 0.0167613 0 -0.015244 -0.0165125 -0.999747 0 -0.201847 -0.402296 0.442843 1 
2019-09-24 09:50:12 0.999749 -0.0158522 -0.0151799 0 -0.0155983 -0.999729 0.0167051 0 -0.0154409 -0.0164644 -0.999745 0 -0.201518 -0.402455 0.442847 1 
2019-09-24 09:50:12 0.999785 -0.012703 -0.0157785 0 -0.0124618 -0.999796 0.0152917 0 -0.0159699 -0.0150921 -0.999759 0 -0.200316 -0.403689 0.441853 1 
2019-09-24 09:50:12 0.999683 -0.0213354 -0.0126113 0 -0.0213022 -0.99976 0.00275853 0 -0.0126673 -0.00248906 -0.999917 0 -0.197755 -0.406486 0.435774 1 
2019-09-24 09:50:12 0.998991 -0.0434603 -0.0104511 0 -0.0435915 -0.998959 -0.0126731 0 -0.00988968 0.0131161 -0.999865 0 -0.193701 -0.412333 0.426349 1 
2019-09-24 09:50:12 0.997993 -0.0609867 -0.0164472 0 -0.0611827 -0.998048 -0.0116922 0 -0.0157023 0.0126753 -0.999796 0 -0.189354 -0.423729 0.41674 1 
2019-09-24 09:50:12 0.997511 -0.0629936 -0.0313773 0 -0.0624556 -0.997879 0.017842 0 -0.0324353 -0.0158382 -0.999348 0 -0.186154 -0.441984 0.408279 1 
2019-09-24 09:50:13 0.996672 -0.0694629 -0.0424317 0 -0.0674812 -0.996628 0.0464757 0 -0.0455178 -0.0434586 -0.998018 0 -0.182164 -0.460431 0.398129 1 
2019-09-24 09:50:13 0.996104 -0.0776436 -0.0415761 0 -0.0756417 -0.995982 0.047736 0 -0.0451163 -0.044406 -0.997994 0 -0.177858 -0.473439 0.384292 1 
2019-09-24 09:50:13 0.99404 -0.103695 -0.0333591 0 -0.102576 -0.994145 0.0336702 0 -0.0366559 -0.0300483 -0.998876 0 -0.174743 -0.484074 0.369021 1 
2019-09-24 09:50:13 0.992513 -0.119758 -0.0236164 0 -0.119322 -0.992662 0.0190928 0 -0.0257302 -0.0161322 -0.999539 0 -0.174614 -0.49736 0.353568 1 
2019-09-24 09:50:13 0.990683 -0.135692 -0.0107161 0 -0.135752 -0.99072 -0.00502724 0 -0.00993465 0.00643525 -0.99993 0 -0.178144 -0.509404 0.336642 1 
2019-09-24 09:50:13 0.98994 -0.141402 0.002169 0 -0.141275 -0.989513 -0.0297743 0 0.00635651 0.0291689 -0.999554 0 -0.182541 -0.521424 0.318409 1 
2019-09-24 09:50:13 0.986997 -0.160234 0.0119648 0 -0.159611 -0.986283 -0.0418443 0 0.0185059 0.0393912 -0.999052 0 -0.187767 -0.536005 0.300196 1 
2019-09-24 09:50:13 0.985078 -0.171237 0.0167265 0 -0.170331 -0.984322 -0.0455786 0 0.0242695 0.0420503 -0.998821 0 -0.194594 -0.55071 0.280054 1 
2019-09-24 09:50:14 0.98605 -0.16618 0.00844413 0 -0.165537 -0.984851 -0.051446 0 0.0168658 0.0493315 -0.99864 0 -0.203877 -0.561746 0.257247 1 
2019-09-24 09:50:14 0.988496 -0.150998 -0.00744038 0 -0.151119 -0.985475 -0.0773441 0 0.00434658 0.0775803 -0.996977 0 -0.211958 -0.566152 0.228459 1 
2019-09-24 09:50:14 0.990871 -0.13273 -0.023217 0 -0.134185 -0.987689 -0.0802861 0 -0.012275 0.0826701 -0.996501 0 -0.218682 -0.572368 0.198616 1 
2019-09-24 09:50:14 0.991863 -0.121778 -0.0368534 0 -0.123223 -0.991568 -0.0398607 0 -0.0316891 0.0440784 -0.998525 0 -0.225832 -0.583699 0.172427 1 
2019-09-24 09:50:14 0.993427 -0.105942 -0.0431223 0 -0.107166 -0.993861 -0.027141 0 -0.039983 0.0315845 -0.998701 0 -0.23232 -0.586767 0.145048 1 
2019-09-24 09:50:14 0.995397 -0.0847223 -0.044582 0 -0.0870318 -0.994801 -0.0526985 0 -0.0398863 0.0563371 -0.997615 0 -0.236615 -0.582399 0.117442 1 
2019-09-24 09:50:14 0.996468 -0.0636738 -0.0545658 0 -0.066513 -0.996425 -0.0518993 0 -0.0510671 0.0553464 -0.99716 0 -0.243029 -0.587261 0.0988307 1 
2019-09-24 09:50:14 0.996969 -0.0511295 -0.0584671 0 -0.0543102 -0.997044 -0.0541714 0 -0.0555256 0.0571836 -0.996818 0 -0.247464 -0.594099 0.0831444 1 
2019-09-24 09:50:14 0.997624 -0.0449856 -0.0519964 0 -0.0481476 -0.996951 -0.0612502 0 -0.0490834 0.0636094 -0.996767 0 -0.249251 -0.599395 0.0652345 1 
2019-09-24 09:50:15 0.998166 -0.0328912 -0.0506383 0 -0.0357039 -0.9978 -0.0556811 0 -0.0486965 0.0573881 -0.997164 0 -0.252606 -0.606506 0.0516979 1 
2019-09-24 09:50:15 0.998412 -0.0263472 -0.0496086 0 -0.0290805 -0.998042 -0.0552054 0 -0.0480579 0.0565615 -0.997242 0 -0.254561 -0.610674 0.0449681 1 
2019-09-24 09:50:15 0.998282 -0.0267102 -0.0519682 0 -0.0296647 -0.997927 -0.0569379 0 -0.0503406 0.0583828 -0.997024 0 -0.256714 -0.610583 0.0428688 1 
2019-09-24 09:50:15 0.99799 -0.0129837 -0.0618699 0 -0.01687 -0.99788 -0.0627107 0 -0.0609257 0.0636296 -0.996112 0 -0.260066 -0.608497 0.0421427 1 
2019-09-24 09:50:15 0.997795 -0.0056339 -0.0659804 0 -0.0099207 -0.997838 -0.0648239 0 -0.0654738 0.0653368 -0.995713 0 -0.259552 -0.608487 0.0419083 1 
2019-09-24 09:50:15 0.997873 -0.00452713 -0.0648825 0 -0.00890154 -0.997684 -0.0672903 0 -0.0644288 0.0677261 -0.995621 0 -0.257499 -0.608298 0.0402479 1 
2019-09-24 09:50:15 0.997994 -0.00526206 -0.0629333 0 -0.0098006 -0.997345 -0.0720263 0 -0.0623884 0.0725 -0.995415 0 -0.256982 -0.606779 0.036318 1 
2019-09-24 09:50:15 0.997878 -0.00622988 -0.0646615 0 -0.0104784 -0.997783 -0.0655745 0 -0.0641109 0.0661142 -0.99575 0 -0.258071 -0.607361 0.0337475 1 
2019-09-24 09:50:16 0.997754 -0.005727 -0.0666018 0 -0.00938468 -0.998447 -0.0547356 0 -0.0661862 0.0552387 -0.996277 0 -0.258099 -0.609238 0.0332027 1 
2019-09-24 09:50:16 0.997813 -0.00675746 -0.0656065 0 -0.0104691 -0.998344 -0.0563966 0 -0.065118 0.0569612 -0.996251 0 -0.258058 -0.60818 0.0308578 1 
2019-09-24 09:50:16 0.997887 -0.00636717 -0.0645126 0 -0.00995348 -0.998404 -0.0554225 0 -0.0640579 0.0559486 -0.996377 0 -0.257593 -0.607856 0.0270358 1 
2019-09-24 09:50:16 0.997792 -0.00699065 -0.0659043 0 -0.00993396 -0.998953 -0.0444385 0 -0.0655259 0.044996 -0.996836 0 -0.258124 -0.609323 0.0237587 1 
2019-09-24 09:50:16 0.997805 -0.00936354 -0.0654149 0 -0.012192 -0.998992 -0.0429739 0 -0.0649478 0.043678 -0.996932 0 -0.258131 -0.609043 0.0211247 1 
2019-09-24 09:50:16 0.997816 -0.0106873 -0.0650366 0 -0.0133651 -0.999065 -0.0408797 0 -0.0645401 0.0416605 -0.997045 0 -0.258075 -0.608854 0.0182355 1 
2019-09-24 09:50:16 0.997836 -0.0132038 -0.0642697 0 -0.0157682 -0.999083 -0.0395579 0 -0.0636897 0.0404864 -0.997148 0 -0.258019 -0.608253 0.0141119 1 
2019-09-24 09:50:16 0.997719 -0.0178576 -0.0649481 0 -0.0199228 -0.999302 -0.0312898 0 -0.0643453 0.0325131 -0.997398 0 -0.258053 -0.60899 0.00994123 1 
2019-09-24 09:50:17 0.997554 -0.0263594 -0.064584 0 -0.0282484 -0.999185 -0.0285106 0 -0.063781 0.0302658 -0.997505 0 -0.257714 -0.608864 0.00708954 1 
2019-09-24 09:50:17 0.997438 -0.0312067 -0.0642183 0 -0.033179 -0.998993 -0.0298782 0 -0.0632225 0.0319329 -0.997488 0 -0.257709 -0.60823 0.00577985 1 
2019-09-24 09:50:17 0.997432 -0.0314603 -0.0641978 0 -0.033332 -0.999034 -0.028295 0 -0.0632468 0.0303627 -0.997536 0 -0.257824 -0.608201 0.00449774 1 
2019-09-24 09:50:17 0.99736 -0.0350875 -0.0634232 0 -0.0366156 -0.999053 -0.0230949 0 -0.062554 0.0253567 -0.997719 0 -0.258622 -0.608459 0.0034893 1 
2019-09-24 09:50:17 0.997319 -0.0379568 -0.0624122 0 -0.0394186 -0.998963 -0.0223592 0 -0.0615 0.0247599 -0.9978 0 -0.258704 -0.608448 0.00342835 1 
2019-09-24 09:50:17 0.996878 -0.0506935 -0.0603787 0 -0.0520439 -0.998414 -0.0210053 0 -0.0592193 0.0240826 -0.997954 0 -0.258641 -0.608457 0.0033906 1 
2019-09-24 09:50:17 0.994335 -0.0894074 -0.0573186 0 -0.0904618 -0.995761 -0.0160671 0 -0.0556401 0.0211616 -0.998227 0 -0.258208 -0.609265 0.00324392 1 
2019-09-24 09:50:17 0.990074 -0.128419 -0.0569489 0 -0.129383 -0.991492 -0.0135688 0 -0.0547229 0.0208027 -0.998285 0 -0.258173 -0.609367 0.00319899 1 
2019-09-24 09:50:17 0.982297 -0.178306 -0.0572745 0 -0.179221 -0.983735 -0.0112046 0 -0.0543461 0.0212714 -0.998296 0 -0.258107 -0.609003 0.00319064 1 
2019-09-24 09:50:18 0.969908 -0.236528 -0.0575669 0 -0.237357 -0.97138 -0.00790692 0 -0.0540502 0.0213333 -0.99831 0 -0.258179 -0.6089 0.00318006 1 
2019-09-24 09:50:18 0.951996 -0.300607 -0.0576197 0 -0.301343 -0.953496 -0.00433646 0 -0.0536376 0.021492 -0.998329 0 -0.258016 -0.608789 0.00317348 1 
2019-09-24 09:50:18 0.927882 -0.368483 -0.0568874 0 -0.369134 -0.929365 -0.00101712 0 -0.0524954 0.0219433 -0.99838 0 -0.25749 -0.608656 0.00315023 1 
2019-09-24 09:50:18 0.893636 -0.445287 -0.0558101 0 -0.44588 -0.89508 0.00201712 0 -0.0508537 0.0230825 -0.998439 0 -0.2564 -0.608202 0.00311697 1 
2019-09-24 09:50:18 0.849462 -0.524825 -0.0543527 0 -0.525401 -0.850833 0.00423308 0 -0.0484676 0.0249616 -0.998513 0 -0.255076 -0.606871 0.00312178 1 
2019-09-24 09:50:18 0.787862 -0.614043 -0.0469581 0 -0.614548 -0.788854 0.0045061 0 -0.0398108 0.0253083 -0.998887 0 -0.253152 -0.605551 0.00318019 1 
2019-09-24 09:50:18 0.723145 -0.689556 -0.0394207 0 -0.689963 -0.723819 0.00432901 0 -0.0315192 0.0240688 -0.999213 0 -0.253085 -0.604739 0.00319707 1 
2019-09-24 09:50:18 0.654378 -0.755317 -0.0355872 0 -0.755653 -0.654933 0.00558673 0 -0.0275275 0.0232362 -0.999351 0 -0.253246 -0.604424 0.00318057 1 
2019-09-24 09:50:19 0.576201 -0.816604 -0.033629 0 -0.816898 -0.576717 0.00750685 0 -0.025525 0.0231464 -0.999406 0 -0.253039 -0.60419 0.00318804 1 
2019-09-24 09:50:19 0.506739 -0.861447 -0.0332623 0 -0.861719 -0.507274 0.00972621 0 -0.0252522 0.0237346 -0.999399 0 -0.2538 -0.603542 0.00321681 1 
2019-09-24 09:50:19 0.439609 -0.897592 -0.0324604 0 -0.897841 -0.440148 0.0115118 0 -0.0246207 0.024084 -0.999407 0 -0.254424 -0.60297 0.00321081 1 
2019-09-24 09:50:19 0.374592 -0.926625 -0.0320663 0 -0.926863 -0.375144 0.0131573 0 -0.0242218 0.0247929 -0.999399 0 -0.255008 -0.602358 0.00323131 1 
2019-09-24 09:50:19 0.315739 -0.94834 -0.0306913 0 -0.948533 -0.31629 0.0150308 0 -0.0239621 0.0243664 -0.999416 0 -0.25517 -0.602452 0.00326961 1 
2019-09-24 09:50:19 0.26586 -0.9636 -0.0278339 0 -0.963751 -0.266339 0.015138 0 -0.0220007 0.0228008 -0.999498 0 -0.255162 -0.602886 0.00326054 1 
2019-09-24 09:50:19 0.214771 -0.976384 -0.0229706 0 -0.976529 -0.215062 0.0109943 0 -0.015675 0.0200706 -0.999676 0 -0.254769 -0.603354 0.00321895 1 
2019-09-24 09:50:19 0.15536 -0.987638 -0.0203707 0 -0.987764 -0.155584 0.00986828 0 -0.0129159 0.0185887 -0.999744 0 -0.254695 -0.603771 0.00318041 1 
2019-09-24 09:50:20 0.0952114 -0.995264 -0.0191182 0 -0.995366 -0.0954323 0.0109929 0 -0.0127656 0.0179833 -0.999757 0 -0.25474 -0.604028 0.00314422 1 
2019-09-24 09:50:20 0.0427359 -0.99894 -0.016508 0 -0.999002 -0.0429287 0.0115112 0 -0.0122079 0.0159999 -0.999797 0 -0.254355 -0.605077 0.00302967 1 
2019-09-24 09:50:20 -0.00738003 -0.999882 -0.0127279 0 -0.999899 0.00723521 0.0113872 0 -0.011294 0.0128109 -0.999854 0 -0.253305 -0.607549 0.00281594 1 
2019-09-24 09:50:20 -0.012094 -0.999841 -0.0123747 0 -0.999855 0.0119542 0.0113095 0 -0.01116 0.0125099 -0.999859 0 -0.253287 -0.607715 0.00282641 1 
2019-09-24 09:50:20 -0.0257198 -0.999596 -0.0113168 0 -0.999599 0.0255921 0.0112941 0 -0.0110001 0.011603 -0.999872 0 -0.253215 -0.608219 0.00284771 1 
2019-09-24 09:50:20 -0.0256185 -0.999599 -0.0112409 0 -0.999602 0.0254916 0.0112876 0 -0.0109967 0.0115258 -0.999873 0 -0.253147 -0.608305 0.00284037 1 
2019-09-24 09:50:20 -0.0257083 -0.999597 -0.0112298 0 -0.999599 0.0255815 0.0112939 0 -0.0110022 0.0115159 -0.999873 0 -0.253178 -0.608303 0.0028444 1 
2019-09-24 09:50:20 -0.0273909 -0.999552 -0.0111934 0 -0.999555 0.0272643 0.0113108 0 -0.0110008 0.0114985 -0.999873 0 -0.253169 -0.608313 0.00285195 1 
2019-09-24 09:50:20 -0.0352075 -0.999309 -0.0110427 0 -0.99931 0.0350815 0.0114058 0 -0.0110108 0.0114369 -0.999874 0 -0.253121 -0.60837 0.0028591 1 
2019-09-24 09:50:21 -0.0436737 -0.998977 -0.0108907 0 -0.998976 0.0435484 0.0114881 0 -0.0110023 0.0113815 -0.999875 0 -0.25316 -0.608382 0.00287145 1 
2019-09-24 09:50:21 -0.0500286 -0.99868 -0.0107464 0 -0.99868 0.049907 0.0112967 0 -0.0107457 0.0112976 -0.999878 0 -0.253185 -0.608373 0.00287027 1 
2019-09-24 09:50:21 -0.049945 -0.998684 -0.0107685 0 -0.998684 0.0498228 0.0113302 0 -0.010779 0.0113205 -0.999878 0 -0.253178 -0.608372 0.00286572 1 
2019-09-24 09:50:21 -0.0479549 -0.99878 -0.0109146 0 -0.998777 0.0478265 0.0117423 0 -0.0112062 0.0114645 -0.999871 0 -0.25322 -0.608357 0.0028643 1 
2019-09-24 09:50:21 -0.0473187 -0.99881 -0.0109521 0 -0.998806 0.0471884 0.0118663 0 -0.0113356 0.0115007 -0.99987 0 -0.253276 -0.608338 0.00286817 1 
2019-09-24 09:50:21 -0.0472978 -0.998811 -0.0109433 0 -0.998807 0.0471673 0.0118959 0 -0.0113658 0.0114931 -0.999869 0 -0.253284 -0.608342 0.00288857 1 
2019-09-24 09:50:21 -0.0472605 -0.998813 -0.010929 0 -0.998808 0.0471295 0.0119491 0 -0.01142 0.0114809 -0.999869 0 -0.253307 -0.608348 0.00290927 1 
2019-09-24 09:50:21 -0.0472484 -0.998814 -0.0109284 0 -0.998808 0.0471173 0.0119631 0 -0.0114342 0.0114809 -0.999869 0 -0.253312 -0.608348 0.00290959 1 
2019-09-24 09:50:22 -0.0472513 -0.998814 -0.0109294 0 -0.998808 0.0471201 0.011965 0 -0.0114361 0.0114819 -0.999869 0 -0.253318 -0.608345 0.00291074 1 
2019-09-24 09:50:22 -0.0472566 -0.998813 -0.0109253 0 -0.998808 0.0471254 0.0119697 0 -0.0114408 0.0114782 -0.999869 0 -0.253322 -0.608345 0.00291315 1 
2019-09-24 09:50:22 -0.0472584 -0.998813 -0.0109232 0 -0.998808 0.0471272 0.0119706 0 -0.0114418 0.0114761 -0.999869 0 -0.253323 -0.608346 0.00291379 1 
2019-09-24 09:50:22 -0.0472593 -0.998813 -0.0109294 0 -0.998807 0.047128 0.0119714 0 -0.0114423 0.0114824 -0.999869 0 -0.253323 -0.608343 0.00291125 1 
2019-09-24 09:50:22 -0.047261 -0.998813 -0.0109253 0 -0.998807 0.0471298 0.0119715 0 -0.0114426 0.0114783 -0.999869 0 -0.253323 -0.608345 0.00291314 1 
2019-09-24 09:50:22 -0.0472607 -0.998813 -0.0109247 0 -0.998807 0.0471294 0.0119767 0 -0.0114478 0.011478 -0.999869 0 -0.253327 -0.608344 0.00291419 1 
2019-09-24 09:50:22 -0.0472616 -0.998813 -0.0109241 0 -0.998807 0.0471303 0.0119763 0 -0.0114474 0.0114773 -0.999869 0 -0.253326 -0.608345 0.00291514 1 
2019-09-24 09:50:22 -0.0472613 -0.998813 -0.0109301 0 -0.998807 0.04713 0.0119738 0 -0.0114447 0.0114832 -0.999869 0 -0.253326 -0.608342 0.00291168 1 
2019-09-24 09:50:23 -0.0472547 -0.998814 -0.0109239 0 -0.998808 0.0471234 0.011976 0 -0.0114472 0.011477 -0.999869 0 -0.253325 -0.608345 0.00291396 1 
2019-09-24 09:50:23 -0.047264 -0.998813 -0.0109243 0 -0.998807 0.0471328 0.0119744 0 -0.0114456 0.0114775 -0.999869 0 -0.253328 -0.608344 0.00291364 1 
2019-09-24 09:50:23 -0.0472609 -0.998813 -0.0109271 0 -0.998807 0.0471296 0.0119745 0 -0.0114455 0.0114802 -0.999869 0 -0.253325 -0.608344 0.00291308 1 
2019-09-24 09:50:23 -0.0472626 -0.998813 -0.0109216 0 -0.998807 0.0471313 0.0119781 0 -0.0114494 0.0114749 -0.999869 0 -0.253328 -0.608345 0.00291575 1 
2019-09-24 09:50:23 -0.0472652 -0.998813 -0.0109289 0 -0.998807 0.0471339 0.0119769 0 -0.0114478 0.0114822 -0.999869 0 -0.253328 -0.608342 0.00291247 1 
2019-09-24 09:50:23 -0.0472624 -0.998813 -0.0109215 0 -0.998807 0.0471311 0.0119768 0 -0.0114481 0.0114748 -0.999869 0 -0.253327 -0.608346 0.00291577 1 
2019-09-24 09:50:23 -0.0472628 -0.998813 -0.0109206 0 -0.998807 0.0471316 0.0119786 0 -0.0114499 0.011474 -0.999869 0 -0.25333 -0.608345 0.00291672 1 
2019-09-24 09:50:23 -0.0472628 -0.998813 -0.0109226 0 -0.998807 0.0471316 0.0119787 0 -0.0114499 0.0114759 -0.999869 0 -0.253329 -0.608344 0.00291667 1 
2019-09-24 09:50:23 -0.0472667 -0.998813 -0.0109211 0 -0.998807 0.0471354 0.0119806 0 -0.0114518 0.0114746 -0.999869 0 -0.25333 -0.608345 0.00291633 1 
2019-09-24 09:50:24 -0.047267 -0.998813 -0.0109223 0 -0.998807 0.0471357 0.0119813 0 -0.0114524 0.0114758 -0.999869 0 -0.253331 -0.608344 0.00291534 1 
2019-09-24 09:50:24 -0.0472678 -0.998813 -0.0109244 0 -0.998807 0.0471364 0.0119804 0 -0.0114514 0.0114779 -0.999869 0 -0.253332 -0.608343 0.00291535 1 
2019-09-24 09:50:24 -0.0472693 -0.998813 -0.0109226 0 -0.998807 0.047138 0.0119797 0 -0.0114508 0.011476 -0.999869 0 -0.253332 -0.608344 0.00291572 1 
2019-09-24 09:50:24 -0.0472626 -0.998813 -0.0109297 0 -0.998807 0.0471313 0.0119786 0 -0.0114495 0.011483 -0.999869 0 -0.25333 -0.608341 0.0029131 1 
2019-09-24 09:50:24 -0.0472664 -0.998813 -0.0109267 0 -0.998807 0.0471351 0.0119761 0 -0.0114471 0.0114799 -0.999869 0 -0.253328 -0.608343 0.00291343 1 
2019-09-24 09:50:24 -0.0472723 -0.998813 -0.010924 0 -0.998807 0.047141 0.0119819 0 -0.011453 0.0114776 -0.999869 0 -0.253335 -0.608342 0.00291649 1 
