0.998679 -0.0380483 -0.0342398 0 -0.0387892 -0.999012 -0.0212382 0 -0.0333986 0.0225387 -0.999188 0 -0.266043 -0.660731 0.0235492 1 
0.998678 -0.0380921 -0.034248 0 -0.0388331 -0.99901 -0.0212348 0 -0.0334059 0.0225371 -0.999188 0 -0.266071 -0.660722 0.0235497 1 
0.998678 -0.0380938 -0.0342447 0 -0.0388346 -0.99901 -0.0212349 0 -0.0334025 0.0225371 -0.999188 0 -0.26607 -0.660721 0.0235487 1 
0.998679 -0.0380691 -0.034242 0 -0.0388102 -0.999011 -0.0212463 0 -0.0334 0.0225476 -0.999188 0 -0.266059 -0.660722 0.0235438 1 
0.998677 -0.0380949 -0.0342477 0 -0.0388359 -0.99901 -0.0212379 0 -0.0334054 0.0225403 -0.999188 0 -0.266075 -0.660719 0.0235502 1 
0.998677 -0.0381034 -0.0342498 0 -0.0388444 -0.99901 -0.0212358 0 -0.0334074 0.0225386 -0.999188 0 -0.266085 -0.660716 0.0235504 1 
0.998678 -0.0380737 -0.034243 0 -0.0388148 -0.999011 -0.0212438 0 -0.033401 0.0225453 -0.999188 0 -0.26606 -0.660722 0.0235451 1 
0.998678 -0.0380815 -0.0342474 0 -0.0388225 -0.999011 -0.0212395 0 -0.0334053 0.0225415 -0.999188 0 -0.266068 -0.660721 0.023548 1 
0.998677 -0.0381023 -0.0342507 0 -0.0388433 -0.99901 -0.0212362 0 -0.0334082 0.022539 -0.999188 0 -0.266084 -0.660716 0.0235518 1 
0.998677 -0.0381065 -0.0342507 0 -0.0388476 -0.99901 -0.0212391 0 -0.0334081 0.022542 -0.999188 0 -0.266083 -0.660716 0.0235501 1 
0.998677 -0.0381012 -0.0342508 0 -0.0388423 -0.99901 -0.0212399 0 -0.0334083 0.0225426 -0.999188 0 -0.26608 -0.660717 0.0235483 1 
0.998676 -0.0381111 -0.0342601 0 -0.0388522 -0.99901 -0.0212314 0 -0.0334177 0.0225348 -0.999187 0 -0.26609 -0.660717 0.0235534 1 
0.998676 -0.0381139 -0.0342582 0 -0.0388549 -0.99901 -0.0212283 0 -0.0334159 0.0225317 -0.999188 0 -0.266092 -0.660717 0.0235548 1 
0.998677 -0.0381027 -0.0342558 0 -0.0388437 -0.99901 -0.0212333 0 -0.0334135 0.0225363 -0.999187 0 -0.266081 -0.66072 0.023552 1 
0.998677 -0.0380959 -0.0342532 0 -0.038837 -0.99901 -0.0212354 0 -0.033411 0.022538 -0.999188 0 -0.266081 -0.660719 0.0235513 1 
0.998677 -0.0381086 -0.034255 0 -0.0388496 -0.99901 -0.0212321 0 -0.0334126 0.0225352 -0.999188 0 -0.266086 -0.660717 0.0235517 1 
0.998676 -0.0381108 -0.0342581 0 -0.038852 -0.99901 -0.021234 0 -0.0334156 0.0225373 -0.999187 0 -0.266089 -0.660716 0.0235522 1 
0.998677 -0.0380945 -0.0342495 0 -0.0388354 -0.99901 -0.0212318 0 -0.0334075 0.0225343 -0.999188 0 -0.266078 -0.660721 0.0235506 1 
0.998678 -0.0380902 -0.0342503 0 -0.038831 -0.999011 -0.0212311 0 -0.0334083 0.0225334 -0.999188 0 -0.266071 -0.660723 0.0235516 1 
0.998678 -0.0380862 -0.0342483 0 -0.0388271 -0.999011 -0.0212355 0 -0.0334063 0.0225376 -0.999188 0 -0.266069 -0.660723 0.0235491 1 
0.998678 -0.0380756 -0.0342468 0 -0.0388163 -0.999011 -0.0212313 0 -0.0334052 0.022533 -0.999188 0 -0.266065 -0.660726 0.0235526 1 
0.998678 -0.0380814 -0.0342481 0 -0.0388225 -0.999011 -0.0212402 0 -0.033406 0.0225421 -0.999188 0 -0.266071 -0.66072 0.0235486 1 
0.998678 -0.0380932 -0.0342476 0 -0.0388342 -0.99901 -0.0212367 0 -0.0334054 0.022539 -0.999188 0 -0.266073 -0.660721 0.0235501 1 
0.998678 -0.0380836 -0.034246 0 -0.0388246 -0.999011 -0.0212386 0 -0.0334039 0.0225405 -0.999188 0 -0.26607 -0.660722 0.0235494 1 
0.998678 -0.0380932 -0.0342453 0 -0.0388342 -0.99901 -0.0212407 0 -0.0334029 0.022543 -0.999188 0 -0.26607 -0.660721 0.0235477 1 
0.998678 -0.0380902 -0.0342454 0 -0.0388311 -0.99901 -0.0212376 0 -0.0334032 0.0225397 -0.999188 0 -0.266073 -0.66072 0.0235499 1 
0.998678 -0.0380837 -0.0342463 0 -0.0388247 -0.999011 -0.0212378 0 -0.0334042 0.0225398 -0.999188 0 -0.266069 -0.660722 0.0235509 1 
0.998678 -0.0380951 -0.034244 0 -0.0388361 -0.99901 -0.0212403 0 -0.0334016 0.0225426 -0.999188 0 -0.266071 -0.66072 0.023548 1 
0.998677 -0.0381019 -0.0342482 0 -0.0388427 -0.99901 -0.0212314 0 -0.033406 0.022534 -0.999188 0 -0.266078 -0.660721 0.0235559 1 
0.998677 -0.0381025 -0.0342492 0 -0.0388431 -0.99901 -0.021224 0 -0.0334073 0.0225268 -0.999188 0 -0.266076 -0.660724 0.0235576 1 
0.998677 -0.0380982 -0.0342497 0 -0.0388387 -0.999011 -0.0212207 0 -0.033408 0.0225233 -0.999188 0 -0.266074 -0.660726 0.0235579 1 
0.998677 -0.038098 -0.0342528 0 -0.0388382 -0.999011 -0.0212115 0 -0.0334115 0.0225142 -0.999188 0 -0.266079 -0.660728 0.0235626 1 
0.998678 -0.038083 -0.0342537 0 -0.0388226 -0.999012 -0.0211912 0 -0.0334135 0.0224934 -0.999188 0 -0.266065 -0.66074 0.0235706 1 
0.998679 -0.0380464 -0.0342622 0 -0.0387848 -0.999014 -0.0211514 0 -0.0334244 0.0224527 -0.999189 0 -0.26605 -0.660762 0.0235885 1 
0.99868 -0.038027 -0.0342602 0 -0.0387651 -0.999015 -0.021141 0 -0.0334231 0.0224416 -0.999189 0 -0.26604 -0.660769 0.0235937 1 
0.99868 -0.0380152 -0.0342542 0 -0.038753 -0.999016 -0.0211392 0 -0.0334175 0.0224391 -0.99919 0 -0.266026 -0.660774 0.0235935 1 
0.99868 -0.0380079 -0.034259 0 -0.0387453 -0.999016 -0.0211246 0 -0.033423 0.0224246 -0.99919 0 -0.266021 -0.660781 0.0236032 1 
0.99868 -0.0380143 -0.0342635 0 -0.0387511 -0.999016 -0.0211031 0 -0.0334283 0.0224034 -0.99919 0 -0.266026 -0.660787 0.0236167 1 
0.99868 -0.0380138 -0.0342685 0 -0.03875 -0.999017 -0.0210806 0 -0.0334341 0.0223811 -0.99919 0 -0.266025 -0.660796 0.0236271 1 
0.99868 -0.0380047 -0.0342691 0 -0.038741 -0.999017 -0.0210841 0 -0.0334348 0.0223843 -0.99919 0 -0.266022 -0.660796 0.023626 1 
0.99868 -0.0380047 -0.0342678 0 -0.0387409 -0.999017 -0.0210834 0 -0.0334335 0.0223836 -0.99919 0 -0.266024 -0.660796 0.0236274 1 
0.99868 -0.0379988 -0.0342717 0 -0.0387352 -0.999017 -0.0210835 0 -0.0334375 0.0223836 -0.99919 0 -0.266024 -0.660796 0.0236272 1 
0.998681 -0.0379877 -0.0342669 0 -0.038724 -0.999018 -0.0210856 0 -0.0334329 0.0223852 -0.99919 0 -0.266015 -0.660799 0.023628 1 
0.998681 -0.0379898 -0.0342669 0 -0.038726 -0.999018 -0.0210837 0 -0.0334329 0.0223833 -0.99919 0 -0.266012 -0.6608 0.0236275 1 
0.99868 -0.0379971 -0.0342702 0 -0.0387331 -0.999018 -0.0210741 0 -0.0334365 0.0223742 -0.99919 0 -0.266017 -0.660802 0.02363 1 
0.99868 -0.0379896 -0.0342825 0 -0.0387249 -0.999019 -0.0210453 0 -0.03345 0.0223455 -0.999191 0 -0.26602 -0.660812 0.0236472 1 
0.99868 -0.0379944 -0.0342886 0 -0.0387293 -0.999019 -0.0210284 0 -0.0334566 0.0223291 -0.999191 0 -0.266025 -0.660817 0.0236576 1 
0.99868 -0.0380011 -0.0342904 0 -0.0387356 -0.999019 -0.021016 0 -0.0334588 0.0223169 -0.999191 0 -0.266028 -0.66082 0.0236627 1 
0.99868 -0.0379954 -0.0342946 0 -0.0387298 -0.999019 -0.0210103 0 -0.0334633 0.0223112 -0.999191 0 -0.266027 -0.660823 0.0236644 1 
0.998679 -0.0379989 -0.0342964 0 -0.038733 -0.999019 -0.0209998 0 -0.0334655 0.0223009 -0.999191 0 -0.266029 -0.660825 0.0236728 1 
0.998679 -0.0380166 -0.034301 0 -0.0387506 -0.999019 -0.020996 0 -0.0334697 0.0222979 -0.999191 0 -0.266043 -0.660823 0.0236723 1 
0.998678 -0.0380237 -0.0343058 0 -0.0387578 -0.999018 -0.0209917 0 -0.0334746 0.022294 -0.999191 0 -0.266049 -0.660822 0.0236775 1 
0.998679 -0.0380023 -0.0343014 0 -0.0387364 -0.999019 -0.0209967 0 -0.0334705 0.0222981 -0.999191 0 -0.266035 -0.660826 0.0236745 1 
0.99868 -0.0379984 -0.0342946 0 -0.0387325 -0.999019 -0.0210032 0 -0.0334636 0.0223042 -0.999191 0 -0.266029 -0.660826 0.0236705 1 
0.998679 -0.0380145 -0.0342942 0 -0.0387491 -0.999018 -0.0210151 0 -0.0334623 0.0223166 -0.999191 0 -0.266036 -0.660819 0.0236646 1 
0.99868 -0.0380018 -0.0342825 0 -0.0387369 -0.999018 -0.0210408 0 -0.0334499 0.0223415 -0.999191 0 -0.266027 -0.660813 0.0236473 1 
0.99868 -0.0380045 -0.0342765 0 -0.0387404 -0.999018 -0.0210672 0 -0.0334429 0.0223677 -0.99919 0 -0.266029 -0.660803 0.0236315 1 
0.998679 -0.0380195 -0.0342739 0 -0.0387554 -0.999017 -0.0210671 0 -0.0334399 0.022368 -0.99919 0 -0.266032 -0.660801 0.0236308 1 
0.99868 -0.0380038 -0.0342688 0 -0.0387398 -0.999017 -0.021075 0 -0.0334349 0.0223752 -0.99919 0 -0.266025 -0.660801 0.0236262 1 
0.99868 -0.0380067 -0.0342666 0 -0.0387427 -0.999017 -0.0210764 0 -0.0334326 0.0223766 -0.99919 0 -0.26602 -0.660802 0.0236243 1 
0.99868 -0.0380152 -0.0342704 0 -0.0387513 -0.999017 -0.0210765 0 -0.0334361 0.0223772 -0.99919 0 -0.26603 -0.660798 0.0236271 1 
0.99868 -0.0380189 -0.034259 0 -0.0387559 -0.999016 -0.0211131 0 -0.0334232 0.0224134 -0.99919 0 -0.266026 -0.660786 0.023607 1 
0.998681 -0.0380044 -0.0342465 0 -0.0387424 -0.999016 -0.0211511 0 -0.0334096 0.0224505 -0.99919 0 -0.266017 -0.660775 0.0235828 1 
0.998681 -0.0380109 -0.0342481 0 -0.0387488 -0.999016 -0.021144 0 -0.0334114 0.0224436 -0.99919 0 -0.266023 -0.660775 0.0235858 1 
0.998681 -0.0380023 -0.0342498 0 -0.0387403 -0.999016 -0.0211454 0 -0.0334131 0.0224448 -0.99919 0 -0.266018 -0.660777 0.0235853 1 
0.998681 -0.0380086 -0.0342472 0 -0.0387467 -0.999016 -0.0211529 0 -0.0334102 0.0224524 -0.999189 0 -0.26602 -0.660773 0.0235817 1 
0.998681 -0.0380102 -0.0342427 0 -0.0387487 -0.999015 -0.021166 0 -0.0334051 0.0224654 -0.999189 0 -0.266019 -0.660769 0.0235769 1 
0.998681 -0.0380051 -0.0342308 0 -0.0387441 -0.999015 -0.0211897 0 -0.0333924 0.0224884 -0.999189 0 -0.266009 -0.660763 0.023564 1 
0.998682 -0.0380008 -0.0342282 0 -0.0387403 -0.999015 -0.0212075 0 -0.0333892 0.022506 -0.999189 0 -0.266011 -0.660756 0.0235515 1 
0.998681 -0.0380153 -0.0342261 0 -0.038755 -0.999014 -0.021214 0 -0.0333865 0.0225128 -0.999189 0 -0.266016 -0.660751 0.0235496 1 
0.998682 -0.0380036 -0.0342238 0 -0.0387434 -0.999014 -0.0212189 0 -0.0333843 0.0225173 -0.999189 0 -0.266008 -0.660753 0.0235454 1 
0.998682 -0.0379919 -0.0342225 0 -0.0387314 -0.999015 -0.0212123 0 -0.0333836 0.0225103 -0.999189 0 -0.265999 -0.660758 0.0235485 1 
0.998682 -0.038006 -0.0342246 0 -0.0387455 -0.999014 -0.0212114 0 -0.0333854 0.0225099 -0.999189 0 -0.266008 -0.660756 0.0235491 1 
0.998681 -0.0380246 -0.0342275 0 -0.0387643 -0.999014 -0.0212119 0 -0.0333878 0.0225112 -0.999189 0 -0.266022 -0.66075 0.0235513 1 
0.998681 -0.0380214 -0.0342291 0 -0.0387612 -0.999014 -0.0212152 0 -0.0333893 0.0225144 -0.999189 0 -0.266023 -0.660748 0.0235492 1 
0.99868 -0.0380323 -0.0342314 0 -0.0387719 -0.999013 -0.0212058 0 -0.0333918 0.0225055 -0.999189 0 -0.266027 -0.66075 0.0235545 1 
0.99868 -0.0380412 -0.0342352 0 -0.0387806 -0.999013 -0.0211987 0 -0.0333956 0.0224988 -0.999189 0 -0.266034 -0.66075 0.0235593 1 
0.99868 -0.0380371 -0.0342365 0 -0.0387764 -0.999013 -0.021194 0 -0.0333972 0.022494 -0.999189 0 -0.266033 -0.660752 0.0235618 1 
0.998681 -0.0380272 -0.034231 0 -0.0387665 -0.999014 -0.0211981 0 -0.0333918 0.0224976 -0.999189 0 -0.266024 -0.660754 0.0235587 1 
0.99868 -0.0380328 -0.0342326 0 -0.0387721 -0.999014 -0.0211976 0 -0.0333933 0.0224973 -0.999189 0 -0.26603 -0.660752 0.0235581 1 
0.99868 -0.0380517 -0.0342321 0 -0.0387917 -0.999012 -0.0212166 0 -0.0333916 0.022517 -0.999189 0 -0.266039 -0.660742 0.0235479 1 
0.99868 -0.0380489 -0.0342274 0 -0.0387894 -0.999012 -0.0212367 0 -0.0333862 0.0225368 -0.999188 0 -0.266035 -0.660737 0.023534 1 
0.99868 -0.0380506 -0.0342195 0 -0.0387919 -0.999011 -0.0212638 0 -0.0333772 0.0225636 -0.999188 0 -0.266036 -0.660726 0.0235164 1 
0.99868 -0.0380489 -0.0342201 0 -0.0387898 -0.999012 -0.0212545 0 -0.0333783 0.0225542 -0.999188 0 -0.266031 -0.660731 0.0235207 1 
0.998681 -0.0380201 -0.0342215 0 -0.0387593 -0.999014 -0.0212046 0 -0.0333822 0.0225035 -0.999189 0 -0.266016 -0.660753 0.0235437 1 
0.99869 -0.037843 -0.0341476 0 -0.0385726 -0.999026 -0.0209687 0 -0.0333215 0.0222589 -0.999197 0 -0.265871 -0.660879 0.0236786 1 
0.998696 -0.0375866 -0.034277 0 -0.0383051 -0.999045 -0.0205523 0 -0.0334724 0.0218389 -0.999201 0 -0.265737 -0.661079 0.023989 1 
0.998698 -0.0373118 -0.0345025 0 -0.0380138 -0.999069 -0.0199203 0 -0.0337278 0.0212063 -0.999206 0 -0.265611 -0.661354 0.0244584 1 
0.998699 -0.0370174 -0.034795 0 -0.0376979 -0.999097 -0.0191073 0 -0.0340569 0.0203945 -0.999212 0 -0.265494 -0.661689 0.025074 1 
0.998697 -0.0367416 -0.0351389 0 -0.0373942 -0.999127 -0.0180996 0 -0.0344438 0.0193904 -0.999219 0 -0.265408 -0.662079 0.0258481 1 
0.998694 -0.0364644 -0.0355256 0 -0.0370858 -0.999158 -0.0169936 0 -0.0348767 0.0182893 -0.999224 0 -0.26533 -0.662502 0.0267101 1 
0.998694 -0.0361596 -0.0358279 0 -0.0367572 -0.999184 -0.016165 0 -0.0352148 0.0174611 -0.999227 0 -0.265214 -0.662889 0.0276352 1 
0.998697 -0.0358182 -0.036091 0 -0.0363942 -0.999209 -0.0154303 0 -0.0355104 0.016724 -0.999229 0 -0.265041 -0.663285 0.0286365 1 
0.998702 -0.0355121 -0.0362489 0 -0.0360679 -0.99923 -0.0147981 0 -0.0356962 0.0160866 -0.999233 0 -0.264828 -0.663666 0.0296451 1 
0.998709 -0.0351359 -0.0364093 0 -0.0356831 -0.999249 -0.0144878 0 -0.0358736 0.0157686 -0.999232 0 -0.264606 -0.663972 0.0305693 1 
0.998705 -0.0352463 -0.0364192 0 -0.0357988 -0.999242 -0.0146307 0 -0.0358766 0.0159159 -0.999229 0 -0.264345 -0.664164 0.031385 1 
0.998723 -0.0348719 -0.0362928 0 -0.0354396 -0.999248 -0.0151168 0 -0.0357391 0.016384 -0.999227 0 -0.264055 -0.664247 0.0320077 1 
0.998742 -0.0345088 -0.0361127 0 -0.0350954 -0.99925 -0.0157368 0 -0.0355433 0.0169847 -0.999224 0 -0.263722 -0.664269 0.0324654 1 
0.99875 -0.0344536 -0.0359543 0 -0.0350561 -0.999243 -0.0162624 0 -0.0353675 0.0175028 -0.999221 0 -0.263311 -0.664281 0.0327677 1 
0.998766 -0.0341399 -0.0357979 0 -0.0347563 -0.999246 -0.016739 0 -0.0352001 0.0179629 -0.999219 0 -0.262835 -0.664246 0.0328628 1 
0.998787 -0.0336804 -0.0356496 0 -0.034308 -0.999255 -0.0171424 0 -0.0350463 0.018345 -0.999217 0 -0.262253 -0.6642 0.0328548 1 
0.998815 -0.0330513 -0.0354638 0 -0.0336921 -0.999267 -0.017626 0 -0.0348559 0.0188003 -0.999215 0 -0.261573 -0.664137 0.0328299 1 
0.998824 -0.0329939 -0.0352614 0 -0.0336474 -0.99926 -0.0181028 0 -0.0346387 0.0192683 -0.999214 0 -0.260792 -0.664081 0.0328417 1 
0.998831 -0.0329297 -0.0351036 0 -0.0335942 -0.999254 -0.0185113 0 -0.0344685 0.0196693 -0.999212 0 -0.259948 -0.664062 0.0329218 1 
0.99884 -0.032803 -0.0349903 0 -0.0334778 -0.999252 -0.0188758 0 -0.0343456 0.0200257 -0.999209 0 -0.259073 -0.664067 0.0330496 1 
0.998849 -0.0325672 -0.0349424 0 -0.0332471 -0.999256 -0.0190574 0 -0.0342964 0.0201975 -0.999208 0 -0.258249 -0.664134 0.0332756 1 
0.998852 -0.0324226 -0.0349789 0 -0.0331002 -0.999262 -0.0189677 0 -0.0343387 0.0201041 -0.999208 0 -0.257525 -0.664297 0.0336187 1 
0.998842 -0.0326259 -0.0350891 0 -0.0332962 -0.999261 -0.0186888 0 -0.0344541 0.0198359 -0.999209 0 -0.256872 -0.664513 0.0340615 1 
0.998823 -0.0330384 -0.0352378 0 -0.0336992 -0.999254 -0.0183247 0 -0.0346068 0.019491 -0.999211 0 -0.25634 -0.664726 0.0345249 1 
0.998812 -0.0332258 -0.0353797 0 -0.0338765 -0.999255 -0.017953 0 -0.0347575 0.0191306 -0.999213 0 -0.255957 -0.664908 0.0349667 1 
0.998801 -0.0334255 -0.0355016 0 -0.0340657 -0.999255 -0.0175841 0 -0.0348881 0.0187728 -0.999215 0 -0.255635 -0.665073 0.0353958 1 
0.998787 -0.0337468 -0.0355931 0 -0.0343812 -0.999248 -0.0173633 0 -0.0349811 0.0185664 -0.999215 0 -0.255312 -0.665175 0.0357611 1 
0.998776 -0.0339824 -0.035675 0 -0.0346138 -0.999243 -0.0172318 0 -0.0350631 0.0184459 -0.999215 0 -0.255023 -0.665239 0.036069 1 
0.998762 -0.0342034 -0.0358535 0 -0.0348347 -0.999237 -0.017134 0 -0.0352407 0.0183621 -0.99921 0 -0.254875 -0.665275 0.03636 1 
0.998749 -0.0343623 -0.0360559 0 -0.0349995 -0.99923 -0.0171914 0 -0.0354381 0.0184322 -0.999202 0 -0.254902 -0.665246 0.0365582 1 
0.998735 -0.034566 -0.0362503 0 -0.0352101 -0.999221 -0.0172821 0 -0.0356254 0.018537 -0.999193 0 -0.255079 -0.665158 0.0366309 1 
0.998719 -0.0348162 -0.0364426 0 -0.0354726 -0.999207 -0.0175212 0 -0.0358044 0.0187919 -0.999182 0 -0.255298 -0.665005 0.0365701 1 
0.998699 -0.0351525 -0.0366682 0 -0.0358302 -0.999186 -0.0179904 0 -0.0360067 0.0192812 -0.999166 0 -0.255583 -0.664731 0.0364114 1 
0.99868 -0.0355014 -0.0368607 0 -0.0362068 -0.999161 -0.0186495 0 -0.0361683 0.0199599 -0.999146 0 -0.255852 -0.664367 0.0361854 1 
0.998666 -0.0358017 -0.0369505 0 -0.0365369 -0.999134 -0.0194175 0 -0.036224 0.0207421 -0.999128 0 -0.256062 -0.663968 0.0358952 1 
0.998658 -0.0360589 -0.0369262 0 -0.0368251 -0.999106 -0.0202839 0 -0.0361624 0.0216169 -0.999112 0 -0.2562 -0.663538 0.0355498 1 
0.998652 -0.0363032 -0.0368392 0 -0.0371036 -0.999075 -0.0212796 0 -0.0360334 0.0226182 -0.999095 0 -0.256304 -0.663054 0.0351416 1 
0.998649 -0.0364873 -0.0367362 0 -0.0373203 -0.999046 -0.0222507 0 -0.03589 0.0235921 -0.999077 0 -0.25637 -0.662589 0.0347377 1 
0.998644 -0.0366803 -0.0366764 0 -0.0375433 -0.999018 -0.0231232 0 -0.0357929 0.0244692 -0.99906 0 -0.256446 -0.662164 0.0343772 1 
0.998638 -0.0368391 -0.0366832 0 -0.0377252 -0.998996 -0.0237635 0 -0.0357716 0.0251155 -0.999044 0 -0.256534 -0.661843 0.0341179 1 
0.998631 -0.036976 -0.0367288 0 -0.0378776 -0.998981 -0.0241614 0 -0.0357987 0.02552 -0.999033 0 -0.256622 -0.661635 0.0339599 1 
0.998624 -0.0370935 -0.0368133 0 -0.0380055 -0.99897 -0.024391 0 -0.0358713 0.0257571 -0.999024 0 -0.256723 -0.661503 0.0338712 1 
0.998617 -0.0371871 -0.0369093 0 -0.0381022 -0.998966 -0.0244063 0 -0.0359643 0.0257794 -0.999021 0 -0.256808 -0.66147 0.0338778 1 
0.998613 -0.0372327 -0.036974 0 -0.0381473 -0.998966 -0.024346 0 -0.03603 0.0257231 -0.99902 0 -0.256855 -0.66148 0.033921 1 
0.99861 -0.0372653 -0.0370068 0 -0.0381813 -0.998964 -0.0243635 0 -0.0360612 0.0257431 -0.999018 0 -0.256886 -0.661466 0.0339114 1 
0.99861 -0.0372866 -0.0370009 0 -0.0382061 -0.998961 -0.0244609 0 -0.0360511 0.025841 -0.999016 0 -0.256896 -0.661429 0.0338534 1 
0.998611 -0.0372756 -0.0369826 0 -0.0381971 -0.998959 -0.0245328 0 -0.0360303 0.0259119 -0.999015 0 -0.256884 -0.661407 0.0338034 1 
0.998611 -0.0372822 -0.0369714 0 -0.0382053 -0.998958 -0.0245831 0 -0.0360171 0.0259619 -0.999014 0 -0.256882 -0.661391 0.0337653 1 
0.998609 -0.0373239 -0.0369859 0 -0.0382495 -0.998955 -0.0246426 0 -0.0360282 0.0260236 -0.999012 0 -0.256916 -0.661362 0.0337216 1 
0.998604 -0.0373856 -0.0370557 0 -0.0383166 -0.99895 -0.0247399 0 -0.0360926 0.0261257 -0.999007 0 -0.256981 -0.661314 0.0336645 1 
0.998599 -0.0374729 -0.0371128 0 -0.0384098 -0.998943 -0.0248605 0 -0.0361427 0.0262517 -0.999002 0 -0.257056 -0.661254 0.0335862 1 
0.998592 -0.0375625 -0.0371942 0 -0.0385049 -0.998937 -0.0249539 0 -0.036218 0.0263514 -0.998996 0 -0.257144 -0.661195 0.0334969 1 
0.998586 -0.0376209 -0.0372978 0 -0.0385603 -0.998939 -0.0247951 0 -0.0363261 0.0261988 -0.998997 0 -0.257212 -0.661199 0.0334193 1 
0.998585 -0.0376232 -0.0373182 0 -0.0385607 -0.998941 -0.0247258 0 -0.0363491 0.0261304 -0.998997 0 -0.257215 -0.661207 0.0333489 1 
0.998586 -0.0376275 -0.0372835 0 -0.0385677 -0.998938 -0.0248269 0 -0.0363104 0.0262302 -0.998996 0 -0.257205 -0.661178 0.0332437 1 
0.998589 -0.0375986 -0.0372547 0 -0.0385398 -0.998938 -0.0248749 0 -0.0362806 0.0262761 -0.998996 0 -0.257183 -0.66117 0.0331356 1 
0.998589 -0.0375606 -0.0372927 0 -0.0384967 -0.998944 -0.0247102 0 -0.0363259 0.0261115 -0.998999 0 -0.257172 -0.661227 0.0330748 1 
0.998587 -0.0375598 -0.0373309 0 -0.0384918 -0.998947 -0.0245688 0 -0.0363695 0.0259715 -0.999001 0 -0.257185 -0.661284 0.0330215 1 
0.998586 -0.0375564 -0.0373638 0 -0.0384848 -0.998951 -0.0244441 0 -0.0364073 0.025848 -0.999003 0 -0.257205 -0.661353 0.0329909 1 
0.998583 -0.0375676 -0.0374259 0 -0.038491 -0.998955 -0.0242638 0 -0.0364759 0.0256705 -0.999005 0 -0.257247 -0.661458 0.0329862 1 
0.99858 -0.0375971 -0.0374882 0 -0.0385161 -0.998958 -0.0241021 0 -0.0365437 0.0255122 -0.999006 0 -0.257308 -0.661562 0.0329541 1 
0.998578 -0.0376053 -0.0375374 0 -0.0385204 -0.998961 -0.0239594 0 -0.0365981 0.0253717 -0.999008 0 -0.25735 -0.661664 0.0329091 1 
0.998578 -0.037558 -0.0375762 0 -0.0384676 -0.998967 -0.0237851 0 -0.0366448 0.0251973 -0.999011 0 -0.257354 -0.661795 0.032879 1 
0.998579 -0.0375144 -0.0375862 0 -0.0384216 -0.998971 -0.0237138 0 -0.0366586 0.0251247 -0.999012 0 -0.257345 -0.661892 0.0327857 1 
0.998582 -0.0374843 -0.037542 0 -0.0383947 -0.998969 -0.0238322 0 -0.0366106 0.0252403 -0.999011 0 -0.257332 -0.661912 0.0325716 1 
0.998589 -0.037394 -0.0374396 0 -0.0383109 -0.998966 -0.0240793 0 -0.0365011 0.0254802 -0.999009 0 -0.25726 -0.661899 0.0322839 1 
0.998598 -0.0372988 -0.0372989 0 -0.0382257 -0.99896 -0.0244553 0 -0.0363487 0.0258473 -0.999005 0 -0.257165 -0.661834 0.0319403 1 
0.998606 -0.0372562 -0.0371204 0 -0.0381974 -0.998948 -0.0249777 0 -0.0361515 0.0263613 -0.998999 0 -0.257088 -0.661686 0.0315298 1 
0.998614 -0.0372146 -0.0369588 0 -0.0381681 -0.998938 -0.0254383 0 -0.0359735 0.0268142 -0.998993 0 -0.25702 -0.661545 0.0311168 1 
0.99862 -0.0371542 -0.0368603 0 -0.0381132 -0.998934 -0.0256662 0 -0.0358681 0.0270361 -0.998991 0 -0.256951 -0.661458 0.0307206 1 
0.998626 -0.0371249 -0.0367367 0 -0.0380933 -0.998926 -0.0260198 0 -0.0357319 0.027384 -0.998986 0 -0.256902 -0.661327 0.03028 1 
0.998628 -0.0371346 -0.0366626 0 -0.0381085 -0.99892 -0.0262298 0 -0.0356497 0.0275915 -0.998983 0 -0.256888 -0.661223 0.0298822 1 
0.99863 -0.0371186 -0.0366232 0 -0.0380936 -0.998919 -0.0262949 0 -0.0356083 0.0276545 -0.998983 0 -0.256866 -0.661161 0.029533 1 
0.998632 -0.0371079 -0.0365716 0 -0.0380856 -0.998916 -0.0264089 0 -0.0355527 0.0277662 -0.998982 0 -0.256837 -0.661092 0.0291917 1 
0.998633 -0.0371148 -0.0365486 0 -0.0380934 -0.998914 -0.0264532 0 -0.0355278 0.0278098 -0.998982 0 -0.25684 -0.66103 0.028872 1 
0.998632 -0.0371244 -0.0365734 0 -0.0380999 -0.998917 -0.0263454 0 -0.0355564 0.0277033 -0.998984 0 -0.256846 -0.66101 0.0286086 1 
0.998632 -0.0370972 -0.0365902 0 -0.0380689 -0.998921 -0.0262263 0 -0.0355785 0.0275839 -0.998986 0 -0.25683 -0.661006 0.0283925 1 
0.998633 -0.0370684 -0.0365941 0 -0.0380381 -0.998924 -0.0261678 0 -0.0355854 0.0275245 -0.998988 0 -0.256812 -0.660997 0.0282131 1 
0.998634 -0.0370506 -0.0365867 0 -0.0380195 -0.998925 -0.0261518 0 -0.0355791 0.0275076 -0.998988 0 -0.256794 -0.660986 0.028082 1 
0.998635 -0.0370374 -0.0365594 0 -0.0380075 -0.998924 -0.0262067 0 -0.0355501 0.027561 -0.998988 0 -0.256778 -0.660961 0.0279692 1 
0.998636 -0.0370233 -0.0365471 0 -0.0379932 -0.998925 -0.0262112 0 -0.035538 0.0275645 -0.998988 0 -0.256761 -0.660951 0.0278844 1 
0.998637 -0.0370185 -0.0365242 0 -0.0379905 -0.998923 -0.026288 0 -0.0355124 0.0276403 -0.998987 0 -0.256756 -0.660923 0.0278068 1 
0.998638 -0.0370159 -0.036493 0 -0.0379903 -0.99892 -0.0263786 0 -0.0354778 0.0277296 -0.998986 0 -0.256748 -0.660891 0.0277123 1 
0.998641 -0.0369896 -0.036446 0 -0.0379662 -0.998919 -0.0264758 0 -0.0354279 0.0278241 -0.998985 0 -0.256715 -0.660865 0.0276211 1 
0.998643 -0.0369753 -0.0363993 0 -0.0379552 -0.998915 -0.0266091 0 -0.0353766 0.0279551 -0.998983 0 -0.256689 -0.660828 0.0275189 1 
0.998645 -0.0369725 -0.0363448 0 -0.0379566 -0.998911 -0.0267688 0 -0.0353162 0.0281126 -0.998981 0 -0.256677 -0.660775 0.0273816 1 
0.998648 -0.0369557 -0.0363065 0 -0.0379418 -0.998909 -0.0268563 0 -0.0352751 0.028198 -0.99898 0 -0.256652 -0.660743 0.027248 1 
0.998649 -0.0369262 -0.0362832 0 -0.0379123 -0.99891 -0.0268759 0 -0.0352519 0.0282157 -0.99898 0 -0.256624 -0.660725 0.0271027 1 
0.998652 -0.0369264 -0.03622 0 -0.037917 -0.998905 -0.0270527 0 -0.035182 0.0283901 -0.998978 0 -0.256605 -0.66066 0.0269041 1 
0.998653 -0.0369202 -0.0361808 0 -0.0379128 -0.998903 -0.0271451 0 -0.0351396 0.0284808 -0.998977 0 -0.256591 -0.660609 0.0266877 1 
0.998658 -0.036853 -0.0361247 0 -0.0378459 -0.998904 -0.0272002 0 -0.0350834 0.0285314 -0.998977 0 -0.256529 -0.660581 0.0264562 1 
0.998664 -0.0367656 -0.0360555 0 -0.0377595 -0.998905 -0.0272816 0 -0.0350137 0.0286072 -0.998977 0 -0.256449 -0.660549 0.0261936 1 
0.998668 -0.0366755 -0.0360265 0 -0.037667 -0.998909 -0.0272407 0 -0.0349888 0.028562 -0.998979 0 -0.25638 -0.660537 0.0259169 1 
0.998674 -0.0365478 -0.0359922 0 -0.0375326 -0.998919 -0.0270772 0 -0.0349643 0.0283928 -0.998985 0 -0.25628 -0.660567 0.0256717 1 
0.998684 -0.0363704 -0.0358804 0 -0.0373502 -0.998927 -0.0270232 0 -0.0348597 0.0283283 -0.998991 0 -0.256125 -0.660589 0.0254218 1 
0.998696 -0.0361786 -0.0357573 0 -0.0371584 -0.998931 -0.0271295 0 -0.0347383 0.0284234 -0.998992 0 -0.255957 -0.660577 0.0251388 1 
0.998707 -0.0359251 -0.0356966 0 -0.0368982 -0.998945 -0.0269876 0 -0.0346901 0.0282704 -0.998998 0 -0.255771 -0.660633 0.0248885 1 
0.998716 -0.0357104 -0.0356601 0 -0.0366774 -0.998957 -0.0268399 0 -0.0346651 0.0281139 -0.999003 0 -0.255605 -0.6607 0.0247401 1 
0.998723 -0.0355314 -0.0356499 0 -0.0364959 -0.998965 -0.0267803 0 -0.0346621 0.0280477 -0.999005 0 -0.255465 -0.660742 0.024602 1 
0.998728 -0.0353899 -0.0356417 0 -0.0363526 -0.998972 -0.0267332 0 -0.0346596 0.0279954 -0.999007 0 -0.25536 -0.660774 0.024494 1 
0.998733 -0.0352714 -0.0356374 0 -0.0362308 -0.998979 -0.0266445 0 -0.0346619 0.0279024 -0.99901 0 -0.255259 -0.660823 0.0244441 1 
0.998735 -0.0352478 -0.0355927 0 -0.0362043 -0.998981 -0.0265939 0 -0.0346197 0.0278494 -0.999012 0 -0.255173 -0.66086 0.0244282 1 
0.998732 -0.0353543 -0.0355775 0 -0.03631 -0.998977 -0.0265855 0 -0.0346019 0.0278441 -0.999013 0 -0.255134 -0.660874 0.0244207 1 
0.99873 -0.0353991 -0.0355842 0 -0.0363543 -0.998976 -0.0265645 0 -0.034608 0.0278249 -0.999014 0 -0.255118 -0.660886 0.02443 1 
0.99873 -0.0353969 -0.0355855 0 -0.0363518 -0.998977 -0.026556 0 -0.0346098 0.0278164 -0.999014 0 -0.255109 -0.660892 0.0244358 1 
0.998731 -0.0353807 -0.0355753 0 -0.0363361 -0.998977 -0.0265775 0 -0.0345992 0.027837 -0.999014 0 -0.255087 -0.660892 0.0244214 1 
0.998733 -0.0353302 -0.0355621 0 -0.0362858 -0.998978 -0.026593 0 -0.0345869 0.0278503 -0.999014 0 -0.25504 -0.660902 0.0244138 1 
0.998739 -0.0351867 -0.0355368 0 -0.0361414 -0.998983 -0.0265893 0 -0.0345657 0.0278406 -0.999015 0 -0.254938 -0.660939 0.0244131 1 
0.998751 -0.0349173 -0.0354697 0 -0.0358682 -0.998995 -0.0265346 0 -0.0345082 0.0277742 -0.999018 0 -0.254739 -0.661026 0.0244302 1 
0.998768 -0.0345682 -0.0353295 0 -0.0355117 -0.99901 -0.0264358 0 -0.0343813 0.0276584 -0.999026 0 -0.25445 -0.661153 0.0244603 1 
0.998793 -0.0340699 -0.0351001 0 -0.0350018 -0.999032 -0.0262848 0 -0.0341712 0.0274822 -0.999038 0 -0.253987 -0.661353 0.0244995 1 
0.998809 -0.0337976 -0.0349148 0 -0.034718 -0.999047 -0.0260978 0 -0.0340001 0.0272794 -0.999049 0 -0.253433 -0.661599 0.0245595 1 
0.998818 -0.0336417 -0.0348057 0 -0.0345516 -0.999058 -0.0258805 0 -0.0339029 0.027053 -0.999059 0 -0.252852 -0.661869 0.0246585 1 
0.99882 -0.0336318 -0.034747 0 -0.0345297 -0.999067 -0.025571 0 -0.0338552 0.0267411 -0.999069 0 -0.252187 -0.662201 0.0248189 1 
0.998814 -0.0338368 -0.0347451 0 -0.0347219 -0.99907 -0.025195 0 -0.0338609 0.026372 -0.999079 0 -0.251519 -0.662558 0.0250278 1 
0.998804 -0.0339772 -0.0348772 0 -0.0348522 -0.999075 -0.0247944 0 -0.0340031 0.0259808 -0.999084 0 -0.250909 -0.662914 0.0252987 1 
0.998786 -0.0342796 -0.03509 0 -0.0351423 -0.999078 -0.0242716 0 -0.0342263 0.0254758 -0.999089 0 -0.250301 -0.663313 0.0256673 1 
0.998773 -0.0344799 -0.0352752 0 -0.0353324 -0.999082 -0.0238363 0 -0.0344216 0.0250539 -0.999093 0 -0.249861 -0.663621 0.0259786 1 
0.998762 -0.0346194 -0.0354492 0 -0.035463 -0.999086 -0.0234516 0 -0.0346056 0.0246802 -0.999096 0 -0.249554 -0.663866 0.0262653 1 
0.998753 -0.0346916 -0.0356258 0 -0.0355304 -0.99909 -0.0231891 0 -0.0347895 0.0244265 -0.999096 0 -0.249397 -0.664023 0.0264941 1 
0.998741 -0.0348602 -0.0357985 0 -0.0357027 -0.999084 -0.0231728 0 -0.0349586 0.0244222 -0.99909 0 -0.249399 -0.664057 0.0266403 1 
0.998728 -0.0350495 -0.0359866 0 -0.0358981 -0.999076 -0.0232121 0 -0.0351405 0.0244749 -0.999083 0 -0.249561 -0.664006 0.0267004 1 
0.998705 -0.0353828 -0.0362859 0 -0.0362445 -0.99906 -0.0233701 0 -0.0354255 0.0246555 -0.999068 0 -0.249881 -0.663868 0.0266863 1 
0.998671 -0.0359124 -0.0366998 0 -0.0367974 -0.999031 -0.0237311 0 -0.0358127 0.0250505 -0.999045 0 -0.250357 -0.663596 0.0265947 1 
0.998628 -0.0366145 -0.0371693 0 -0.03753 -0.998992 -0.0242404 0 -0.036245 0.0256026 -0.999015 0 -0.250961 -0.663213 0.0264602 1 
0.998585 -0.0373739 -0.0375878 0 -0.038321 -0.998948 -0.0247982 0 -0.0366222 0.026204 -0.998986 0 -0.251588 -0.662794 0.0262982 1 
0.99854 -0.0381621 -0.0379709 0 -0.0391431 -0.9989 -0.0254367 0 -0.0369591 0.0268864 -0.998955 0 -0.252246 -0.66232 0.0260987 1 
0.998504 -0.038811 -0.0382746 0 -0.0398241 -0.998857 -0.0260709 0 -0.0372198 0.0275567 -0.998927 0 -0.252875 -0.661847 0.0258943 1 
0.998484 -0.0391386 -0.0384544 0 -0.0401752 -0.99883 -0.0265621 0 -0.0373706 0.0280673 -0.998907 0 -0.253391 -0.661469 0.0257261 1 
0.998468 -0.0394625 -0.0385475 0 -0.0405171 -0.998805 -0.0269708 0 -0.0374378 0.0284918 -0.998893 0 -0.2538 -0.661156 0.0255691 1 
0.998451 -0.0398188 -0.0385983 0 -0.0408859 -0.998782 -0.0272621 0 -0.0374665 0.0287986 -0.998883 0 -0.25413 -0.660915 0.0254478 1 
0.998444 -0.0400342 -0.0385747 0 -0.0411064 -0.998769 -0.0274163 0 -0.0374303 0.0289599 -0.99888 0 -0.254327 -0.660769 0.0253824 1 
0.998439 -0.0401674 -0.0385604 0 -0.041241 -0.998762 -0.0274618 0 -0.0374103 0.0290097 -0.998879 0 -0.254424 -0.660713 0.0253625 1 
0.998437 -0.0402213 -0.0385602 0 -0.0412959 -0.998759 -0.0274891 0 -0.0374074 0.0290391 -0.998878 0 -0.254462 -0.66069 0.0253464 1 
0.998438 -0.0402109 -0.0385504 0 -0.0412853 -0.998759 -0.0274923 0 -0.0373978 0.0290415 -0.998878 0 -0.254446 -0.660694 0.0253409 1 
0.998441 -0.0401512 -0.0385336 0 -0.0412247 -0.998762 -0.0274811 0 -0.0373832 0.0290274 -0.998879 0 -0.254399 -0.660714 0.0253397 1 
0.998443 -0.0401021 -0.0385212 0 -0.0411771 -0.998763 -0.0275305 0 -0.0373702 0.0290744 -0.998878 0 -0.254365 -0.660711 0.0253071 1 
0.998443 -0.0401157 -0.0385037 0 -0.0411927 -0.99876 -0.0275963 0 -0.0373496 0.02914 -0.998877 0 -0.254369 -0.660686 0.0252548 1 
0.998441 -0.0401799 -0.0384986 0 -0.0412599 -0.998755 -0.0276793 0 -0.0373392 0.0292252 -0.998875 0 -0.25441 -0.660644 0.0252005 1 
0.998435 -0.0403012 -0.0385226 0 -0.0413875 -0.998746 -0.0278316 0 -0.0373534 0.0293829 -0.99887 0 -0.254502 -0.660563 0.0251055 1 
0.998428 -0.0404455 -0.0385613 0 -0.0415395 -0.998735 -0.0280045 0 -0.0373806 0.0295629 -0.998864 0 -0.25461 -0.660471 0.0249903 1 
0.99842 -0.0406063 -0.0386014 0 -0.0417093 -0.998722 -0.0282103 0 -0.0374072 0.0297763 -0.998856 0 -0.25473 -0.660365 0.0248642 1 
0.99841 -0.0407981 -0.0386614 0 -0.0419129 -0.998706 -0.0284751 0 -0.0374504 0.0300508 -0.998847 0 -0.254875 -0.660231 0.0247029 1 
0.9984 -0.0409833 -0.0387024 0 -0.0421102 -0.998689 -0.0287633 0 -0.0374736 0.0303477 -0.998837 0 -0.255017 -0.660089 0.0245027 1 
0.998392 -0.04114 -0.0387473 0 -0.0422692 -0.998682 -0.0287887 0 -0.0375126 0.0303808 -0.998834 0 -0.255131 -0.660017 0.024338 1 
0.998386 -0.0412846 -0.0387646 0 -0.0424199 -0.998671 -0.028935 0 -0.0375192 0.0305333 -0.998829 0 -0.255234 -0.659925 0.0241657 1 
0.99838 -0.0414278 -0.0387537 0 -0.0425713 -0.998658 -0.0291615 0 -0.0374943 0.0307647 -0.998823 0 -0.255328 -0.659813 0.023994 1 
0.998375 -0.0415669 -0.038741 0 -0.0427151 -0.998648 -0.0292974 0 -0.0374716 0.0309052 -0.99882 0 -0.255414 -0.659729 0.023842 1 
0.998371 -0.0416609 -0.0387405 0 -0.0428113 -0.998642 -0.0293555 0 -0.0374656 0.0309668 -0.998818 0 -0.255479 -0.659669 0.0237032 1 
0.99837 -0.0417141 -0.0387128 0 -0.0428685 -0.998636 -0.0294827 0 -0.0374309 0.0310948 -0.998815 0 -0.255511 -0.659608 0.0235627 1 
0.99837 -0.041713 -0.0387022 0 -0.0428678 -0.998635 -0.0295032 0 -0.0374194 0.0311148 -0.998815 0 -0.255509 -0.659589 0.0234501 1 
0.998372 -0.0416887 -0.0386914 0 -0.0428428 -0.998637 -0.0294921 0 -0.0374099 0.0311023 -0.998816 0 -0.25549 -0.659584 0.0233302 1 
0.998374 -0.0416752 -0.0386553 0 -0.0428328 -0.998633 -0.0296182 0 -0.0373689 0.0312263 -0.998814 0 -0.255476 -0.659548 0.0231929 1 
0.998376 -0.0416409 -0.0386283 0 -0.0427986 -0.998634 -0.0296416 0 -0.0373419 0.0312473 -0.998814 0 -0.255449 -0.659538 0.0230598 1 
0.99838 -0.0415659 -0.038618 0 -0.0427223 -0.998638 -0.0296173 0 -0.0373351 0.0312198 -0.998815 0 -0.2554 -0.659552 0.0229237 1 
0.998385 -0.0414772 -0.0385704 0 -0.0426361 -0.998639 -0.0297241 0 -0.0372857 0.0313212 -0.998814 0 -0.25533 -0.659533 0.0227375 1 
0.998391 -0.0413693 -0.0385352 0 -0.0425297 -0.998641 -0.0297961 0 -0.0372509 0.0313876 -0.998813 0 -0.255254 -0.659513 0.0225333 1 
0.998396 -0.0412497 -0.0385206 0 -0.0424076 -0.998648 -0.0297414 0 -0.0372424 0.0313279 -0.998815 0 -0.255173 -0.659527 0.0223443 1 
0.998403 -0.0411018 -0.0385045 0 -0.0422582 -0.998655 -0.0297159 0 -0.037232 0.0312962 -0.998816 0 -0.255068 -0.659542 0.022163 1 
0.998412 -0.0409391 -0.0384563 0 -0.0420958 -0.99866 -0.0297651 0 -0.0371869 0.0313373 -0.998817 0 -0.254943 -0.659548 0.0219773 1 
0.998421 -0.0407538 -0.0384188 0 -0.0419073 -0.99867 -0.0297129 0 -0.0371575 0.0312766 -0.99882 0 -0.254807 -0.659588 0.0218269 1 
0.998429 -0.0405505 -0.0384068 0 -0.0417009 -0.998681 -0.0296418 0 -0.0371549 0.0311974 -0.998822 0 -0.254673 -0.659639 0.0216838 1 
0.998437 -0.0403625 -0.0384078 0 -0.0415115 -0.99869 -0.0296055 0 -0.0371632 0.0311542 -0.998823 0 -0.254545 -0.659689 0.0215611 1 
0.998444 -0.0402093 -0.0383994 0 -0.0413573 -0.998697 -0.0295856 0 -0.0371605 0.0311282 -0.998824 0 -0.254445 -0.659724 0.0214549 1 
0.99845 -0.0400664 -0.0383762 0 -0.0412147 -0.998702 -0.0296142 0 -0.0371406 0.0311506 -0.998824 0 -0.254348 -0.659758 0.0213705 1 
0.998455 -0.0399517 -0.0383679 0 -0.0411009 -0.998705 -0.0296448 0 -0.0371346 0.0311766 -0.998824 0 -0.254277 -0.659786 0.0213033 1 
0.998458 -0.0399028 -0.0383544 0 -0.0410534 -0.998706 -0.0296955 0 -0.0371206 0.0312249 -0.998823 0 -0.254244 -0.65979 0.0212365 1 
0.998457 -0.0399232 -0.0383523 0 -0.0410746 -0.998704 -0.0297164 0 -0.037117 0.0312465 -0.998822 0 -0.254256 -0.659786 0.0211809 1 
0.998455 -0.0399424 -0.0383793 0 -0.0410921 -0.998706 -0.029649 0 -0.0371461 0.0311809 -0.998823 0 -0.254283 -0.659805 0.0211604 1 
0.998453 -0.0399702 -0.0384018 0 -0.041119 -0.998706 -0.0296069 0 -0.0371694 0.0311407 -0.998824 0 -0.254308 -0.659805 0.0211234 1 
0.998452 -0.0400033 -0.0383907 0 -0.0411541 -0.998703 -0.0296679 0 -0.0371548 0.0312025 -0.998822 0 -0.254329 -0.659775 0.0210574 1 
0.998451 -0.040054 -0.038375 0 -0.0412066 -0.998699 -0.0297315 0 -0.0371349 0.0312674 -0.998821 0 -0.254358 -0.659741 0.0209899 1 
0.99845 -0.0401045 -0.0383436 0 -0.0412594 -0.998694 -0.029818 0 -0.0370984 0.0313544 -0.99882 0 -0.25438 -0.659699 0.0209141 1 
0.99845 -0.0401375 -0.0383161 0 -0.0412958 -0.998689 -0.0299336 0 -0.0370651 0.0314701 -0.998817 0 -0.254396 -0.659653 0.0208201 1 
0.998448 -0.0402001 -0.0382841 0 -0.0413618 -0.998683 -0.0300518 0 -0.0370263 0.0315892 -0.998815 0 -0.254428 -0.659598 0.0207105 1 
0.998446 -0.0402643 -0.0382721 0 -0.0414281 -0.998678 -0.0301177 0 -0.0370095 0.0316571 -0.998813 0 -0.254473 -0.659552 0.02062 1 
0.998443 -0.0403279 -0.0382944 0 -0.0414889 -0.998678 -0.0300233 0 -0.0370337 0.0315659 -0.998815 0 -0.254517 -0.659541 0.0205231 1 
0.998442 -0.0403737 -0.0382713 0 -0.0415361 -0.998674 -0.0300799 0 -0.0370068 0.0316233 -0.998815 0 -0.254539 -0.659498 0.0204008 1 
0.998441 -0.0404212 -0.0382325 0 -0.0415872 -0.998668 -0.0302077 0 -0.0369613 0.0317512 -0.998812 0 -0.254559 -0.659439 0.0202686 1 
0.998441 -0.0404534 -0.0382166 0 -0.0416211 -0.998665 -0.03027 0 -0.0369417 0.031814 -0.998811 0 -0.254578 -0.659397 0.020143 1 
0.99844 -0.0404729 -0.0382137 0 -0.0416405 -0.998664 -0.0302682 0 -0.0369383 0.0318128 -0.998811 0 -0.25459 -0.659373 0.0200286 1 
0.99844 -0.0404822 -0.0381994 0 -0.0416507 -0.998663 -0.0303053 0 -0.0369222 0.0318497 -0.99881 0 -0.254592 -0.659346 0.0199192 1 
0.998439 -0.0404905 -0.0382152 0 -0.0416569 -0.998665 -0.0302358 0 -0.0369406 0.0317811 -0.998812 0 -0.254596 -0.659344 0.0198362 1 
0.998439 -0.0405037 -0.0382045 0 -0.0416723 -0.998662 -0.0303037 0 -0.0369266 0.0318491 -0.99881 0 -0.254601 -0.659315 0.0197581 1 
0.998438 -0.0405228 -0.0382034 0 -0.0416934 -0.998659 -0.0303596 0 -0.0369227 0.0319056 -0.998809 0 -0.254616 -0.659287 0.0197015 1 
0.998439 -0.0405124 -0.0382018 0 -0.0416832 -0.99866 -0.0303662 0 -0.0369211 0.0319118 -0.998809 0 -0.254612 -0.659282 0.0196687 1 
0.998437 -0.0405393 -0.0382263 0 -0.0417097 -0.99866 -0.0303335 0 -0.036946 0.0318811 -0.998809 0 -0.254634 -0.659277 0.0196386 1 
0.998435 -0.0405741 -0.0382491 0 -0.0417455 -0.998658 -0.0303413 0 -0.0369674 0.0318911 -0.998807 0 -0.254663 -0.659258 0.0195984 1 
0.998433 -0.0405915 -0.0382593 0 -0.0417634 -0.998657 -0.0303438 0 -0.0369769 0.0318947 -0.998807 0 -0.254678 -0.65925 0.0195791 1 
0.998434 -0.0405935 -0.0382518 0 -0.0417668 -0.998655 -0.0303889 0 -0.0369675 0.0319396 -0.998806 0 -0.254678 -0.659234 0.0195451 1 
0.998434 -0.0405968 -0.0382365 0 -0.0417715 -0.998654 -0.0304395 0 -0.03695 0.0319896 -0.998805 0 -0.254676 -0.659216 0.0194994 1 
0.998435 -0.0405986 -0.0382196 0 -0.0417751 -0.998652 -0.0305058 0 -0.0369303 0.0320553 -0.998804 0 -0.254674 -0.659193 0.0194489 1 
0.998436 -0.0405889 -0.038193 0 -0.0417672 -0.99865 -0.0305753 0 -0.0369011 0.0321233 -0.998802 0 -0.254657 -0.659174 0.0193895 1 
0.998437 -0.0405793 -0.0381829 0 -0.041759 -0.998649 -0.0306225 0 -0.0368894 0.0321697 -0.998801 0 -0.254651 -0.659162 0.0193291 1 
0.998436 -0.040584 -0.0381989 0 -0.0417621 -0.99865 -0.0305649 0 -0.0369076 0.032113 -0.998803 0 -0.254666 -0.659194 0.0193059 1 
0.998435 -0.0405868 -0.0382317 0 -0.0417626 -0.998653 -0.0304746 0 -0.036944 0.0320241 -0.998804 0 -0.254685 -0.659246 0.0193023 1 
0.998435 -0.0405511 -0.0382559 0 -0.0417228 -0.998659 -0.0303426 0 -0.0369748 0.0318919 -0.998807 0 -0.254679 -0.65932 0.01932 1 
0.998436 -0.0404832 -0.038294 0 -0.0416504 -0.998666 -0.0301878 0 -0.0370215 0.0317362 -0.99881 0 -0.254654 -0.659413 0.0193597 1 
0.998438 -0.0404245 -0.0383185 0 -0.0415888 -0.998672 -0.0300898 0 -0.037052 0.031637 -0.998812 0 -0.254625 -0.659479 0.0193831 1 
0.998439 -0.0403851 -0.0383383 0 -0.0415484 -0.998675 -0.0300492 0 -0.0370747 0.0315958 -0.998813 0 -0.254611 -0.65951 0.0193896 1 
0.998439 -0.0403709 -0.0383395 0 -0.041533 -0.998677 -0.0300135 0 -0.0370778 0.0315596 -0.998814 0 -0.254607 -0.659531 0.0193924 1 
0.99844 -0.0403513 -0.0383367 0 -0.0415129 -0.998678 -0.0300021 0 -0.0370761 0.0315473 -0.998814 0 -0.254593 -0.659545 0.01939 1 
0.998442 -0.0403229 -0.0383163 0 -0.0414856 -0.998677 -0.0300512 0 -0.0370546 0.0315946 -0.998814 0 -0.254568 -0.659537 0.0193509 1 
0.998444 -0.0403035 -0.0382832 0 -0.0414687 -0.998675 -0.0301452 0 -0.0370183 0.0316865 -0.998812 0 -0.254543 -0.659513 0.0192739 1 
0.998447 -0.0402683 -0.0382449 0 -0.0414354 -0.998674 -0.0302304 0 -0.0369776 0.0317687 -0.998811 0 -0.254512 -0.659494 0.0191999 1 
0.99845 -0.0402298 -0.0382078 0 -0.0413987 -0.998673 -0.0303121 0 -0.0369383 0.0318475 -0.99881 0 -0.254475 -0.659477 0.0191156 1 
0.998454 -0.0401614 -0.0381836 0 -0.041331 -0.998675 -0.0303511 0 -0.0369148 0.0318829 -0.99881 0 -0.254425 -0.65947 0.0190111 1 
0.998456 -0.0400991 -0.0381895 0 -0.0412664 -0.99868 -0.0302831 0 -0.0369254 0.0318129 -0.998812 0 -0.254383 -0.659481 0.0188992 1 
0.998458 -0.0400485 -0.0381852 0 -0.041215 -0.998682 -0.0302667 0 -0.0369234 0.0317944 -0.998812 0 -0.254346 -0.659475 0.0187647 1 
0.998461 -0.0400054 -0.0381547 0 -0.0411738 -0.998681 -0.0303446 0 -0.0368911 0.0318695 -0.998811 0 -0.25431 -0.659448 0.0186209 1 
0.998463 -0.0399934 -0.0381077 0 -0.0411658 -0.998677 -0.0304928 0 -0.0368385 0.0320153 -0.998808 0 -0.254289 -0.659394 0.018459 1 
0.998464 -0.0400103 -0.0380837 0 -0.041185 -0.998674 -0.0305765 0 -0.0368106 0.0320986 -0.998807 0 -0.254292 -0.659347 0.0183003 1 
0.998463 -0.0400365 -0.0380807 0 -0.0412121 -0.998672 -0.0306042 0 -0.0368055 0.0321271 -0.998806 0 -0.254306 -0.659304 0.0181183 1 
0.998462 -0.0400426 -0.0380986 0 -0.0412159 -0.998674 -0.030525 0 -0.0368265 0.0320489 -0.998808 0 -0.254312 -0.659284 0.0179198 1 
0.998463 -0.0399962 -0.0381079 0 -0.0411658 -0.99868 -0.030416 0 -0.0368418 0.0319386 -0.998811 0 -0.254285 -0.659288 0.0177562 1 
0.998466 -0.039943 -0.0380949 0 -0.0411103 -0.998683 -0.0303677 0 -0.0368324 0.0318878 -0.998813 0 -0.254238 -0.659289 0.0176161 1 
0.998469 -0.0398986 -0.0380501 0 -0.0410685 -0.998682 -0.0304754 0 -0.0367847 0.031992 -0.998811 0 -0.2542 -0.659256 0.0174889 1 
0.998472 -0.0398816 -0.038009 0 -0.0410543 -0.998679 -0.0305891 0 -0.0367396 0.0321034 -0.998809 0 -0.254175 -0.659222 0.0173918 1 
