0.99912 -0.0411928 0.00661562 0 -0.0409366 -0.998537 -0.0350612 0 0.00805037 0.0347602 -0.999363 0 -0.156396 -0.39687 0.534292 1 
0.99912 -0.0411806 0.00661476 0 -0.0409245 -0.998537 -0.0350623 0 0.00804912 0.0347614 -0.999363 0 -0.156392 -0.396871 0.534292 1 
0.99912 -0.0411796 0.00661555 0 -0.0409234 -0.998537 -0.0350645 0 0.00804998 0.0347636 -0.999363 0 -0.15639 -0.396872 0.534291 1 
0.99912 -0.0411784 0.00661208 0 -0.0409223 -0.998537 -0.0350603 0 0.00804629 0.0347596 -0.999363 0 -0.15639 -0.396872 0.534292 1 
0.99912 -0.0411835 0.00661229 0 -0.0409274 -0.998537 -0.0350583 0 0.0080466 0.0347575 -0.999363 0 -0.156394 -0.396871 0.534293 1 
0.99912 -0.0411889 0.00661539 0 -0.0409327 -0.998537 -0.0350677 0 0.00805026 0.0347667 -0.999363 0 -0.156394 -0.396871 0.534288 1 
0.99912 -0.0411874 0.00661551 0 -0.0409312 -0.998537 -0.0350661 0 0.00805027 0.0347651 -0.999363 0 -0.156394 -0.396871 0.534289 1 
0.999121 -0.0411722 0.00660836 0 -0.0409163 -0.998538 -0.0350584 0 0.00804228 0.0347578 -0.999363 0 -0.156392 -0.396872 0.534292 1 
0.99912 -0.0411839 0.00661474 0 -0.0409277 -0.998537 -0.0350601 0 0.00804913 0.0347592 -0.999363 0 -0.156395 -0.396872 0.534291 1 
0.99912 -0.041188 0.00661097 0 -0.040932 -0.998537 -0.0350608 0 0.00804554 0.03476 -0.999363 0 -0.156394 -0.396872 0.534291 1 
0.99912 -0.0411872 0.00661418 0 -0.0409311 -0.998537 -0.0350628 0 0.0080488 0.0347619 -0.999363 0 -0.156393 -0.396871 0.534291 1 
0.99912 -0.0411866 0.00661418 0 -0.0409305 -0.998537 -0.035058 0 0.00804858 0.0347571 -0.999363 0 -0.156395 -0.39687 0.534292 1 
0.99912 -0.0411877 0.00661305 0 -0.0409316 -0.998537 -0.0350634 0 0.00804771 0.0347625 -0.999363 0 -0.156395 -0.396872 0.53429 1 
0.99912 -0.0411766 0.00661351 0 -0.0409205 -0.998537 -0.0350625 0 0.00804774 0.0347617 -0.999363 0 -0.156391 -0.396873 0.53429 1 
0.99912 -0.0411902 0.00660939 0 -0.0409343 -0.998537 -0.0350582 0 0.00804393 0.0347575 -0.999363 0 -0.156395 -0.39687 0.534293 1 
0.99912 -0.0411797 0.00661367 0 -0.0409236 -0.998537 -0.0350605 0 0.00804793 0.0347597 -0.999363 0 -0.156394 -0.396872 0.534291 1 
0.99912 -0.0411886 0.00661276 0 -0.0409325 -0.998537 -0.0350637 0 0.00804746 0.0347628 -0.999363 0 -0.156394 -0.396871 0.534289 1 
0.99912 -0.0411899 0.00661343 0 -0.0409338 -0.998537 -0.035057 0 0.00804791 0.0347561 -0.999363 0 -0.156394 -0.396871 0.534293 1 
0.99912 -0.0411828 0.00661469 0 -0.0409267 -0.998537 -0.0350559 0 0.00804887 0.034755 -0.999363 0 -0.156394 -0.39687 0.534293 1 
0.99912 -0.0411844 0.00661238 0 -0.0409283 -0.998537 -0.0350595 0 0.00804677 0.0347587 -0.999363 0 -0.156393 -0.396872 0.534292 1 
0.99912 -0.041177 0.00661204 0 -0.040921 -0.998538 -0.0350565 0 0.00804605 0.0347558 -0.999363 0 -0.156391 -0.396872 0.534293 1 
0.99912 -0.0411836 0.00661496 0 -0.0409274 -0.998537 -0.035063 0 0.00804946 0.034762 -0.999363 0 -0.156395 -0.396869 0.534291 1 
0.99912 -0.0411836 0.00661464 0 -0.0409274 -0.998537 -0.0350672 0 0.00804931 0.0347663 -0.999363 0 -0.156391 -0.396872 0.53429 1 
0.99912 -0.0411791 0.00661456 0 -0.040923 -0.998537 -0.0350592 0 0.00804875 0.0347583 -0.999363 0 -0.156394 -0.396872 0.534291 1 
0.99912 -0.0411902 0.00661528 0 -0.0409341 -0.998537 -0.0350579 0 0.0080498 0.0347569 -0.999363 0 -0.156397 -0.396869 0.534293 1 
0.99912 -0.0411744 0.0066126 0 -0.0409183 -0.998538 -0.0350612 0 0.00804671 0.0347604 -0.999363 0 -0.156391 -0.396873 0.534291 1 
0.99912 -0.0411751 0.00661369 0 -0.040919 -0.998537 -0.0350659 0 0.00804801 0.0347651 -0.999363 0 -0.156389 -0.396873 0.53429 1 
0.99912 -0.0411819 0.00661213 0 -0.0409259 -0.998537 -0.0350621 0 0.00804653 0.0347613 -0.999363 0 -0.156395 -0.396871 0.53429 1 
0.99912 -0.0411779 0.00661651 0 -0.0409216 -0.998537 -0.0350666 0 0.00805095 0.0347656 -0.999363 0 -0.156392 -0.396871 0.534289 1 
0.99912 -0.0411786 0.00661306 0 -0.0409225 -0.998537 -0.0350649 0 0.00804746 0.0347641 -0.999363 0 -0.156391 -0.396872 0.53429 1 
0.99912 -0.0411735 0.00661237 0 -0.0409174 -0.998538 -0.0350602 0 0.0080464 0.0347595 -0.999363 0 -0.156388 -0.396873 0.534292 1 
0.999121 -0.0411702 0.00661256 0 -0.0409142 -0.998538 -0.0350605 0 0.0080465 0.0347598 -0.999363 0 -0.15639 -0.396872 0.534291 1 
0.999121 -0.041173 0.00661134 0 -0.040917 -0.998538 -0.0350574 0 0.00804524 0.0347567 -0.999363 0 -0.156388 -0.396873 0.534293 1 
0.999121 -0.0411694 0.006611 0 -0.0409133 -0.998538 -0.0350624 0 0.00804499 0.0347618 -0.999363 0 -0.156385 -0.396875 0.534292 1 
0.999121 -0.0411581 0.00660984 0 -0.0409021 -0.998538 -0.0350619 0 0.00804341 0.0347614 -0.999363 0 -0.156382 -0.396877 0.534291 1 
0.99912 -0.0411741 0.00661282 0 -0.040918 -0.998537 -0.0350654 0 0.00804708 0.0347646 -0.999363 0 -0.156393 -0.396871 0.53429 1 
0.99912 -0.0411875 0.00661477 0 -0.0409313 -0.998537 -0.0350682 0 0.00804962 0.0347672 -0.999363 0 -0.156395 -0.39687 0.534289 1 
0.99912 -0.0411866 0.00661601 0 -0.0409303 -0.998537 -0.0350632 0 0.00805062 0.0347623 -0.999363 0 -0.156392 -0.396871 0.534291 1 
0.99912 -0.0411908 0.00661226 0 -0.0409347 -0.998537 -0.0350617 0 0.00804696 0.0347608 -0.999363 0 -0.156395 -0.39687 0.534292 1 
0.99912 -0.0411953 0.00661637 0 -0.040939 -0.998537 -0.0350632 0 0.00805128 0.0347621 -0.999363 0 -0.156397 -0.396869 0.534291 1 
0.99912 -0.0411848 0.00661545 0 -0.0409286 -0.998537 -0.0350641 0 0.00805004 0.0347632 -0.999363 0 -0.156393 -0.396872 0.53429 1 
0.99912 -0.0411777 0.0066145 0 -0.0409215 -0.998537 -0.035063 0 0.00804879 0.0347622 -0.999363 0 -0.156391 -0.396873 0.534289 1 
0.999121 -0.0411643 0.00660854 0 -0.0409084 -0.998538 -0.0350614 0 0.00804231 0.0347609 -0.999363 0 -0.156388 -0.396874 0.534291 1 
0.99912 -0.0411755 0.00661418 0 -0.0409194 -0.998537 -0.035064 0 0.00804843 0.0347632 -0.999363 0 -0.156391 -0.396873 0.53429 1 
0.99912 -0.0411879 0.00661209 0 -0.0409318 -0.998537 -0.0350646 0 0.00804681 0.0347637 -0.999363 0 -0.156394 -0.396871 0.53429 1 
0.99912 -0.0411802 0.00661515 0 -0.040924 -0.998537 -0.0350658 0 0.00804965 0.0347649 -0.999363 0 -0.156391 -0.396872 0.53429 1 
0.999121 -0.0411725 0.00661334 0 -0.0409164 -0.998538 -0.0350616 0 0.0080474 0.0347608 -0.999363 0 -0.156391 -0.396871 0.534292 1 
0.99912 -0.0411894 0.00660895 0 -0.0409335 -0.998537 -0.0350517 0 0.00804319 0.0347509 -0.999364 0 -0.156397 -0.396869 0.534296 1 
0.999119 -0.0412123 0.00661108 0 -0.0409564 -0.998537 -0.0350442 0 0.00804582 0.0347433 -0.999364 0 -0.156405 -0.396868 0.534299 1 
0.999118 -0.041231 0.00661296 0 -0.040975 -0.998536 -0.0350386 0 0.0080481 0.0347374 -0.999364 0 -0.156414 -0.396866 0.534299 1 
0.999117 -0.041246 0.00661398 0 -0.0409901 -0.998535 -0.0350353 0 0.00804952 0.0347339 -0.999364 0 -0.156421 -0.396864 0.5343 1 
0.999118 -0.0412362 0.00660367 0 -0.0409807 -0.998536 -0.0350256 0 0.00803848 0.0347248 -0.999365 0 -0.156418 -0.396865 0.534305 1 
0.999118 -0.0412307 0.00660815 0 -0.0409751 -0.998536 -0.0350252 0 0.00804274 0.0347242 -0.999365 0 -0.156416 -0.396867 0.534304 1 
0.999117 -0.0412475 0.00661261 0 -0.0409915 -0.998535 -0.0350361 0 0.00804823 0.0347348 -0.999364 0 -0.156422 -0.396866 0.5343 1 
0.999117 -0.0412466 0.00661727 0 -0.0409904 -0.998535 -0.0350456 0 0.00805324 0.0347441 -0.999364 0 -0.156424 -0.396866 0.534296 1 
0.999117 -0.0412639 0.0066129 0 -0.041008 -0.998535 -0.0350315 0 0.0080489 0.03473 -0.999364 0 -0.156434 -0.396862 0.534301 1 
0.999115 -0.0413003 0.00660942 0 -0.0410446 -0.998534 -0.0350158 0 0.00804604 0.0347142 -0.999365 0 -0.156448 -0.396857 0.534307 1 
0.999113 -0.041351 0.00661597 0 -0.0410951 -0.998532 -0.0350183 0 0.00805446 0.034716 -0.999365 0 -0.15647 -0.39685 0.534305 1 
0.999111 -0.0414138 0.0066136 0 -0.041158 -0.99853 -0.0350076 0 0.00805382 0.0347049 -0.999365 0 -0.156495 -0.396841 0.53431 1 
0.999106 -0.0415219 0.00660656 0 -0.0412665 -0.998526 -0.0349801 0 0.00804942 0.0346768 -0.999366 0 -0.156543 -0.396823 0.534322 1 
0.999106 -0.0415313 0.00661916 0 -0.0412753 -0.998525 -0.0349922 0 0.00806283 0.0346884 -0.999366 0 -0.156544 -0.396822 0.534316 1 
0.999106 -0.041532 0.00662149 0 -0.0412758 -0.998524 -0.0350189 0 0.00806628 0.0347149 -0.999365 0 -0.156547 -0.396822 0.534304 1 
0.999108 -0.0414853 0.00662392 0 -0.0412288 -0.998525 -0.0350398 0 0.00806795 0.0347361 -0.999364 0 -0.156527 -0.396833 0.534295 1 
0.999108 -0.0414824 0.0066244 0 -0.0412259 -0.998525 -0.0350457 0 0.00806856 0.034742 -0.999364 0 -0.156524 -0.396833 0.534293 1 
0.999107 -0.0415006 0.00663343 0 -0.0412437 -0.998524 -0.0350585 0 0.00807874 0.0347543 -0.999363 0 -0.156534 -0.396831 0.534286 1 
0.999106 -0.0415087 0.0066513 0 -0.0412507 -0.998522 -0.0351044 0 0.00809877 0.0347993 -0.999362 0 -0.156536 -0.396834 0.534265 1 
0.999107 -0.0414848 0.00666164 0 -0.0412261 -0.998522 -0.0351477 0 0.00811004 0.0348424 -0.99936 0 -0.156526 -0.396841 0.534246 1 
0.999108 -0.0414591 0.006659 0 -0.0412005 -0.998523 -0.0351475 0 0.0081065 0.0348425 -0.99936 0 -0.156519 -0.396845 0.534246 1 
0.999107 -0.0414845 0.00666244 0 -0.0412258 -0.998522 -0.0351447 0 0.00811071 0.0348393 -0.99936 0 -0.156528 -0.39684 0.534247 1 
0.999105 -0.0415436 0.0066701 0 -0.0412846 -0.99852 -0.0351426 0 0.00812033 0.0348365 -0.99936 0 -0.156553 -0.39683 0.534247 1 
0.999104 -0.0415695 0.00668798 0 -0.0413096 -0.998517 -0.0351763 0 0.00814048 0.0348691 -0.999359 0 -0.156565 -0.396826 0.534229 1 
0.999103 -0.0415743 0.00668802 0 -0.0413144 -0.998517 -0.035181 0 0.00814088 0.0348738 -0.999359 0 -0.156566 -0.396826 0.534228 1 
0.999103 -0.0415731 0.00668448 0 -0.0413135 -0.998517 -0.0351685 0 0.0081368 0.0348615 -0.999359 0 -0.156569 -0.396824 0.534233 1 
0.999102 -0.0416028 0.00668524 0 -0.041343 -0.998516 -0.035175 0 0.00813885 0.0348677 -0.999359 0 -0.156578 -0.396823 0.53423 1 
0.9991 -0.0416433 0.00670559 0 -0.0413824 -0.998513 -0.0352182 0 0.00816238 0.0349097 -0.999357 0 -0.156599 -0.396819 0.53421 1 
0.999099 -0.0416712 0.00672282 0 -0.0414093 -0.99851 -0.0352706 0 0.00818273 0.0349611 -0.999355 0 -0.156611 -0.396816 0.534187 1 
0.999101 -0.041627 0.00674744 0 -0.0413638 -0.99851 -0.0353304 0 0.00820824 0.0350202 -0.999353 0 -0.156601 -0.396837 0.534159 1 
0.999104 -0.0415374 0.00677606 0 -0.0412721 -0.998509 -0.03546 0 0.00823903 0.0351493 -0.999348 0 -0.156567 -0.396871 0.534102 1 
0.999108 -0.0414441 0.00681681 0 -0.0411763 -0.998508 -0.0356 0 0.0082822 0.0352883 -0.999343 0 -0.156539 -0.396912 0.53404 1 
0.999105 -0.0415044 0.00684799 0 -0.0412349 -0.998503 -0.0356618 0 0.00831803 0.0353482 -0.99934 0 -0.156566 -0.396904 0.53401 1 
0.999103 -0.0415549 0.00689691 0 -0.0412829 -0.998497 -0.0357666 0 0.00837299 0.0354505 -0.999336 0 -0.156587 -0.396893 0.533963 1 
0.999108 -0.041413 0.00699443 0 -0.0411351 -0.998493 -0.0360576 0 0.00847731 0.0357384 -0.999325 0 -0.156532 -0.396926 0.53382 1 
0.999111 -0.0413528 0.00694469 0 -0.0410773 -0.998498 -0.0359877 0 0.00842261 0.0356711 -0.999328 0 -0.156562 -0.397068 0.533589 1 
0.99911 -0.0413738 0.00691107 0 -0.0411007 -0.998502 -0.0358427 0 0.00838383 0.0355274 -0.999334 0 -0.156643 -0.397236 0.533265 1 
0.999103 -0.0415159 0.00712156 0 -0.04123 -0.998475 -0.036455 0 0.00862433 0.0361294 -0.99931 0 -0.156761 -0.397347 0.532679 1 
0.99909 -0.0417588 0.00744684 0 -0.0414494 -0.998418 -0.0377462 0 0.00901146 0.0374039 -0.99926 0 -0.156942 -0.39744 0.531839 1 
0.999075 -0.042061 0.00782508 0 -0.0417225 -0.998346 -0.0393043 0 0.0094655 0.0389422 -0.999197 0 -0.15719 -0.397612 0.530827 1 
0.999061 -0.0423047 0.00826022 0 -0.0419283 -0.998253 -0.041392 0 0.00999706 0.0410075 -0.999109 0 -0.157474 -0.397866 0.529573 1 
0.999049 -0.0425698 0.00838508 0 -0.0421614 -0.998132 -0.0439996 0 0.0102427 0.043605 -0.998996 0 -0.157916 -0.398208 0.5281 1 
0.999039 -0.04286 0.00811288 0 -0.042431 -0.997974 -0.0472 0 0.0101196 0.0468113 -0.998852 0 -0.158535 -0.398622 0.526395 1 
0.999042 -0.0429236 0.00737006 0 -0.0424943 -0.99779 -0.0508998 0 0.00953876 0.0505388 -0.998677 0 -0.15924 -0.39915 0.524487 1 
0.999059 -0.0427813 0.00555011 0 -0.0424163 -0.997604 -0.0544846 0 0.00786789 0.054199 -0.998499 0 -0.160203 -0.399968 0.522401 1 
0.999077 -0.042617 0.00323225 0 -0.0423607 -0.997434 -0.0575542 0 0.00567685 0.0573652 -0.998337 0 -0.161371 -0.401069 0.520203 1 
0.999086 -0.0424991 0.00163045 0 -0.0423264 -0.997314 -0.0596126 0 0.00415963 0.0594902 -0.99822 0 -0.162378 -0.402275 0.518248 1 
0.999088 -0.0424676 0.000380057 0 -0.0423656 -0.997235 -0.0608924 0 0.00296502 0.060822 -0.998144 0 -0.163466 -0.403858 0.516168 1 
0.999083 -0.0425703 -0.00095172 0 -0.0425497 -0.997247 -0.0605667 0 0.00162927 0.0605528 -0.998164 0 -0.164796 -0.406081 0.513891 1 
0.999075 -0.0427137 -0.00252041 0 -0.042788 -0.997342 -0.0588058 0 -1.89221e-06 0.0588604 -0.998266 0 -0.166351 -0.408884 0.511434 1 
0.999062 -0.0428549 -0.00442495 0 -0.0430348 -0.997515 -0.0556135 0 -0.00203069 0.0557528 -0.998443 0 -0.167947 -0.411882 0.509289 1 
0.999041 -0.0430885 -0.00638754 0 -0.0433598 -0.997735 -0.0512361 0 -0.00416547 0.0514649 -0.998666 0 -0.169614 -0.415134 0.507225 1 
0.99902 -0.0433045 -0.00808502 0 -0.0436348 -0.997954 -0.0465296 0 -0.00605365 0.0468377 -0.998884 0 -0.171302 -0.418657 0.504889 1 
0.998994 -0.0435449 -0.00974689 0 -0.0439153 -0.998155 -0.0417088 0 -0.00791285 0.0420957 -0.999082 0 -0.173093 -0.422412 0.502331 1 
0.998972 -0.0436644 -0.0114039 0 -0.0440556 -0.998346 -0.0366638 0 -0.00978437 0.0371292 -0.999263 0 -0.174781 -0.426135 0.499881 1 
0.998949 -0.0437283 -0.0130239 0 -0.0441227 -0.998513 -0.0317217 0 -0.0116176 0.0322636 -0.999412 0 -0.176525 -0.430028 0.497155 1 
0.998925 -0.0438592 -0.0143457 0 -0.0442458 -0.998623 -0.0278423 0 -0.013105 0.0284476 -0.999509 0 -0.178251 -0.433755 0.494202 1 
0.998904 -0.0439725 -0.0154096 0 -0.0443399 -0.99871 -0.0243708 0 -0.0143184 0.0250279 -0.999584 0 -0.179893 -0.437376 0.491217 1 
0.998895 -0.0439733 -0.0160093 0 -0.0443222 -0.998762 -0.0221324 0 -0.0150165 0.0228179 -0.999627 0 -0.181448 -0.440927 0.487895 1 
0.998886 -0.0440715 -0.0162678 0 -0.044407 -0.998786 -0.0208728 0 -0.0153284 0.0215724 -0.99965 0 -0.183064 -0.444486 0.484162 1 
0.998882 -0.0441125 -0.0164132 0 -0.0444361 -0.998804 -0.0199026 0 -0.0155159 0.0206101 -0.999667 0 -0.184533 -0.447789 0.480688 1 
0.998893 -0.0440778 -0.0158425 0 -0.0444041 -0.998786 -0.0208673 0 -0.0149038 0.0215481 -0.999657 0 -0.185932 -0.451014 0.47671 1 
0.9989 -0.0440634 -0.0153948 0 -0.044389 -0.998774 -0.0214871 0 -0.0144294 0.0221473 -0.999651 0 -0.187283 -0.454099 0.473001 1 
0.998914 -0.0438683 -0.0150428 0 -0.044191 -0.998775 -0.021834 0 -0.0140668 0.0224755 -0.999648 0 -0.188583 -0.4573 0.46932 1 
0.998941 -0.0435091 -0.0143371 0 -0.0438317 -0.998764 -0.0230135 0 -0.0133183 0.023618 -0.999632 0 -0.190078 -0.461145 0.464645 1 
0.998962 -0.0430647 -0.0141875 0 -0.0433817 -0.998787 -0.022855 0 -0.0131863 0.0234472 -0.999638 0 -0.191241 -0.464355 0.461319 1 
0.998992 -0.0425697 -0.0135818 0 -0.0428849 -0.998786 -0.0238273 0 -0.0125513 0.0243862 -0.999624 0 -0.192477 -0.467822 0.457352 1 
0.999012 -0.042103 -0.0135378 0 -0.0424099 -0.99882 -0.023246 0 -0.0125433 0.0237976 -0.999638 0 -0.193762 -0.471391 0.453817 1 
0.999036 -0.0415708 -0.0133898 0 -0.0418701 -0.998851 -0.0229047 0 -0.0124225 0.0234437 -0.999648 0 -0.195016 -0.474998 0.450088 1 
0.999053 -0.0412034 -0.0132929 0 -0.0414943 -0.998878 -0.0223979 0 -0.0123553 0.0229287 -0.999661 0 -0.196373 -0.478619 0.446267 1 
0.999075 -0.0406868 -0.0132161 0 -0.0409695 -0.998911 -0.0218706 0 -0.0123121 0.0223922 -0.999673 0 -0.19758 -0.482104 0.442766 1 
0.999099 -0.0402171 -0.0128115 0 -0.040495 -0.998923 -0.0222263 0 -0.0119041 0.0227255 -0.999671 0 -0.198772 -0.485491 0.43897 1 
0.999118 -0.0397242 -0.0128514 0 -0.0399933 -0.998961 -0.0214059 0 -0.011988 0.0219014 -0.999688 0 -0.199892 -0.488794 0.435707 1 
0.99914 -0.0393395 -0.0123566 0 -0.0396046 -0.998964 -0.0219945 0 -0.0114788 0.0224654 -0.999682 0 -0.20102 -0.492215 0.431702 1 
0.999137 -0.0395003 -0.0121039 0 -0.0397596 -0.998958 -0.0219926 0 -0.0112228 0.0224553 -0.999685 0 -0.202147 -0.495513 0.428113 1 
0.999142 -0.0395998 -0.0113498 0 -0.039857 -0.998921 -0.0234105 0 -0.0104107 0.0238432 -0.999662 0 -0.203014 -0.498479 0.424441 1 
0.999139 -0.0399612 -0.0102764 0 -0.0402143 -0.99885 -0.0257256 0 -0.00923676 0.0261172 -0.999616 0 -0.203935 -0.501398 0.420391 1 
0.99912 -0.0405685 -0.0097014 0 -0.0408146 -0.998801 -0.0266806 0 -0.00860754 0.0270536 -0.999597 0 -0.204801 -0.504426 0.416703 1 
0.999081 -0.0416878 -0.00897287 0 -0.0419245 -0.998718 -0.0280433 0 -0.00779244 0.0283942 -0.999566 0 -0.205844 -0.507551 0.41241 1 
0.999054 -0.0424147 -0.00848667 0 -0.0426427 -0.998666 -0.0287881 0 -0.00725445 0.0291233 -0.99955 0 -0.20674 -0.510559 0.408645 1 
0.999039 -0.0429141 -0.00773097 0 -0.0431294 -0.998602 -0.0302454 0 -0.00642232 0.0305504 -0.999513 0 -0.207765 -0.513696 0.404151 1 
0.999053 -0.0426466 -0.00736479 0 -0.0428556 -0.998589 -0.0310463 0 -0.00603049 0.0313332 -0.999491 0 -0.208749 -0.516556 0.40033 1 
0.999084 -0.0420769 -0.00636227 0 -0.0422678 -0.99853 -0.0336456 0 -0.00493731 0.0338844 -0.999414 0 -0.209689 -0.519414 0.395683 1 
0.999112 -0.0415414 -0.00557037 0 -0.0417125 -0.998497 -0.0352738 0 -0.00409676 0.0354755 -0.999362 0 -0.210632 -0.52234 0.391116 1 
0.999143 -0.0408473 -0.00495331 0 -0.0410003 -0.998492 -0.0362335 0 -0.00346587 0.0364063 -0.999331 0 -0.211437 -0.525259 0.386587 1 
0.999176 -0.0401303 -0.00429806 0 -0.0402627 -0.998485 -0.0372347 0 -0.00279736 0.0373778 -0.999297 0 -0.21228 -0.528293 0.381689 1 
0.999216 -0.0391449 -0.00400332 0 -0.0392669 -0.998526 -0.0371981 0 -0.00254136 0.0373269 -0.9993 0 -0.212995 -0.531455 0.37711 1 
0.999252 -0.0382594 -0.00351659 0 -0.0383649 -0.998543 -0.0376834 0 -0.00206976 0.0377908 -0.999284 0 -0.213715 -0.5345 0.372253 1 
0.999298 -0.0370038 -0.00385243 0 -0.0371181 -0.998661 -0.0357588 0 -0.00252411 0.0358774 -0.999353 0 -0.214424 -0.538088 0.367579 1 
0.99934 -0.0358249 -0.00401563 0 -0.0359418 -0.998756 -0.0342953 0 -0.00278206 0.0344177 -0.999404 0 -0.215144 -0.541604 0.362462 1 
0.999393 -0.0342261 -0.00473435 0 -0.0343576 -0.998912 -0.0312305 0 -0.00366037 0.0313748 -0.999501 0 -0.215742 -0.545504 0.357666 1 
0.999446 -0.032592 -0.00512365 0 -0.0327272 -0.999034 -0.0289872 0 -0.00417403 0.0291394 -0.999567 0 -0.21631 -0.549428 0.352137 1 
0.999498 -0.0307906 -0.00610563 0 -0.0309354 -0.999193 -0.0252416 0 -0.0053236 0.0254183 -0.999663 0 -0.216645 -0.553078 0.347742 1 
0.999546 -0.0290229 -0.00679593 0 -0.0291677 -0.999317 -0.0222732 0 -0.00614497 0.0224617 -0.999729 0 -0.216963 -0.556691 0.342812 1 
0.999585 -0.0273962 -0.00775766 0 -0.0275368 -0.999437 -0.018644 0 -0.00724266 0.0188502 -0.999796 0 -0.217261 -0.56006 0.338724 1 
0.999623 -0.0256431 -0.00875437 0 -0.0257695 -0.999551 -0.0146357 0 -0.00837529 0.014856 -0.999855 0 -0.217752 -0.564159 0.333095 1 
0.999649 -0.0243803 -0.00939938 0 -0.024491 -0.99962 -0.0118568 0 -0.00910691 0.0120831 -0.999886 0 -0.218147 -0.567269 0.328654 1 
0.999669 -0.023328 -0.00989479 0 -0.0234228 -0.99967 -0.00957828 0 -0.00966827 0.00980706 -0.999905 0 -0.218518 -0.570025 0.32471 1 
0.999688 -0.0223436 -0.0102884 0 -0.0224205 -0.999711 -0.00742305 0 -0.0101198 0.00765155 -0.99992 0 -0.219044 -0.573065 0.319695 1 
0.999702 -0.0215042 -0.0107042 0 -0.0215628 -0.999743 -0.00539216 0 -0.0105857 0.00562147 -0.999928 0 -0.219468 -0.575636 0.315732 1 
0.99972 -0.0206926 -0.0105781 0 -0.0207452 -0.999763 -0.00488855 0 -0.0104747 0.00510672 -0.999932 0 -0.219825 -0.577985 0.311322 1 
0.999742 -0.0198894 -0.0100407 0 -0.0199472 -0.999775 -0.005688 0 -0.00992552 0.00588693 -0.999933 0 -0.220007 -0.579913 0.307242 1 
0.999761 -0.0192445 -0.00939519 0 -0.0193082 -0.999781 -0.0067429 0 -0.00926355 0.00692283 -0.999933 0 -0.220109 -0.581781 0.303303 1 
0.999782 -0.0186476 -0.00835737 0 -0.0187222 -0.999775 -0.00894014 0 -0.00818894 0.00909483 -0.999925 0 -0.220181 -0.583492 0.298679 1 
0.999805 -0.0177695 -0.00745146 0 -0.0178501 -0.999772 -0.0108975 0 -0.00725625 0.0110286 -0.999913 0 -0.22017 -0.585022 0.294734 1 
0.999831 -0.0167687 -0.00617058 0 -0.0168532 -0.999752 -0.0139115 0 -0.00593588 0.0140134 -0.999884 0 -0.220053 -0.586485 0.290591 1 
0.999856 -0.0158004 -0.00437638 0 -0.0158781 -0.999696 -0.0183447 0 -0.00408528 0.0184119 -0.999822 0 -0.219882 -0.587793 0.285934 1 
0.999877 -0.0148189 -0.00277595 0 -0.0148772 -0.999631 -0.022306 0 -0.00244443 0.0223449 -0.999747 0 -0.219673 -0.589018 0.28207 1 
0.999895 -0.0138123 -0.000531669 0 -0.0138218 -0.999501 -0.0280561 0 -0.000143888 0.028061 -0.999606 0 -0.219424 -0.590199 0.27729 1 
0.999905 -0.0129727 0.00158978 0 -0.0129122 -0.999347 -0.0334714 0 0.00202299 0.0334483 -0.999438 0 -0.21923 -0.591297 0.272791 1 
0.999908 -0.012397 0.00341391 0 -0.0122581 -0.99919 -0.0380889 0 0.0038834 0.0380443 -0.999269 0 -0.219156 -0.592401 0.268787 1 
0.999904 -0.0118457 0.00560818 0 -0.0115897 -0.998969 -0.0436703 0 0.00611982 0.043602 -0.99903 0 -0.219121 -0.59354 0.263964 1 
0.999902 -0.0111908 0.00722935 0 -0.0108339 -0.998796 -0.0476511 0 0.00775404 0.047569 -0.998838 0 -0.219146 -0.594924 0.259879 1 
0.999893 -0.0107523 0.00884426 0 -0.0102825 -0.998608 -0.0515466 0 0.00938638 0.0514512 -0.998631 0 -0.219344 -0.596403 0.255301 1 
0.999886 -0.0104394 0.00999027 0 -0.00988422 -0.998477 -0.0540933 0 0.01054 0.0539894 -0.998486 0 -0.219694 -0.598037 0.251058 1 
0.99988 -0.0101907 0.0108543 0 -0.00956942 -0.998385 -0.0558262 0 0.0114059 0.0557167 -0.998381 0 -0.22014 -0.599816 0.246812 1 
0.999875 -0.00992327 0.0114872 0 -0.00925499 -0.998331 -0.0568345 0 0.0120323 0.0567222 -0.998317 0 -0.220648 -0.601776 0.242375 1 
0.999876 -0.00966445 0.0115967 0 -0.00899515 -0.998356 -0.0564404 0 0.0121234 0.0563302 -0.998339 0 -0.221209 -0.60386 0.23878 1 
0.999875 -0.00948992 0.0118362 0 -0.00880912 -0.998365 -0.0563015 0 0.0123513 0.0561913 -0.998344 0 -0.221861 -0.606023 0.234295 1 
0.999886 -0.00931082 0.0110585 0 -0.00870904 -0.998532 -0.0532715 0 0.0115385 0.0531702 -0.998519 0 -0.222671 -0.608582 0.230557 1 
0.999893 -0.00921376 0.0104457 0 -0.00867285 -0.998667 -0.0506955 0 0.0108991 0.0506005 -0.99866 0 -0.22347 -0.610946 0.2265 1 
0.999903 -0.00912048 0.00956542 0 -0.00865766 -0.998831 -0.0473575 0 0.00998635 0.047271 -0.998832 0 -0.224322 -0.613466 0.222453 1 
0.999913 -0.00908762 0.00846641 0 -0.00871163 -0.999009 -0.0434352 0 0.00885291 0.0433585 -0.99902 0 -0.22524 -0.616017 0.218717 1 
0.999919 -0.00916102 0.00764018 0 -0.00884704 -0.999144 -0.0401633 0 0.00800173 0.0400932 -0.999164 0 -0.226235 -0.618647 0.213654 1 
0.999926 -0.00919968 0.00657763 0 -0.00895409 -0.999286 -0.0364385 0 0.00690829 0.0363776 -0.999314 0 -0.227073 -0.620874 0.209951 1 
0.999929 -0.009239 0.00612575 0 -0.00902324 -0.999359 -0.0343601 0 0.0064394 0.034303 -0.999391 0 -0.227775 -0.622755 0.205543 1 
0.999932 -0.00922308 0.00564004 0 -0.00903638 -0.999428 -0.0322768 0 0.00593463 0.0322243 -0.999463 0 -0.228383 -0.624491 0.201681 1 
0.999934 -0.00925209 0.00530304 0 -0.00908542 -0.99948 -0.0306356 0 0.00558383 0.0305859 -0.999517 0 -0.228988 -0.62615 0.197823 1 
0.999933 -0.00934059 0.00520592 0 -0.00918239 -0.999509 -0.0296257 0 0.00548019 0.0295765 -0.999547 0 -0.229559 -0.62762 0.193325 1 
0.999934 -0.0094265 0.00488318 0 -0.00928613 -0.999555 -0.0280102 0 0.00514514 0.0279636 -0.999596 0 -0.230128 -0.629094 0.189359 1 
0.999932 -0.00958061 0.00500906 0 -0.0094386 -0.999564 -0.0276459 0 0.00527184 0.0275972 -0.999605 0 -0.230642 -0.630289 0.184836 1 
0.999929 -0.00964081 0.00543182 0 -0.00948425 -0.999549 -0.0281457 0 0.00570083 0.0280928 -0.999589 0 -0.230979 -0.631193 0.180177 1 
0.999929 -0.00963194 0.00553239 0 -0.0094747 -0.99956 -0.0277775 0 0.00579762 0.0277236 -0.999599 0 -0.231327 -0.632259 0.17618 1 
0.999926 -0.0096586 0.00601407 0 -0.00948358 -0.99954 -0.0284796 0 0.0062865 0.028421 -0.999576 0 -0.231615 -0.633117 0.171748 1 
0.999924 -0.00957313 0.00636897 0 -0.00938602 -0.999532 -0.0287861 0 0.00664169 0.0287247 -0.999565 0 -0.231833 -0.633984 0.167348 1 
0.999928 -0.0093289 0.0062055 0 -0.00915379 -0.999566 -0.0276716 0 0.00646108 0.0276134 -0.999598 0 -0.232044 -0.635125 0.163494 1 
0.999929 -0.00907029 0.00631088 0 -0.00889452 -0.999577 -0.0273444 0 0.00655636 0.0272869 -0.999606 0 -0.232162 -0.636054 0.159372 1 
0.999932 -0.00878317 0.00633999 0 -0.00861039 -0.999595 -0.0267832 0 0.00657278 0.0267273 -0.999621 0 -0.232273 -0.637037 0.155196 1 
0.999937 -0.0084637 0.00596316 0 -0.00831156 -0.999641 -0.0250922 0 0.00617351 0.0250416 -0.999667 0 -0.232445 -0.638226 0.151628 1 
0.999939 -0.00818291 0.00596395 0 -0.00803444 -0.999658 -0.0245066 0 0.00616256 0.0244577 -0.999682 0 -0.232528 -0.639122 0.147876 1 
0.999942 -0.00781376 0.00598879 0 -0.00766821 -0.999674 -0.0239526 0 0.00617412 0.0239057 -0.999695 0 -0.232538 -0.640005 0.143955 1 
0.999949 -0.00736542 0.00538926 0 -0.00724723 -0.99973 -0.021631 0 0.00554723 0.0215912 -0.999751 0 -0.232626 -0.641245 0.140692 1 
0.999954 -0.00687846 0.0049559 0 -0.00677877 -0.99977 -0.0198596 0 0.00509146 0.0198255 -0.99979 0 -0.232637 -0.642342 0.137529 1 
0.999958 -0.00636445 0.00486534 0 -0.00627076 -0.99979 -0.0190336 0 0.00498555 0.0190026 -0.999807 0 -0.232544 -0.643218 0.133843 1 
0.999963 -0.00578225 0.00454046 0 -0.00570169 -0.99982 -0.0175593 0 0.00464126 0.0175331 -0.999836 0 -0.232448 -0.644231 0.130444 1 
0.999968 -0.00521547 0.00427839 0 -0.00514485 -0.999843 -0.016354 0 0.0043631 0.0163318 -0.999857 0 -0.232342 -0.645181 0.127522 1 
0.999969 -0.00475254 0.00446105 0 -0.00467854 -0.999844 -0.016455 0 0.00453864 0.0164339 -0.999855 0 -0.232197 -0.645821 0.124415 1 
0.99997 -0.00431938 0.0048012 0 -0.0042375 -0.999838 -0.0169365 0 0.00487367 0.0169159 -0.999845 0 -0.232023 -0.646344 0.121025 1 
0.999972 -0.00386341 0.00472083 0 -0.00378629 -0.999851 -0.0162381 0 0.00478295 0.01622 -0.999857 0 -0.231911 -0.647055 0.118068 1 
0.999975 -0.00339229 0.00440549 0 -0.00332621 -0.999874 -0.0149193 0 0.00445563 0.0149046 -0.999879 0 -0.231833 -0.647873 0.11527 1 
0.999976 -0.00304199 0.00433238 0 -0.0029798 -0.999884 -0.0142887 0 0.00437542 0.0142757 -0.999889 0 -0.231755 -0.64847 0.112155 1 
0.999977 -0.00276772 0.0044267 0 -0.00270515 -0.999888 -0.0140779 0 0.00446525 0.0140658 -0.999891 0 -0.231676 -0.64892 0.108941 1 
0.999978 -0.00251606 0.00434176 0 -0.00245763 -0.999897 -0.0134118 0 0.00437515 0.0134011 -0.999901 0 -0.231642 -0.649452 0.106224 1 
0.99998 -0.00230053 0.00403961 0 -0.00225126 -0.999914 -0.0121607 0 0.00406731 0.0121516 -0.999918 0 -0.231692 -0.650121 0.103628 1 
0.99998 -0.00223052 0.00394678 0 -0.00218515 -0.999922 -0.011463 0 0.00397212 0.0114544 -0.999927 0 -0.231788 -0.650654 0.100752 1 
0.99998 -0.00218832 0.00411444 0 -0.00214065 -0.999921 -0.0115548 0 0.00413948 0.011546 -0.999925 0 -0.231819 -0.65092 0.0979094 1 
0.999979 -0.00216016 0.00422959 0 -0.00211134 -0.999922 -0.0115138 0 0.00425421 0.0115048 -0.999925 0 -0.231865 -0.651204 0.0951416 1 
0.99998 -0.00219415 0.00392805 0 -0.00215353 -0.999935 -0.0103151 0 0.0039505 0.0103066 -0.999939 0 -0.232048 -0.651726 0.0927435 1 
0.999982 -0.00224888 0.00339312 0 -0.00222003 -0.999952 -0.00848259 0 0.0034121 0.00847507 -0.999958 0 -0.232301 -0.652366 0.090416 1 
0.999983 -0.00233777 0.00297292 0 -0.00231662 -0.999962 -0.0070989 0 0.00298947 0.00709203 -0.99997 0 -0.232523 -0.65285 0.087879 1 
0.999984 -0.00247849 0.00266973 0 -0.00246259 -0.99997 -0.00594237 0 0.00268443 0.00593581 -0.999979 0 -0.232732 -0.653226 0.0852771 1 
0.999984 -0.00272067 0.00224927 0 -0.0027106 -0.999977 -0.00446697 0 0.00226141 0.00446089 -0.999987 0 -0.233027 -0.653611 0.0830498 1 
0.999984 -0.00299865 0.00180812 0 -0.00299323 -0.999981 -0.00298936 0 0.00181708 0.00298396 -0.999994 0 -0.233343 -0.65398 0.0813541 1 
0.999983 -0.00350616 0.00149031 0 -0.00350344 -0.999983 -0.00182102 0 0.0014967 0.0018158 -0.999997 0 -0.233835 -0.654378 0.0789194 1 
0.999981 -0.00396833 0.00155025 0 -0.00396555 -0.999981 -0.00179131 0 0.00155736 0.00178516 -0.999997 0 -0.234209 -0.654527 0.0768505 1 
0.999978 -0.0044997 0.00207663 0 -0.00449323 -0.999975 -0.00310886 0 0.00209061 0.00309952 -0.999993 0 -0.234528 -0.654383 0.0744979 1 
0.999974 -0.00506352 0.00274543 0 -0.00505033 -0.999966 -0.0047895 0 0.00276964 0.0047756 -0.999985 0 -0.234825 -0.654144 0.0723484 1 
0.999969 -0.005649 0.00332829 0 -0.00562805 -0.999955 -0.00626912 0 0.00336361 0.00625031 -0.999975 0 -0.235175 -0.653978 0.0704741 1 
0.999963 -0.00626751 0.00381007 0 -0.00623876 -0.999943 -0.00751004 0 0.003857 0.00748614 -0.999965 0 -0.235589 -0.653902 0.0688195 1 
0.999958 -0.00691779 0.00417164 0 -0.00688212 -0.999931 -0.00850476 0 0.00423027 0.00847585 -0.999955 0 -0.236095 -0.65393 0.0672567 1 
0.999951 -0.00757557 0.00451439 0 -0.00753258 -0.999917 -0.00946472 0 0.0045858 0.00943043 -0.999945 0 -0.236626 -0.653994 0.0656474 1 
0.999944 -0.00825432 0.00490586 0 -0.00820191 -0.9999 -0.0106089 0 0.00499304 0.0105683 -0.999932 0 -0.23714 -0.653965 0.0639639 1 
0.999937 -0.00894824 0.00522759 0 -0.00888633 -0.999882 -0.0117482 0 0.0053322 0.0117012 -0.999917 0 -0.237721 -0.653926 0.0622885 1 
0.99993 -0.00960214 0.00541323 0 -0.00953336 -0.999866 -0.0125909 0 0.0055335 0.0125387 -0.999906 0 -0.23834 -0.653974 0.060818 1 
0.999924 -0.0101467 0.00545333 0 -0.0100753 -0.999856 -0.012956 0 0.00558411 0.0129003 -0.999901 0 -0.238903 -0.654149 0.0597496 1 
0.999917 -0.0108236 0.00542243 0 -0.0107515 -0.999846 -0.0131551 0 0.00556409 0.0130959 -0.999899 0 -0.239629 -0.654464 0.058544 1 
0.999912 -0.01137 0.00530964 0 -0.0112982 -0.999837 -0.0133668 0 0.00546086 0.0133058 -0.999897 0 -0.240317 -0.65474 0.0574356 1 
0.999908 -0.011784 0.00515812 0 -0.0117116 -0.999826 -0.0138404 0 0.00532042 0.013779 -0.999891 0 -0.240971 -0.654902 0.0562565 1 
0.999905 -0.0120968 0.00501442 0 -0.0120217 -0.99981 -0.0147332 0 0.00519179 0.0146718 -0.999879 0 -0.2416 -0.654915 0.0548583 1 
0.999904 -0.0122122 0.00477292 0 -0.0121351 -0.999791 -0.0158645 0 0.00496576 0.0158054 -0.999863 0 -0.242214 -0.654803 0.0534465 1 
0.999909 -0.0120063 0.00424009 0 -0.0119323 -0.999773 -0.0170789 0 0.00444427 0.0170271 -0.999845 0 -0.242842 -0.654616 0.0521634 1 
0.999917 -0.0115951 0.0034249 0 -0.0115302 -0.999755 -0.0183987 0 0.00363747 0.018358 -0.999825 0 -0.243559 -0.654362 0.0509278 1 
0.999923 -0.0112767 0.0025683 0 -0.0112243 -0.999736 -0.0195707 0 0.00278837 0.0195408 -0.999805 0 -0.244341 -0.654119 0.0498161 1 
0.999926 -0.0111654 0.00182684 0 -0.0111255 -0.999716 -0.0206034 0 0.00205641 0.020582 -0.999786 0 -0.245146 -0.653906 0.0487457 1 
0.999924 -0.0114677 0.00137526 0 -0.0114357 -0.999696 -0.0214009 0 0.00162029 0.021384 -0.99977 0 -0.245974 -0.653765 0.0476728 1 
0.999915 -0.0121896 0.00136614 0 -0.0121567 -0.999676 -0.0219405 0 0.00163318 0.0219224 -0.999758 0 -0.246677 -0.653689 0.0466575 1 
0.999904 -0.0130434 0.00147201 0 -0.0130074 -0.999657 -0.0222839 0 0.0017622 0.022263 -0.999751 0 -0.247334 -0.653652 0.0456231 1 
0.999895 -0.0137403 0.00150686 0 -0.0137032 -0.999646 -0.0223594 0 0.00181359 0.0223369 -0.999749 0 -0.247894 -0.653659 0.0446341 1 
0.999886 -0.0143419 0.00146508 0 -0.014306 -0.999643 -0.0221484 0 0.00178224 0.0221254 -0.999754 0 -0.248365 -0.653729 0.043666 1 
0.99988 -0.0148132 0.00124137 0 -0.0147833 -0.999653 -0.0213675 0 0.00155749 0.021347 -0.999771 0 -0.248785 -0.653935 0.0428056 1 
0.999876 -0.0150835 0.000849427 0 -0.0150633 -0.999674 -0.0201421 0 0.00115298 0.0201272 -0.999797 0 -0.249115 -0.654264 0.0421128 1 
0.999874 -0.015227 0.000237282 0 -0.0152201 -0.999708 -0.0182426 0 0.000515002 0.018237 -0.999834 0 -0.249399 -0.654762 0.0415032 1 
0.999874 -0.015232 -0.000636742 0 -0.0152401 -0.999753 -0.015597 0 -0.000399019 0.015605 -0.999878 0 -0.24965 -0.655438 0.0409829 1 
0.999874 -0.0152082 -0.00148108 0 -0.0152262 -0.99979 -0.0130156 0 -0.00128285 0.0130367 -0.999914 0 -0.249863 -0.656069 0.0404917 1 
0.999872 -0.0152022 -0.00235389 0 -0.0152257 -0.999821 -0.0103278 0 -0.00219651 0.0103625 -0.999944 0 -0.250071 -0.656689 0.0398688 1 
0.99987 -0.0152035 -0.0031937 0 -0.0152278 -0.999844 -0.00774508 0 -0.00307551 0.00779286 -0.999965 0 -0.250268 -0.657236 0.0392779 1 
0.999866 -0.0152408 -0.00398725 0 -0.0152619 -0.99986 -0.00532348 0 -0.00390563 0.00538372 -0.999978 0 -0.250458 -0.657704 0.0386855 1 
0.999862 -0.0153058 -0.00471069 0 -0.0153203 -0.999868 -0.00305128 0 -0.00466345 0.00312309 -0.999984 0 -0.250631 -0.65809 0.0379818 1 
0.999859 -0.0153777 -0.00505425 0 -0.0153875 -0.99987 -0.00192113 0 -0.00502414 0.00199867 -0.999985 0 -0.25072 -0.658209 0.0372236 1 
0.999858 -0.0155097 -0.00499651 0 -0.0155197 -0.999868 -0.00195918 0 -0.00496556 0.00203649 -0.999986 0 -0.25076 -0.658068 0.0364614 1 
0.999857 -0.0156809 -0.00465701 0 -0.0156942 -0.999863 -0.00284522 0 -0.00461185 0.00291796 -0.999985 0 -0.250768 -0.657756 0.0357457 1 
0.999855 -0.0158844 -0.00432792 0 -0.0159006 -0.999857 -0.00371512 0 -0.00426837 0.00378347 -0.999984 0 -0.250802 -0.657447 0.0350909 1 
0.999852 -0.0161425 -0.0040703 0 -0.0161603 -0.99985 -0.00439919 0 -0.00399875 0.00446441 -0.999982 0 -0.250891 -0.65718 0.0345797 1 
0.999848 -0.0163933 -0.00388902 0 -0.0164122 -0.999844 -0.00486969 0 -0.00380866 0.00493287 -0.999981 0 -0.251006 -0.656973 0.0342159 1 
0.999844 -0.016657 -0.00378172 0 -0.0166764 -0.999838 -0.00516428 0 -0.00369516 0.00522665 -0.99998 0 -0.251149 -0.656819 0.033994 1 
0.99984 -0.0169457 -0.00373595 0 -0.0169653 -0.999832 -0.00528272 0 -0.00364587 0.00534536 -0.999979 0 -0.251323 -0.656711 0.0339005 1 
0.999835 -0.0172307 -0.00372041 0 -0.0172503 -0.999827 -0.0053086 0 -0.00362836 0.00537201 -0.999979 0 -0.2515 -0.656633 0.0338777 1 
0.999831 -0.0174816 -0.00373863 0 -0.0175012 -0.999823 -0.00528059 0 -0.00364573 0.00534523 -0.999979 0 -0.251672 -0.656579 0.0338877 1 
0.999827 -0.0176883 -0.00375623 0 -0.0177079 -0.99982 -0.00525401 0 -0.00366269 0.00531972 -0.999979 0 -0.251814 -0.656533 0.0338957 1 
0.999822 -0.0179587 -0.00376166 0 -0.0179785 -0.999815 -0.00528909 0 -0.00366604 0.00535588 -0.999979 0 -0.251997 -0.656453 0.033876 1 
0.999818 -0.0181664 -0.00373315 0 -0.0181863 -0.999811 -0.00536255 0 -0.00363509 0.00542957 -0.999979 0 -0.252122 -0.656379 0.0338202 1 
0.999816 -0.0182833 -0.00368037 0 -0.0183035 -0.999808 -0.00553859 0 -0.00357847 0.00560505 -0.999978 0 -0.252191 -0.656294 0.0336911 1 
0.999816 -0.0183382 -0.00358742 0 -0.0183588 -0.999805 -0.00579825 0 -0.00348046 0.00586315 -0.999977 0 -0.252205 -0.656199 0.0334999 1 
0.999816 -0.0183805 -0.0034439 0 -0.0184016 -0.999802 -0.00618256 0 -0.00332964 0.00624491 -0.999975 0 -0.252184 -0.656076 0.0332111 1 
0.999816 -0.0184063 -0.00325937 0 -0.0184278 -0.999798 -0.00668997 0 -0.00313563 0.00674893 -0.999972 0 -0.252144 -0.655917 0.0328312 1 
0.999815 -0.0184603 -0.00305173 0 -0.018482 -0.999793 -0.00724476 0 -0.00291742 0.00729996 -0.999969 0 -0.252111 -0.655739 0.0324079 1 
0.999815 -0.0184891 -0.00287518 0 -0.0185108 -0.999789 -0.007712 0 -0.00273204 0.00776394 -0.999966 0 -0.252075 -0.65559 0.0320448 1 
0.999816 -0.0185028 -0.00266016 0 -0.0185242 -0.999785 -0.00826843 0 -0.00250664 0.00831634 -0.999962 0 -0.252021 -0.655418 0.0316261 1 
0.999817 -0.0184829 -0.00245565 0 -0.0185038 -0.999781 -0.00877525 0 -0.00229297 0.00881925 -0.999958 0 -0.251943 -0.655271 0.0312338 1 
0.999818 -0.0184364 -0.00228648 0 -0.0184567 -0.999778 -0.0091946 0 -0.0021165 0.00923531 -0.999955 0 -0.251861 -0.655153 0.0308773 1 
0.999818 -0.0184237 -0.00217782 0 -0.0184435 -0.999776 -0.00945255 0 -0.00200321 0.00949119 -0.999953 0 -0.25181 -0.655055 0.0305115 1 
0.999819 -0.0184142 -0.00201407 0 -0.0184332 -0.999772 -0.00985413 0 -0.00183219 0.00988966 -0.999949 0 -0.251751 -0.654934 0.0301728 1 
0.99982 -0.0183724 -0.00186258 0 -0.0183905 -0.999769 -0.0102267 0 -0.0016743 0.0102593 -0.999946 0 -0.251674 -0.654833 0.0298628 1 
0.999821 -0.0183045 -0.00172771 0 -0.0183218 -0.999767 -0.0105746 0 -0.00153377 0.0106046 -0.999943 0 -0.251589 -0.654741 0.0295844 1 
0.999823 -0.0182254 -0.00161854 0 -0.0182419 -0.999765 -0.0108426 0 -0.00142058 0.0108704 -0.99994 0 -0.251501 -0.65468 0.0293743 1 
0.999825 -0.0181364 -0.00154946 0 -0.0181524 -0.999765 -0.0109942 0 -0.00134973 0.0110206 -0.999938 0 -0.251421 -0.654653 0.0292163 1 
0.999826 -0.0180544 -0.00157422 0 -0.0180705 -0.999768 -0.010892 0 -0.00137724 0.0109188 -0.999939 0 -0.251366 -0.654685 0.0291256 1 
0.999828 -0.0179458 -0.00154543 0 -0.0179617 -0.999769 -0.0109371 0 -0.00134883 0.0109632 -0.999939 0 -0.251286 -0.654693 0.0290519 1 
0.99983 -0.0178236 -0.00156349 0 -0.0178396 -0.999772 -0.0108703 0 -0.00136941 0.0108965 -0.99994 0 -0.251213 -0.654747 0.0290541 1 
0.999832 -0.0177133 -0.00167141 0 -0.01773 -0.999777 -0.0105621 0 -0.00148397 0.0105902 -0.999943 0 -0.251178 -0.654882 0.0291482 1 
0.999832 -0.0177023 -0.0018001 0 -0.0177198 -0.999781 -0.0102072 0 -0.00161905 0.0102376 -0.999946 0 -0.251221 -0.65502 0.0292586 1 
0.999832 -0.0177254 -0.00186709 0 -0.0177433 -0.999783 -0.0100386 0 -0.00168878 0.0100703 -0.999948 0 -0.251266 -0.655091 0.0293235 1 
0.999831 -0.0177419 -0.00190102 0 -0.01776 -0.999783 -0.00995763 0 -0.00172397 0.0099899 -0.999949 0 -0.251294 -0.655123 0.0293545 1 
0.999831 -0.0177371 -0.00189324 0 -0.0177551 -0.999783 -0.00996704 0 -0.00171607 0.00999916 -0.999949 0 -0.251289 -0.655122 0.0293409 1 
0.999832 -0.0177191 -0.0018457 0 -0.0177368 -0.999783 -0.0100521 0 -0.00166722 0.0100833 -0.999948 0 -0.251257 -0.655104 0.0292645 1 
0.999832 -0.0177303 -0.0017815 0 -0.0177476 -0.99978 -0.0102441 0 -0.00159951 0.0102742 -0.999946 0 -0.25124 -0.655044 0.0291214 1 
0.999831 -0.0177595 -0.00168179 0 -0.0177762 -0.999777 -0.0105209 0 -0.0014946 0.0105492 -0.999943 0 -0.251231 -0.654952 0.0289148 1 
0.999831 -0.0177672 -0.00155176 0 -0.017783 -0.999773 -0.0108655 0 -0.00135839 0.0108914 -0.99994 0 -0.251195 -0.654846 0.0286526 1 
0.999832 -0.0177464 -0.00139209 0 -0.0177609 -0.999769 -0.0112441 0 -0.00119225 0.0112672 -0.999936 0 -0.251126 -0.654742 0.0283433 1 
0.999833 -0.0177102 -0.001245 0 -0.0177235 -0.999766 -0.0115957 0 -0.00103937 0.011616 -0.999932 0 -0.251066 -0.654663 0.0279957 1 
0.999833 -0.0177093 -0.00114828 0 -0.0177217 -0.999763 -0.0118215 0 -0.000938678 0.0118401 -0.999929 0 -0.251048 -0.654634 0.0276348 1 
0.999833 -0.0177224 -0.00118638 0 -0.017735 -0.999765 -0.0116682 0 -0.000979336 0.0116875 -0.999931 0 -0.251083 -0.654716 0.0273081 1 
0.999832 -0.0177594 -0.0012909 0 -0.0177729 -0.999769 -0.0112935 0 -0.00109006 0.0113148 -0.999935 0 -0.251155 -0.654879 0.0269468 1 
0.999831 -0.0177805 -0.00148783 0 -0.0177954 -0.999775 -0.0106672 0 -0.00129785 0.010692 -0.999942 0 -0.251261 -0.655143 0.0265933 1 
0.999831 -0.0177778 -0.00185323 0 -0.0177947 -0.999787 -0.00952676 0 -0.00168351 0.00955831 -0.999953 0 -0.251418 -0.655592 0.0262869 1 
0.99983 -0.0177729 -0.00241672 0 -0.0177912 -0.999802 -0.0077977 0 -0.0022777 0.00783952 -0.999967 0 -0.251635 -0.656229 0.0260371 1 
0.999827 -0.0177669 -0.00323126 0 -0.0177837 -0.999819 -0.00523402 0 -0.00313774 0.00529068 -0.999981 0 -0.251919 -0.657079 0.0258147 1 
0.999824 -0.0177444 -0.00415585 0 -0.0177543 -0.99983 -0.00237053 0 -0.00411316 0.00244394 -0.999989 0 -0.2522 -0.657964 0.0255638 1 
0.999821 -0.0176963 -0.00508637 0 -0.0176944 -0.999834 0.000416097 0 -0.00509299 -0.000326028 -0.999987 0 -0.252446 -0.658775 0.0252513 1 
0.999819 -0.0175948 -0.00578736 0 -0.0175801 -0.999833 0.00257637 0 -0.00583184 -0.00247421 -0.99998 0 -0.252583 -0.659406 0.0248912 1 
0.999819 -0.0174701 -0.00613462 0 -0.0174477 -0.999831 0.00367175 0 -0.00619785 -0.00356412 -0.999974 0 -0.252613 -0.659769 0.0245307 1 
0.999821 -0.0173394 -0.0061043 0 -0.0173174 -0.999834 0.00363635 0 -0.00616646 -0.00353005 -0.999975 0 -0.252542 -0.659858 0.0241275 1 
0.999824 -0.0172329 -0.00593857 0 -0.017214 -0.999837 0.00321503 0 -0.00599312 -0.0031123 -0.999977 0 -0.252428 -0.65978 0.0237485 1 
0.999827 -0.0171296 -0.00577972 0 -0.0171136 -0.99984 0.002811 0 -0.00582706 -0.00271165 -0.999979 0 -0.252307 -0.65968 0.0234439 1 
0.999829 -0.0170596 -0.00567073 0 -0.0170455 -0.999842 0.00253651 0 -0.00571321 -0.00243946 -0.999981 0 -0.252224 -0.659614 0.0232347 1 
