0.999114 -0.0411891 0.00739834 0 -0.040889 -0.998471 -0.0369374 0 0.00890861 0.0366029 -0.99929 0 -0.156502 -0.397242 0.533442 1 
0.999114 -0.0411943 0.00739577 0 -0.0408943 -0.998471 -0.0369362 0 0.00890619 0.0366017 -0.99929 0 -0.156505 -0.397239 0.533443 1 
0.999115 -0.0411833 0.00739511 0 -0.0408835 -0.998471 -0.0369328 0 0.008905 0.0365985 -0.99929 0 -0.156499 -0.397242 0.533445 1 
0.999114 -0.0411938 0.00739165 0 -0.0408941 -0.998471 -0.0369239 0 0.00890156 0.0365896 -0.999291 0 -0.156503 -0.397241 0.533449 1 
0.999114 -0.0411993 0.00739355 0 -0.0408995 -0.998471 -0.0369285 0 0.00890385 0.0365941 -0.999291 0 -0.156503 -0.397239 0.533447 1 
0.999114 -0.0411911 0.00739636 0 -0.0408912 -0.998471 -0.0369323 0 0.00890651 0.0365978 -0.99929 0 -0.156501 -0.39724 0.533445 1 
0.999114 -0.041186 0.00739639 0 -0.0408861 -0.998471 -0.036934 0 0.00890642 0.0365996 -0.99929 0 -0.156502 -0.397241 0.533445 1 
0.999114 -0.0411892 0.00739374 0 -0.0408894 -0.998471 -0.0369306 0 0.00890375 0.0365963 -0.99929 0 -0.156502 -0.397242 0.533446 1 
0.999114 -0.041193 0.00739481 0 -0.0408931 -0.998471 -0.0369328 0 0.00890505 0.0365984 -0.99929 0 -0.156501 -0.39724 0.533445 1 
0.999114 -0.0411919 0.00739623 0 -0.040892 -0.998471 -0.0369367 0 0.00890658 0.0366022 -0.99929 0 -0.156502 -0.39724 0.533443 1 
0.999114 -0.0411906 0.00739542 0 -0.0408907 -0.998471 -0.0369366 0 0.00890572 0.0366022 -0.99929 0 -0.156503 -0.397241 0.533444 1 
0.999114 -0.0411896 0.00739546 0 -0.0408897 -0.998471 -0.0369348 0 0.00890566 0.0366004 -0.99929 0 -0.156503 -0.39724 0.533444 1 
0.999114 -0.0411895 0.00739543 0 -0.0408896 -0.998471 -0.0369366 0 0.00890569 0.0366022 -0.99929 0 -0.156502 -0.397241 0.533444 1 
0.999114 -0.0411925 0.00739291 0 -0.0408927 -0.998471 -0.0369335 0 0.00890316 0.0365991 -0.99929 0 -0.1565 -0.397241 0.533445 1 
0.999115 -0.0411833 0.00739478 0 -0.0408834 -0.998471 -0.0369341 0 0.00890472 0.0365998 -0.99929 0 -0.1565 -0.397242 0.533444 1 
0.999115 -0.0411827 0.00739363 0 -0.0408828 -0.998471 -0.036934 0 0.00890354 0.0365997 -0.99929 0 -0.156501 -0.397242 0.533445 1 
0.999115 -0.041184 0.00739326 0 -0.0408842 -0.998471 -0.0369315 0 0.00890312 0.0365973 -0.99929 0 -0.1565 -0.397241 0.533446 1 
0.999114 -0.0411898 0.00739435 0 -0.0408899 -0.998471 -0.0369329 0 0.00890448 0.0365986 -0.99929 0 -0.156502 -0.397241 0.533445 1 
0.999115 -0.0411829 0.00739765 0 -0.040883 -0.998472 -0.0369297 0 0.00890739 0.0365953 -0.99929 0 -0.1565 -0.397241 0.533446 1 
0.999115 -0.0411835 0.00739276 0 -0.0408837 -0.998472 -0.0369304 0 0.00890255 0.0365962 -0.99929 0 -0.156499 -0.397242 0.533445 1 
0.999114 -0.0411876 0.0073959 0 -0.0408877 -0.998471 -0.0369362 0 0.00890608 0.0366018 -0.99929 0 -0.156501 -0.397241 0.533443 1 
0.999114 -0.0411897 0.00739809 0 -0.0408897 -0.998471 -0.0369412 0 0.00890855 0.0366067 -0.99929 0 -0.156502 -0.397241 0.533442 1 
0.999114 -0.0411934 0.00739842 0 -0.0408933 -0.998471 -0.0369335 0 0.0089087 0.0365989 -0.99929 0 -0.156501 -0.397241 0.533444 1 
0.999114 -0.0411936 0.00739485 0 -0.0408938 -0.998471 -0.0369321 0 0.00890508 0.0365977 -0.99929 0 -0.156503 -0.397241 0.533445 1 
0.999114 -0.0411878 0.00739612 0 -0.0408879 -0.998471 -0.0369355 0 0.00890628 0.036601 -0.99929 0 -0.156503 -0.397241 0.533444 1 
0.999115 -0.0411843 0.00739704 0 -0.0408843 -0.998471 -0.0369342 0 0.00890702 0.0365998 -0.99929 0 -0.156502 -0.39724 0.533444 1 
0.999114 -0.0411925 0.00739545 0 -0.0408926 -0.998471 -0.0369346 0 0.00890575 0.0366002 -0.99929 0 -0.156501 -0.397241 0.533444 1 
0.999114 -0.0411905 0.00739496 0 -0.0408906 -0.998471 -0.0369346 0 0.00890518 0.0366002 -0.99929 0 -0.156501 -0.397241 0.533445 1 
0.999115 -0.0411835 0.0073961 0 -0.0408836 -0.998471 -0.0369346 0 0.00890607 0.0366002 -0.99929 0 -0.1565 -0.397241 0.533444 1 
0.999115 -0.041186 0.0073937 0 -0.0408862 -0.998471 -0.0369323 0 0.00890366 0.036598 -0.99929 0 -0.156501 -0.397241 0.533445 1 
0.999115 -0.0411821 0.00739407 0 -0.0408822 -0.998471 -0.0369357 0 0.00890403 0.0366015 -0.99929 0 -0.156499 -0.397242 0.533444 1 
0.999114 -0.0411897 0.00739304 0 -0.0408899 -0.998471 -0.0369317 0 0.00890311 0.0365974 -0.99929 0 -0.156503 -0.39724 0.533446 1 
0.999115 -0.0411798 0.00739157 0 -0.0408801 -0.998472 -0.0369298 0 0.00890121 0.0365957 -0.999291 0 -0.1565 -0.397242 0.533447 1 
0.999115 -0.0411853 0.00739629 0 -0.0408853 -0.998471 -0.0369361 0 0.00890638 0.0366017 -0.99929 0 -0.156501 -0.397241 0.533444 1 
0.999114 -0.0411882 0.00739523 0 -0.0408882 -0.998471 -0.0369358 0 0.00890541 0.0366014 -0.99929 0 -0.156502 -0.397241 0.533444 1 
0.999114 -0.0411907 0.00739732 0 -0.0408908 -0.998471 -0.0369311 0 0.0089074 0.0365966 -0.99929 0 -0.156501 -0.397241 0.533445 1 
0.999114 -0.041186 0.00739516 0 -0.0408861 -0.998471 -0.0369343 0 0.0089052 0.0365999 -0.99929 0 -0.156502 -0.397241 0.533445 1 
0.999114 -0.0411899 0.00739276 0 -0.0408902 -0.998471 -0.0369318 0 0.00890285 0.0365975 -0.99929 0 -0.1565 -0.397241 0.533446 1 
0.999114 -0.0411906 0.00739584 0 -0.0408907 -0.998471 -0.0369347 0 0.00890607 0.0366003 -0.99929 0 -0.156503 -0.397241 0.533444 1 
0.999115 -0.0411854 0.00739366 0 -0.0408856 -0.998471 -0.0369319 0 0.00890359 0.0365976 -0.99929 0 -0.156501 -0.397241 0.533446 1 
0.999115 -0.0411856 0.00739545 0 -0.0408857 -0.998471 -0.0369375 0 0.00890561 0.0366031 -0.99929 0 -0.156501 -0.397242 0.533443 1 
0.999114 -0.0411903 0.0073956 0 -0.0408904 -0.998471 -0.0369374 0 0.00890592 0.036603 -0.99929 0 -0.156501 -0.397242 0.533443 1 
0.999114 -0.041192 0.00739693 0 -0.0408921 -0.998471 -0.0369294 0 0.00890699 0.0365949 -0.99929 0 -0.156502 -0.39724 0.533446 1 
0.999113 -0.041214 0.00739883 0 -0.040914 -0.99847 -0.0369335 0 0.00890986 0.0365988 -0.99929 0 -0.156512 -0.397237 0.533444 1 
0.999113 -0.0412125 0.007398 0 -0.0409126 -0.99847 -0.0369276 0 0.00890873 0.0365929 -0.999291 0 -0.156513 -0.397236 0.533447 1 
0.999114 -0.041199 0.00739699 0 -0.040899 -0.998471 -0.0369367 0 0.00890761 0.0366022 -0.99929 0 -0.156506 -0.39724 0.533443 1 
0.999114 -0.0412043 0.00739544 0 -0.0409044 -0.998471 -0.0369328 0 0.00890609 0.0365983 -0.99929 0 -0.156507 -0.397238 0.533445 1 
0.999113 -0.0412314 0.00740036 0 -0.0409313 -0.99847 -0.0369296 0 0.00891186 0.0365946 -0.99929 0 -0.156519 -0.397235 0.533445 1 
0.999112 -0.0412558 0.00740771 0 -0.0409554 -0.998468 -0.036935 0 0.00892032 0.0365996 -0.99929 0 -0.156529 -0.39723 0.533443 1 
0.999113 -0.0412187 0.00739782 0 -0.0409187 -0.99847 -0.0369272 0 0.00890877 0.0365924 -0.999291 0 -0.156515 -0.397237 0.533447 1 
0.999115 -0.0411741 0.00738981 0 -0.0408744 -0.998472 -0.0369379 0 0.00889957 0.0366039 -0.99929 0 -0.156493 -0.397245 0.533444 1 
0.999116 -0.0411615 0.00738989 0 -0.0408619 -0.998472 -0.0369327 0 0.00889898 0.0365988 -0.99929 0 -0.156491 -0.397247 0.533445 1 
0.999115 -0.0411716 0.00739121 0 -0.0408719 -0.998472 -0.0369332 0 0.00890068 0.0365991 -0.99929 0 -0.156494 -0.397245 0.533446 1 
0.999115 -0.0411638 0.00739027 0 -0.0408641 -0.998472 -0.0369363 0 0.00889959 0.0366023 -0.99929 0 -0.156491 -0.397245 0.533445 1 
0.999116 -0.0411476 0.00739131 0 -0.0408479 -0.998473 -0.0369399 0 0.00890018 0.036606 -0.99929 0 -0.156484 -0.397248 0.533443 1 
0.999115 -0.0411617 0.00739437 0 -0.0408618 -0.998472 -0.0369458 0 0.008904 0.0366117 -0.99929 0 -0.156491 -0.397244 0.53344 1 
0.999115 -0.041177 0.00739671 0 -0.040877 -0.998471 -0.0369468 0 0.00890694 0.0366124 -0.99929 0 -0.156494 -0.397242 0.533439 1 
0.999116 -0.041153 0.00739011 0 -0.0408533 -0.998472 -0.0369406 0 0.00889921 0.0366067 -0.99929 0 -0.156487 -0.397247 0.533442 1 
0.999116 -0.0411468 0.00738944 0 -0.0408471 -0.998473 -0.0369432 0 0.00889842 0.0366094 -0.99929 0 -0.156483 -0.397248 0.533442 1 
0.999116 -0.0411448 0.007386 0 -0.0408453 -0.998473 -0.036932 0 0.00889445 0.0365984 -0.99929 0 -0.156485 -0.397249 0.533446 1 
0.999115 -0.0411764 0.0073772 0 -0.0408775 -0.998473 -0.036894 0 0.00888526 0.0365605 -0.999292 0 -0.156499 -0.39725 0.53346 1 
0.999115 -0.0411896 0.00736429 0 -0.0408916 -0.998474 -0.0368517 0 0.00887113 0.0365187 -0.999294 0 -0.156504 -0.397251 0.533479 1 
0.999113 -0.0412206 0.00737561 0 -0.040922 -0.998472 -0.0368703 0 0.00888433 0.0365365 -0.999293 0 -0.156519 -0.397244 0.53347 1 
0.999112 -0.0412568 0.0074023 0 -0.0409567 -0.998469 -0.0369253 0 0.00891456 0.0365901 -0.999291 0 -0.156535 -0.397241 0.533443 1 
0.999109 -0.0413145 0.00741064 0 -0.0410141 -0.998466 -0.0369279 0 0.0089251 0.0365918 -0.99929 0 -0.156558 -0.397232 0.533441 1 
0.99911 -0.0412894 0.00739581 0 -0.0409898 -0.998468 -0.0368955 0 0.00890805 0.0365603 -0.999292 0 -0.156548 -0.397234 0.533457 1 
0.999112 -0.0412462 0.00738528 0 -0.040947 -0.99847 -0.0368899 0 0.00889573 0.0365555 -0.999292 0 -0.156531 -0.397243 0.533459 1 
0.999111 -0.0412785 0.00739629 0 -0.0409788 -0.998469 -0.0369052 0 0.00890852 0.03657 -0.999291 0 -0.156545 -0.397238 0.533452 1 
0.99911 -0.0413032 0.0074037 0 -0.0410032 -0.998468 -0.0368957 0 0.00891644 0.03656 -0.999292 0 -0.156555 -0.397235 0.533453 1 
0.99911 -0.0413017 0.00739902 0 -0.0410019 -0.998468 -0.0369011 0 0.00891193 0.0365656 -0.999292 0 -0.156557 -0.397235 0.533451 1 
0.99911 -0.0412919 0.00739352 0 -0.0409924 -0.998469 -0.0368889 0 0.00890558 0.0365537 -0.999292 0 -0.156552 -0.397236 0.533457 1 
0.999109 -0.0413288 0.00740363 0 -0.0410288 -0.998467 -0.0368986 0 0.00891742 0.0365626 -0.999292 0 -0.156567 -0.397231 0.533452 1 
0.999107 -0.0413614 0.00741061 0 -0.0410611 -0.998465 -0.0369063 0 0.00892591 0.0365698 -0.999291 0 -0.15658 -0.397225 0.533446 1 
0.999108 -0.0413407 0.00740524 0 -0.0410406 -0.998466 -0.0369062 0 0.00891978 0.0365701 -0.999291 0 -0.156571 -0.397228 0.533447 1 
0.999109 -0.0413197 0.00738617 0 -0.0410206 -0.998468 -0.0368669 0 0.00889836 0.0365318 -0.999293 0 -0.156563 -0.397234 0.533465 1 
0.999108 -0.0413562 0.00738943 0 -0.0410571 -0.998467 -0.0368505 0 0.00890227 0.0365149 -0.999293 0 -0.156578 -0.397228 0.533469 1 
0.999107 -0.0413653 0.0074269 0 -0.041064 -0.998464 -0.0369471 0 0.00894399 0.0366098 -0.99929 0 -0.156581 -0.397227 0.533425 1 
0.99911 -0.0412975 0.00740993 0 -0.0409969 -0.998466 -0.0369463 0 0.00892453 0.0366104 -0.99929 0 -0.156554 -0.397242 0.533426 1 
0.999112 -0.0412412 0.00738592 0 -0.0409419 -0.99847 -0.0368948 0 0.00889638 0.0365604 -0.999292 0 -0.15653 -0.397247 0.533452 1 
0.999112 -0.041251 0.00743443 0 -0.0409488 -0.998465 -0.0370258 0 0.00895055 0.0366892 -0.999287 0 -0.156531 -0.39724 0.533394 1 
0.99911 -0.0412666 0.00750547 0 -0.04096 -0.998458 -0.0372143 0 0.00902977 0.0368744 -0.999279 0 -0.156542 -0.39725 0.533308 1 
0.999112 -0.0412257 0.00750348 0 -0.0409191 -0.998459 -0.0372314 0 0.00902698 0.036892 -0.999278 0 -0.156524 -0.397265 0.533299 1 
0.999111 -0.0412567 0.00746629 0 -0.0409525 -0.998462 -0.0371211 0 0.00898647 0.0367831 -0.999283 0 -0.156557 -0.397298 0.533275 1 
0.999102 -0.0415226 0.00713454 0 -0.0412393 -0.998488 -0.036091 0 0.00862251 0.0357651 -0.999323 0 -0.156785 -0.39754 0.533251 1 
0.99909 -0.0418835 0.00681421 0 -0.0416196 -0.998507 -0.0351177 0 0.00827505 0.0348028 -0.99936 0 -0.157072 -0.397825 0.533136 1 
0.999066 -0.0424634 0.00663051 0 -0.04221 -0.998501 -0.034565 0 0.00808848 0.0342536 -0.99938 0 -0.157442 -0.398091 0.532813 1 
0.999026 -0.0433902 0.00673889 0 -0.0431309 -0.998455 -0.0347629 0 0.008237 0.0344391 -0.999373 0 -0.157953 -0.398282 0.532194 1 
0.998973 -0.0444946 0.00734884 0 -0.0441992 -0.99835 -0.0363853 0 0.00895584 0.0360239 -0.999311 0 -0.158492 -0.398348 0.531109 1 
0.998916 -0.0455719 0.00842437 0 -0.0452069 -0.998192 -0.0393622 0 0.0102031 0.0389395 -0.999189 0 -0.159004 -0.398387 0.52951 1 
0.998862 -0.0465068 0.00959284 0 -0.0460591 -0.998023 -0.0425432 0 0.0115526 0.0420538 -0.999049 0 -0.159545 -0.398661 0.527524 1 
0.998815 -0.0471943 0.011061 0 -0.0466314 -0.997816 -0.046568 0 0.0132348 0.0459979 -0.998854 0 -0.160056 -0.399127 0.524862 1 
0.998771 -0.0476422 0.0129435 0 -0.0469135 -0.997549 -0.0517297 0 0.0153766 0.0510599 -0.998577 0 -0.160471 -0.399673 0.521554 1 
0.998733 -0.0478757 0.0148828 0 -0.0469554 -0.997259 -0.0570174 0 0.0175721 0.0562474 -0.998262 0 -0.160845 -0.400364 0.518006 1 
0.998706 -0.0478744 0.0166138 0 -0.0467652 -0.996987 -0.0617262 0 0.0195192 0.0608706 -0.997955 0 -0.161279 -0.401483 0.51401 1 
0.998688 -0.0478808 0.017614 0 -0.0466542 -0.996819 -0.0644647 0 0.0206449 0.0635596 -0.997764 0 -0.161947 -0.403285 0.509673 1 
0.998658 -0.0483393 0.018086 0 -0.0470567 -0.996723 -0.0656537 0 0.0212008 0.0647157 -0.997679 0 -0.162877 -0.405826 0.50474 1 
0.998632 -0.0488611 0.0181227 0 -0.0475716 -0.996688 -0.0658143 0 0.0212788 0.0648634 -0.997667 0 -0.16396 -0.408689 0.499681 1 
0.998629 -0.0492699 0.0170991 0 -0.0480973 -0.996826 -0.0632863 0 0.0201633 0.0623784 -0.997849 0 -0.165581 -0.412648 0.493798 1 
0.998664 -0.0489868 0.0158594 0 -0.0479582 -0.997049 -0.0597832 0 0.0187416 0.0589439 -0.998085 0 -0.167102 -0.416442 0.488599 1 
0.998699 -0.0486226 0.0147134 0 -0.0477218 -0.997258 -0.0563836 0 0.0174149 0.0556092 -0.998301 0 -0.168758 -0.420668 0.482768 1 
0.998749 -0.0481423 0.0127891 0 -0.0474305 -0.997557 -0.0510969 0 0.0152181 0.0504274 -0.998612 0 -0.17057 -0.425308 0.476873 1 
0.998805 -0.0474716 0.010726 0 -0.0469347 -0.997841 -0.0457282 0 0.0128739 0.045171 -0.998896 0 -0.172372 -0.430069 0.471085 1 
0.998864 -0.0465926 0.00896283 0 -0.0461887 -0.998083 -0.0409495 0 0.0108538 0.0404898 -0.999121 0 -0.174065 -0.434905 0.46497 1 
0.99894 -0.0452687 0.00712876 0 -0.0449806 -0.998315 -0.0364003 0 0.00876471 0.0360418 -0.999312 0 -0.175615 -0.439876 0.458718 1 
0.999016 -0.0437118 0.00602503 0 -0.0434793 -0.998451 -0.0344503 0 0.00752172 0.0341551 -0.999388 0 -0.176974 -0.444542 0.452094 1 
0.999115 -0.0415736 0.00457677 0 -0.0413989 -0.998579 -0.0332677 0 0.00595344 0.0330495 -0.999436 0 -0.178314 -0.449479 0.444828 1 
0.999214 -0.0392655 0.00329491 0 -0.0391293 -0.998633 -0.0343884 0 0.00464077 0.0342331 -0.999403 0 -0.179505 -0.453961 0.437669 1 
0.999294 -0.0372934 0.00136364 0 -0.03722 -0.998646 -0.0360809 0 0.00270742 0.0360053 -0.999348 0 -0.18077 -0.458262 0.430739 1 
0.999369 -0.0352371 -0.000242989 0 -0.0352201 -0.998618 -0.0387563 0 0.00112303 0.0387412 -0.999249 0 -0.181827 -0.462345 0.423858 1 
0.999429 -0.0334485 -0.00174884 0 -0.0334925 -0.99854 -0.0421576 0 -0.000336179 0.0421929 -0.999109 0 -0.182877 -0.466718 0.416436 1 
0.999437 -0.0330866 -0.00353255 0 -0.0332104 -0.998463 -0.0441462 0 -0.00206652 0.0442395 -0.999019 0 -0.183871 -0.471215 0.409336 1 
0.999409 -0.0336768 -0.0054008 0 -0.0338941 -0.998306 -0.0470819 0 -0.00380616 0.047238 -0.998876 0 -0.184885 -0.475841 0.401596 1 
0.999342 -0.0351145 -0.00798584 0 -0.0354671 -0.998139 -0.049411 0 -0.00623606 0.0496627 -0.998747 0 -0.185966 -0.480485 0.393771 1 
0.999257 -0.0363534 -0.0120142 0 -0.036912 -0.998052 -0.0501002 0 -0.0101697 0.0505075 -0.998672 0 -0.187267 -0.485234 0.386175 1 
0.999182 -0.0365217 -0.0167985 0 -0.0373339 -0.997997 -0.0508883 0 -0.0149066 0.0514748 -0.998563 0 -0.188769 -0.489922 0.378473 1 
0.999077 -0.0361051 -0.0228605 0 -0.037236 -0.997987 -0.0511436 0 -0.0209684 0.0519486 -0.99843 0 -0.190616 -0.494779 0.370269 1 
0.998902 -0.035554 -0.030197 0 -0.0370237 -0.998074 -0.0495908 0 -0.0283762 0.0506553 -0.998313 0 -0.192696 -0.499804 0.362454 1 
0.998673 -0.0347848 -0.0377315 0 -0.0365469 -0.998214 -0.0470615 0 -0.0360278 0.0483789 -0.998179 0 -0.194824 -0.505018 0.35436 1 
0.998432 -0.0331034 -0.0449348 0 -0.0350749 -0.998414 -0.0438187 0 -0.0434138 0.0453269 -0.998028 0 -0.196941 -0.510365 0.345983 1 
0.998166 -0.030738 -0.0519602 0 -0.0328101 -0.998671 -0.0395079 0 -0.0506778 0.0411411 -0.997867 0 -0.199064 -0.51567 0.337805 1 
0.997888 -0.0279662 -0.0584681 0 -0.0299796 -0.998968 -0.0338471 0 -0.0574622 0.0355291 -0.997715 0 -0.20104 -0.521104 0.329807 1 
0.997618 -0.0259341 -0.0637756 0 -0.0277707 -0.99921 -0.0280809 0 -0.0629982 0.0297856 -0.997569 0 -0.202759 -0.526376 0.321996 1 
0.997375 -0.0242972 -0.0680638 0 -0.0258433 -0.999416 -0.0219271 0 -0.0674926 0.023629 -0.99744 0 -0.204407 -0.532124 0.312732 1 
0.997257 -0.0234386 -0.0700772 0 -0.0246305 -0.999556 -0.0161931 0 -0.0696679 0.017875 -0.99741 0 -0.205592 -0.537179 0.304223 1 
0.997239 -0.0225318 -0.0706288 0 -0.0233294 -0.999663 -0.0104882 0 -0.07037 0.0121072 -0.997447 0 -0.206441 -0.541902 0.296375 1 
0.997271 -0.0212697 -0.0705595 0 -0.0217639 -0.999734 -0.00624299 0 -0.0704093 0.00776175 -0.997488 0 -0.207237 -0.546442 0.287786 1 
0.997328 -0.0207031 -0.0699157 0 -0.0210269 -0.999762 -0.00389902 0 -0.0698196 0.00535882 -0.997545 0 -0.208063 -0.55051 0.279002 1 
0.997373 -0.0215481 -0.0690219 0 -0.0217831 -0.99975 -0.00265374 0 -0.0689488 0.00415037 -0.997612 0 -0.208894 -0.553993 0.270701 1 
0.997411 -0.0233082 -0.0678923 0 -0.0235078 -0.999712 -0.00214175 0 -0.0678241 0.00373227 -0.99769 0 -0.209718 -0.557425 0.262233 1 
0.997457 -0.0253669 -0.0664583 0 -0.0256061 -0.999659 -0.00274848 0 -0.0663672 0.00444332 -0.997785 0 -0.210523 -0.560592 0.253677 1 
0.997514 -0.0281504 -0.0644522 0 -0.0285675 -0.999567 -0.00555942 0 -0.064269 0.00738698 -0.997905 0 -0.211332 -0.563301 0.244895 1 
0.997576 -0.0309727 -0.0621558 0 -0.031636 -0.999443 -0.00971653 0 -0.0618214 0.0116596 -0.998019 0 -0.212115 -0.565707 0.236248 1 
0.997651 -0.0331883 -0.0597707 0 -0.0341108 -0.999304 -0.0144805 0 -0.0592497 0.0164856 -0.998107 0 -0.212851 -0.567977 0.227854 1 
0.997754 -0.0340725 -0.0574995 0 -0.0352273 -0.999185 -0.0191908 0 -0.0567998 0.0211737 -0.998161 0 -0.21357 -0.57012 0.219934 1 
0.997906 -0.034111 -0.0547767 0 -0.0355512 -0.999032 -0.0255358 0 -0.0538536 0.0274302 -0.998172 0 -0.214311 -0.572132 0.21162 1 
0.998076 -0.0338055 -0.0517877 0 -0.035543 -0.998813 -0.0330048 0 -0.0506115 0.0347826 -0.998113 0 -0.214977 -0.573919 0.203287 1 
0.998232 -0.0334607 -0.0489332 0 -0.035447 -0.998549 -0.0403042 0 -0.0475145 0.0419683 -0.997988 0 -0.215545 -0.575538 0.195567 1 
0.998377 -0.0332021 -0.0460706 0 -0.0354029 -0.998219 -0.0478055 0 -0.0444022 0.0493598 -0.997794 0 -0.216191 -0.577315 0.187978 1 
0.998519 -0.032934 -0.0430762 0 -0.0353185 -0.997806 -0.0558173 0 -0.0411442 0.0572571 -0.997511 0 -0.216769 -0.578964 0.180344 1 
0.998643 -0.0326622 -0.0403324 0 -0.0351699 -0.997377 -0.0631175 0 -0.0381658 0.0644515 -0.997191 0 -0.217304 -0.580622 0.173153 1 
0.998753 -0.0324312 -0.0377114 0 -0.0350161 -0.99692 -0.0700364 0 -0.0353245 0.0712709 -0.996831 0 -0.217883 -0.582429 0.165984 1 
0.998836 -0.0322327 -0.0356014 0 -0.034844 -0.996539 -0.0753442 0 -0.0330503 0.0764985 -0.996522 0 -0.218587 -0.584608 0.159491 1 
0.99891 -0.0320114 -0.0336756 0 -0.0346236 -0.996177 -0.0800836 0 -0.0309838 0.0811639 -0.996219 0 -0.219237 -0.586773 0.153358 1 
0.998982 -0.0317037 -0.0317802 0 -0.0342994 -0.9958 -0.0847698 0 -0.0289598 0.0857752 -0.995894 0 -0.219874 -0.58906 0.146921 1 
0.999036 -0.0314143 -0.0303587 0 -0.0339792 -0.995528 -0.0880344 0 -0.0274579 0.0889828 -0.995655 0 -0.220581 -0.591568 0.141125 1 
0.999073 -0.0311244 -0.0294157 0 -0.0336464 -0.995405 -0.0895411 0 -0.0264942 0.0904496 -0.995549 0 -0.221386 -0.594488 0.135868 1 
0.999115 -0.0306861 -0.0284227 0 -0.0331616 -0.995274 -0.0911646 0 -0.0254914 0.0920282 -0.99543 0 -0.222058 -0.597253 0.1302 1 
0.99914 -0.0303045 -0.0279468 0 -0.032744 -0.995264 -0.0914205 0 -0.0250445 0.0922588 -0.99542 0 -0.222825 -0.60024 0.125358 1 
0.999163 -0.0299689 -0.0274894 0 -0.0323712 -0.995263 -0.0915698 0 -0.0246154 0.0923849 -0.995419 0 -0.223568 -0.603144 0.120863 1 
0.999194 -0.0295395 -0.0268301 0 -0.0319006 -0.995209 -0.0923181 0 -0.023975 0.0931014 -0.995368 0 -0.22422 -0.60596 0.115869 1 
0.999218 -0.0290725 -0.02644 0 -0.0314077 -0.995191 -0.0926786 0 -0.0236189 0.0934383 -0.995345 0 -0.224798 -0.608664 0.111729 1 
0.999249 -0.0286358 -0.0257347 0 -0.0309365 -0.995085 -0.0939683 0 -0.0229178 0.0946957 -0.995242 0 -0.225248 -0.610962 0.107512 1 
0.999277 -0.0280465 -0.0252918 0 -0.0303235 -0.995038 -0.094665 0 -0.0225117 0.0953653 -0.995188 0 -0.22555 -0.613156 0.104078 1 
0.999307 -0.0274401 -0.0247717 0 -0.0296926 -0.994959 -0.0956832 0 -0.0220217 0.0963543 -0.995103 0 -0.225796 -0.615218 0.100448 1 
0.999331 -0.026769 -0.0245097 0 -0.0290048 -0.994955 -0.0959402 0 -0.0218183 0.0965888 -0.995085 0 -0.22604 -0.617411 0.097341 1 
0.999359 -0.0261702 -0.0240455 0 -0.0283821 -0.99489 -0.0967927 0 -0.0213899 0.0974149 -0.995014 0 -0.226246 -0.619344 0.0938709 1 
0.999373 -0.0255825 -0.0240632 0 -0.0277865 -0.994962 -0.0962229 0 -0.0214807 0.0968331 -0.995069 0 -0.226545 -0.62157 0.0913963 1 
0.999392 -0.0250755 -0.0238078 0 -0.0272636 -0.994947 -0.0965305 0 -0.0212674 0.0971228 -0.995045 0 -0.226785 -0.623432 0.0884481 1 
0.999402 -0.0247205 -0.023789 0 -0.0269011 -0.994989 -0.0961956 0 -0.0212922 0.0967799 -0.995078 0 -0.227129 -0.625281 0.0860429 1 
0.999403 -0.0245496 -0.0239041 0 -0.0267266 -0.995063 -0.0954741 0 -0.0214427 0.0960578 -0.995145 0 -0.227618 -0.627172 0.0838816 1 
0.999409 -0.0244881 -0.0237011 0 -0.0266518 -0.995039 -0.095753 0 -0.0212391 0.09633 -0.995123 0 -0.228067 -0.628667 0.0811538 1 
0.999405 -0.0245946 -0.0237903 0 -0.0267523 -0.995099 -0.095094 0 -0.0213354 0.0956757 -0.995184 0 -0.228635 -0.630225 0.0790379 1 
0.999392 -0.0248862 -0.0240198 0 -0.0270436 -0.995184 -0.0941209 0 -0.0215622 0.0947151 -0.995271 0 -0.229331 -0.631742 0.0771468 1 
0.999383 -0.0252741 -0.0240089 0 -0.0274193 -0.995215 -0.0936846 0 -0.0215266 0.0942869 -0.995312 0 -0.230018 -0.633022 0.074649 1 
0.999367 -0.0255929 -0.0243054 0 -0.0277287 -0.99536 -0.0920377 0 -0.0218376 0.0926552 -0.995459 0 -0.230698 -0.634419 0.072507 1 
0.999335 -0.0260068 -0.0251617 0 -0.0281374 -0.995678 -0.0883989 0 -0.0227544 0.0890498 -0.995767 0 -0.231575 -0.636195 0.0707733 1 
0.999294 -0.0265206 -0.0262482 0 -0.0286344 -0.996067 -0.083737 0 -0.0239247 0.0844311 -0.996142 0 -0.23255 -0.637986 0.0687108 1 
0.999257 -0.0269626 -0.0272012 0 -0.0290457 -0.996415 -0.0793399 0 -0.0249649 0.0800726 -0.996476 0 -0.233373 -0.639481 0.0666664 1 
0.999211 -0.0274586 -0.0283501 0 -0.0295004 -0.996789 -0.074308 0 -0.0262192 0.0750871 -0.996832 0 -0.234254 -0.641048 0.0650147 1 
0.999156 -0.0280041 -0.0297429 0 -0.0299852 -0.997198 -0.0683967 0 -0.0277447 0.0692322 -0.997215 0 -0.235217 -0.642764 0.0636452 1 
0.999101 -0.0286347 -0.030947 0 -0.030548 -0.997522 -0.0632288 0 -0.0290604 0.0641186 -0.997519 0 -0.23616 -0.644258 0.0622505 1 
0.999054 -0.029323 -0.031814 0 -0.0311711 -0.997747 -0.0592399 0 -0.0300059 0.0601767 -0.997737 0 -0.237013 -0.645335 0.0606285 1 
0.998998 -0.0302329 -0.0327181 0 -0.0320006 -0.997968 -0.054924 0 -0.0309917 0.055917 -0.997954 0 -0.238007 -0.646293 0.0586369 1 
0.998953 -0.031082 -0.0332671 0 -0.03279 -0.998094 -0.052092 0 -0.0315852 0.0531293 -0.998088 0 -0.23881 -0.646831 0.0569846 1 
0.998915 -0.0319712 -0.0335701 0 -0.0336375 -0.998158 -0.0503046 0 -0.0319005 0.0513802 -0.99817 0 -0.239557 -0.64711 0.0555206 1 
0.998874 -0.0330334 -0.0337557 0 -0.0346632 -0.998193 -0.0488966 0 -0.0320801 0.0500126 -0.998233 0 -0.240369 -0.647268 0.0540131 1 
0.998834 -0.034211 -0.0337741 0 -0.0358184 -0.998186 -0.0481921 0 -0.0320648 0.0493466 -0.998267 0 -0.241208 -0.647246 0.0524621 1 
0.998798 -0.0353711 -0.0336373 0 -0.036968 -0.998148 -0.0481024 0 -0.0318742 0.0492891 -0.998276 0 -0.241997 -0.647073 0.0508942 1 
0.998767 -0.0365712 -0.0332741 0 -0.038171 -0.99807 -0.0487861 0 -0.0314263 0.049997 -0.998255 0 -0.242757 -0.646704 0.0491259 1 
0.998743 -0.0376891 -0.0327627 0 -0.0393015 -0.997964 -0.0500484 0 -0.0308103 0.0512741 -0.998209 0 -0.243418 -0.646227 0.0474095 1 
0.998723 -0.0385954 -0.0323107 0 -0.0402206 -0.997865 -0.05126 0 -0.0302639 0.0524951 -0.998162 0 -0.243949 -0.645836 0.0459386 1 
0.998702 -0.039404 -0.0319625 0 -0.0410364 -0.997787 -0.0521349 0 -0.029838 0.0533799 -0.998128 0 -0.24445 -0.645591 0.0446043 1 
0.998679 -0.0401568 -0.0317512 0 -0.0417913 -0.997731 -0.0526096 0 -0.0295671 0.0538681 -0.99811 0 -0.244944 -0.645516 0.0434949 1 
0.998662 -0.0407382 -0.0315605 0 -0.0423739 -0.997684 -0.0530186 0 -0.0293281 0.054286 -0.998095 0 -0.245366 -0.645552 0.0425258 1 
0.998649 -0.0411319 -0.0314368 0 -0.0427678 -0.997654 -0.0532697 0 -0.0291725 0.0545433 -0.998085 0 -0.2457 -0.645745 0.0415601 1 
0.998638 -0.0414264 -0.031414 0 -0.0430597 -0.997644 -0.0532335 0 -0.0291352 0.0545147 -0.998088 0 -0.246011 -0.646073 0.0406704 1 
0.998629 -0.0416549 -0.0313899 0 -0.0432838 -0.997639 -0.0531355 0 -0.029103 0.0544224 -0.998094 0 -0.246294 -0.646423 0.0397406 1 
0.998625 -0.0418004 -0.0313257 0 -0.043426 -0.997632 -0.053148 0 -0.0290305 0.0544363 -0.998095 0 -0.246506 -0.646771 0.0387819 1 
0.998621 -0.0419019 -0.0313183 0 -0.043526 -0.99763 -0.0531116 0 -0.0290191 0.0544025 -0.998097 0 -0.246713 -0.647167 0.0379294 1 
0.998615 -0.0420094 -0.0313629 0 -0.0436287 -0.997638 -0.0528702 0 -0.0290684 0.0541664 -0.998109 0 -0.24694 -0.647641 0.0371843 1 
0.99861 -0.042084 -0.0314375 0 -0.0436969 -0.997654 -0.0525109 0 -0.0291545 0.0538126 -0.998125 0 -0.24717 -0.648162 0.0365018 1 
0.998605 -0.0421033 -0.0315478 0 -0.0437083 -0.997678 -0.0520416 0 -0.029284 0.053349 -0.998146 0 -0.247356 -0.648708 0.0359479 1 
0.9986 -0.0421293 -0.0316759 0 -0.0437261 -0.997704 -0.0515311 0 -0.0294328 0.052845 -0.998169 0 -0.247543 -0.649272 0.035408 1 
0.998594 -0.0421616 -0.0318234 0 -0.0437498 -0.997731 -0.0509805 0 -0.0296023 0.0523021 -0.998192 0 -0.247744 -0.649829 0.0349292 1 
0.998587 -0.0422323 -0.0319558 0 -0.0438136 -0.997752 -0.0505183 0 -0.0297511 0.051848 -0.998212 0 -0.247959 -0.65034 0.0344058 1 
0.998581 -0.0423291 -0.0320094 0 -0.0439066 -0.997759 -0.0502988 0 -0.0298091 0.0516339 -0.998221 0 -0.248145 -0.650705 0.0338487 1 
0.998579 -0.0423628 -0.0320239 0 -0.0439378 -0.997763 -0.0501931 0 -0.0298266 0.0515298 -0.998226 0 -0.248275 -0.651008 0.0332915 1 
0.998581 -0.0423556 -0.0319862 0 -0.0439292 -0.997763 -0.0502092 0 -0.0297886 0.051544 -0.998226 0 -0.248346 -0.651247 0.0327284 1 
0.998581 -0.042358 -0.0319653 0 -0.0439327 -0.997759 -0.0502849 0 -0.0297642 0.0516189 -0.998223 0 -0.248405 -0.651425 0.0322225 1 
0.998572 -0.0425662 -0.0319871 0 -0.0441447 -0.997745 -0.0503776 0 -0.0297711 0.0517187 -0.998218 0 -0.248604 -0.651493 0.0318174 1 
0.998559 -0.0428214 -0.0320434 0 -0.0443961 -0.997744 -0.0501624 0 -0.0298237 0.0515137 -0.998227 0 -0.24886 -0.651693 0.0315237 1 
0.99855 -0.0429232 -0.032198 0 -0.0444916 -0.997764 -0.04969 0 -0.0299937 0.0510515 -0.998246 0 -0.249049 -0.652 0.0314289 1 
0.998543 -0.042936 -0.0323946 0 -0.044496 -0.997794 -0.0490779 0 -0.0302165 0.0504488 -0.998269 0 -0.249178 -0.65236 0.0314703 1 
0.998536 -0.0429193 -0.032612 0 -0.0444666 -0.997833 -0.0483014 0 -0.0304689 0.0496818 -0.9983 0 -0.249292 -0.652774 0.0316369 1 
0.998535 -0.042789 -0.0328228 0 -0.0443265 -0.997871 -0.0476422 0 -0.030715 0.0490283 -0.998325 0 -0.249327 -0.65315 0.0317862 1 
0.998536 -0.0426161 -0.0330218 0 -0.0441449 -0.997907 -0.0470389 0 -0.0309487 0.0484287 -0.998347 0 -0.249324 -0.653507 0.0319248 1 
0.998533 -0.0425336 -0.0332281 0 -0.044053 -0.997941 -0.046418 0 -0.031186 0.0478146 -0.998369 0 -0.249372 -0.65386 0.0320571 1 
0.998526 -0.0425558 -0.0334073 0 -0.0440658 -0.997966 -0.0458472 0 -0.0313889 0.0472527 -0.99839 0 -0.249488 -0.654174 0.0321418 1 
0.998517 -0.0426417 -0.0335548 0 -0.0441455 -0.997982 -0.0454284 0 -0.0315506 0.0468432 -0.998404 0 -0.249634 -0.654424 0.0321229 1 
0.998507 -0.0428132 -0.0336325 0 -0.0443133 -0.997985 -0.0452019 0 -0.0316301 0.0466257 -0.998412 0 -0.249817 -0.654586 0.0319747 1 
0.998492 -0.0431431 -0.0336499 0 -0.044641 -0.997974 -0.0451118 0 -0.031636 0.0465469 -0.998415 0 -0.250087 -0.654679 0.0316975 1 
0.998477 -0.0435004 -0.0336361 0 -0.0449968 -0.997959 -0.0450912 0 -0.0316066 0.046537 -0.998416 0 -0.250373 -0.654766 0.0313164 1 
0.998464 -0.0438353 -0.0335946 0 -0.0453333 -0.997939 -0.0452048 0 -0.0315444 0.0466592 -0.998413 0 -0.25064 -0.654821 0.0308265 1 
0.998452 -0.044183 -0.0334971 0 -0.0456837 -0.997912 -0.0454421 0 -0.03142 0.046903 -0.998405 0 -0.250897 -0.654817 0.0302801 1 
0.998444 -0.0444697 -0.0333487 0 -0.0459739 -0.997883 -0.045784 0 -0.0312427 0.0472468 -0.998395 0 -0.251091 -0.654791 0.0296711 1 
0.99844 -0.0446544 -0.0332305 0 -0.0461624 -0.99786 -0.0460902 0 -0.0311018 0.0475532 -0.998384 0 -0.251232 -0.654807 0.0290705 1 
0.998435 -0.044838 -0.0331247 0 -0.0463479 -0.997841 -0.0463159 0 -0.0309771 0.0477796 -0.998377 0 -0.251378 -0.654867 0.0284838 1 
0.998433 -0.0449367 -0.0330536 0 -0.046448 -0.99783 -0.0464712 0 -0.0308942 0.0479345 -0.998373 0 -0.251485 -0.654978 0.0279315 1 
0.998433 -0.0449462 -0.0330339 0 -0.0464559 -0.99783 -0.04645 0 -0.030875 0.0479128 -0.998374 0 -0.25155 -0.655172 0.0274889 1 
0.998429 -0.0449856 -0.0331002 0 -0.0464896 -0.997842 -0.0461674 0 -0.0309525 0.0476347 -0.998385 0 -0.251665 -0.655474 0.0271607 1 
0.998421 -0.0450505 -0.0332773 0 -0.0465449 -0.997866 -0.0455892 0 -0.0311531 0.047067 -0.998406 0 -0.251842 -0.655882 0.0269966 1 
0.998411 -0.0450791 -0.0335312 0 -0.0465594 -0.997903 -0.0447609 0 -0.0314437 0.0462519 -0.998435 0 -0.252021 -0.656391 0.0269794 1 
0.998399 -0.045105 -0.0338502 0 -0.0465678 -0.997947 -0.0437463 0 -0.0318082 0.0452535 -0.998469 0 -0.252208 -0.656937 0.0271523 1 
0.998386 -0.0451517 -0.0341786 0 -0.0465958 -0.997991 -0.0427056 0 -0.0321823 0.0442301 -0.998503 0 -0.252396 -0.657447 0.0274409 1 
0.998374 -0.0451741 -0.0344829 0 -0.0466007 -0.998031 -0.0417521 0 -0.0325295 0.0432919 -0.998533 0 -0.252549 -0.65789 0.0277803 1 
0.998366 -0.0451533 -0.0347507 0 -0.0465646 -0.998067 -0.0409351 0 -0.0328358 0.0424872 -0.998557 0 -0.252644 -0.658256 0.0281261 1 
0.998363 -0.0450538 -0.0349548 0 -0.0464517 -0.998099 -0.0402669 0 -0.0330748 0.0418255 -0.998577 0 -0.252669 -0.658571 0.0284097 1 
0.998366 -0.0448663 -0.035115 0 -0.0462552 -0.998127 -0.0397923 0 -0.0332646 0.0413524 -0.998591 0 -0.252609 -0.65883 0.0286078 1 
0.998372 -0.0446738 -0.0351994 0 -0.0460571 -0.998147 -0.039521 0 -0.0333693 0.0410786 -0.998599 0 -0.252512 -0.658997 0.0287301 1 
0.998385 -0.0443705 -0.0352026 0 -0.0457518 -0.998164 -0.039454 0 -0.033388 0.0410016 -0.998601 0 -0.25232 -0.659105 0.0287486 1 
0.9984 -0.0440544 -0.0351779 0 -0.0454381 -0.998174 -0.0395557 0 -0.0333717 0.0410916 -0.998598 0 -0.252103 -0.659154 0.0286767 1 
0.998409 -0.0438728 -0.0351541 0 -0.0452579 -0.99818 -0.0396237 0 -0.0333523 0.0411524 -0.998596 0 -0.251974 -0.65918 0.028626 1 
0.998419 -0.0436984 -0.0350834 0 -0.0450849 -0.998182 -0.0397531 0 -0.0332831 0.0412727 -0.998593 0 -0.251842 -0.659183 0.0285287 1 
0.998431 -0.0435394 -0.0349275 0 -0.0449262 -0.998181 -0.0399541 0 -0.0331251 0.0414614 -0.998591 0 -0.251686 -0.659165 0.0283549 1 
0.998437 -0.0434723 -0.0348556 0 -0.0448631 -0.998176 -0.0401666 0 -0.0330465 0.0416683 -0.998585 0 -0.251618 -0.659118 0.0281997 1 
0.998443 -0.0434148 -0.0347508 0 -0.0448102 -0.998167 -0.0404348 0 -0.0329323 0.0419299 -0.998578 0 -0.251546 -0.659051 0.0279949 1 
0.99845 -0.0433464 -0.0346239 0 -0.0447496 -0.998154 -0.0408345 0 -0.0327906 0.0423215 -0.998566 0 -0.251464 -0.658946 0.0276978 1 
0.998454 -0.0433756 -0.0344886 0 -0.0447861 -0.998136 -0.0412344 0 -0.0326364 0.042716 -0.998554 0 -0.251448 -0.658814 0.0273981 1 
0.998457 -0.043421 -0.0343363 0 -0.0448389 -0.998115 -0.0416638 0 -0.0324631 0.04314 -0.998541 0 -0.251432 -0.658671 0.0270775 1 
0.998464 -0.0433981 -0.0341491 0 -0.0448257 -0.998093 -0.0422113 0 -0.0322527 0.0436781 -0.998525 0 -0.251365 -0.658508 0.026663 1 
0.998469 -0.0434386 -0.0339776 0 -0.0448754 -0.998068 -0.0427348 0 -0.0320562 0.044195 -0.998508 0 -0.251338 -0.65834 0.0262671 1 
0.998471 -0.0435301 -0.0337753 0 -0.0449766 -0.998039 -0.0433186 0 -0.031824 0.0447723 -0.99849 0 -0.251345 -0.658134 0.0258358 1 
0.998475 -0.0436001 -0.0335826 0 -0.0450554 -0.998011 -0.043871 0 -0.0316037 0.045318 -0.998473 0 -0.25133 -0.657948 0.02542 1 
0.998477 -0.0436789 -0.033416 0 -0.0451421 -0.997985 -0.0443643 0 -0.0314115 0.0458061 -0.998456 0 -0.251332 -0.657776 0.0250498 1 
0.998479 -0.0437461 -0.0332761 0 -0.0452154 -0.997964 -0.0447665 0 -0.0312506 0.0462038 -0.998443 0 -0.251338 -0.657633 0.0247511 1 
0.998482 -0.0437634 -0.0331453 0 -0.0452387 -0.997946 -0.0451511 0 -0.0311019 0.046583 -0.99843 0 -0.25131 -0.657511 0.0244606 1 
0.998486 -0.0437666 -0.0330426 0 -0.0452465 -0.997932 -0.045455 0 -0.0309854 0.0468822 -0.99842 0 -0.251286 -0.657424 0.0242121 1 
0.998487 -0.0437844 -0.0329718 0 -0.0452667 -0.997922 -0.0456375 0 -0.0309057 0.0470619 -0.998414 0 -0.251284 -0.657381 0.0240302 1 
0.998491 -0.0437519 -0.032888 0 -0.0452365 -0.997914 -0.0458395 0 -0.0308145 0.047259 -0.998407 0 -0.251243 -0.65735 0.023817 1 
0.998494 -0.0437278 -0.0328423 0 -0.0452137 -0.99791 -0.0459511 0 -0.030765 0.0473678 -0.998404 0 -0.251225 -0.657357 0.0236377 1 
0.998494 -0.0437482 -0.0328255 0 -0.0452345 -0.997907 -0.0459936 0 -0.0307453 0.04741 -0.998402 0 -0.251252 -0.657389 0.0234823 1 
0.998494 -0.0437525 -0.0327981 0 -0.0452396 -0.997904 -0.04606 0 -0.0307147 0.0474753 -0.9984 0 -0.251268 -0.657415 0.0233095 1 
0.998496 -0.0437474 -0.0327501 0 -0.0452351 -0.9979 -0.0461551 0 -0.0306628 0.0475681 -0.998397 0 -0.251258 -0.657442 0.0231084 1 
0.998494 -0.0437952 -0.0327396 0 -0.0452824 -0.997898 -0.0461524 0 -0.0306501 0.0475663 -0.998398 0 -0.251298 -0.657499 0.0229461 1 
0.998491 -0.043847 -0.0327636 0 -0.0453329 -0.997899 -0.046074 0 -0.0306752 0.0474907 -0.998401 0 -0.251364 -0.657588 0.0228122 1 
0.998488 -0.0438875 -0.0327992 0 -0.045371 -0.997904 -0.0459435 0 -0.0307147 0.0473631 -0.998405 0 -0.251436 -0.657715 0.0226658 1 
0.998484 -0.0439514 -0.0328496 0 -0.0454321 -0.997908 -0.0457755 0 -0.0307696 0.0471994 -0.998411 0 -0.251526 -0.657857 0.0225261 1 
0.998477 -0.0440362 -0.0329298 0 -0.0455121 -0.997917 -0.0454999 0 -0.0308582 0.0469302 -0.998421 0 -0.251635 -0.658026 0.0224733 1 
0.99847 -0.04412 -0.0330422 0 -0.0455897 -0.997931 -0.0451318 0 -0.0309832 0.0465701 -0.998434 0 -0.251756 -0.658214 0.0225075 1 
0.998466 -0.0441427 -0.0331326 0 -0.0456075 -0.997943 -0.0448415 0 -0.0310856 0.0462847 -0.998444 0 -0.251822 -0.658379 0.022525 1 
0.998463 -0.0441661 -0.0332 0 -0.0456279 -0.997951 -0.0446435 0 -0.0311609 0.0460906 -0.998451 0 -0.251881 -0.658496 0.0225164 1 
0.998462 -0.0441868 -0.033201 0 -0.0456483 -0.99795 -0.0446318 0 -0.0311615 0.0460796 -0.998452 0 -0.251907 -0.658528 0.0224409 1 
0.998462 -0.0442109 -0.0331707 0 -0.0456748 -0.997944 -0.0447542 0 -0.0311245 0.0462014 -0.998447 0 -0.251918 -0.658494 0.0223202 1 
0.998458 -0.0443001 -0.0331642 0 -0.0457636 -0.99794 -0.0447547 0 -0.0311138 0.0462042 -0.998447 0 -0.251975 -0.65848 0.0222994 1 
0.998455 -0.0443642 -0.0331662 0 -0.0458272 -0.997938 -0.0447359 0 -0.0311137 0.0461876 -0.998448 0 -0.252024 -0.658469 0.0223065 1 
0.998456 -0.0443632 -0.033151 0 -0.0458267 -0.997936 -0.0447757 0 -0.0310967 0.0462267 -0.998447 0 -0.252018 -0.658457 0.0222769 1 
0.998455 -0.0443729 -0.03315 0 -0.045837 -0.997934 -0.0447966 0 -0.0310943 0.0462478 -0.998446 0 -0.252022 -0.658449 0.0222602 1 
0.998455 -0.0443863 -0.0331509 0 -0.0458507 -0.997933 -0.0448056 0 -0.0310942 0.0462572 -0.998446 0 -0.25203 -0.658446 0.0222527 1 
0.998455 -0.0444003 -0.0331335 0 -0.0458652 -0.997931 -0.0448459 0 -0.0310744 0.0462971 -0.998444 0 -0.252035 -0.658429 0.0222214 1 
0.998454 -0.0444305 -0.0330964 0 -0.0458971 -0.997925 -0.0449535 0 -0.031031 0.046404 -0.998441 0 -0.252045 -0.658388 0.0221413 1 
0.998455 -0.0444638 -0.033037 0 -0.0459341 -0.997913 -0.0451647 0 -0.0309605 0.0466133 -0.998433 0 -0.252053 -0.658311 0.0219856 1 
0.998455 -0.044557 -0.0329179 0 -0.0460324 -0.997893 -0.0455088 0 -0.0308214 0.0469546 -0.998421 0 -0.252077 -0.658181 0.0217286 1 
0.998455 -0.0446614 -0.0327566 0 -0.0461429 -0.997867 -0.0459601 0 -0.0306347 0.0474015 -0.998406 0 -0.252097 -0.658013 0.0213917 1 
0.998458 -0.0447374 -0.0325768 0 -0.0462267 -0.997839 -0.0464949 0 -0.0304269 0.04793 -0.998387 0 -0.252098 -0.657825 0.0209945 1 
0.998456 -0.0449138 -0.0323949 0 -0.0464141 -0.997799 -0.0471543 0 -0.0302063 0.048586 -0.998362 0 -0.252163 -0.657573 0.0205125 1 
0.998449 -0.0451863 -0.0322158 0 -0.0466957 -0.997757 -0.0477531 0 -0.0299863 0.0491844 -0.998339 0 -0.252293 -0.657318 0.0200396 1 
0.998448 -0.0453127 -0.0320884 0 -0.046823 -0.99774 -0.0479922 0 -0.0298418 0.0494211 -0.998332 0 -0.252344 -0.657229 0.0196145 1 
0.998447 -0.0453068 -0.0321289 0 -0.0468113 -0.997753 -0.0477307 0 -0.0298947 0.0491615 -0.998343 0 -0.252369 -0.657313 0.0193242 1 
0.998451 -0.0452681 -0.0320589 0 -0.0467736 -0.997748 -0.0478793 0 -0.0298198 0.0493056 -0.998338 0 -0.252334 -0.657295 0.0190636 1 
0.998455 -0.0452276 -0.0319773 0 -0.0467355 -0.997739 -0.0480934 0 -0.0297304 0.0495145 -0.998331 0 -0.252292 -0.657246 0.018858 1 
0.998458 -0.0451912 -0.0319268 0 -0.046701 -0.997734 -0.0482396 0 -0.029675 0.0496572 -0.998325 0 -0.252257 -0.657214 0.0187238 1 
0.998463 -0.0451293 -0.0318758 0 -0.0466395 -0.997732 -0.0483383 0 -0.0296226 0.0497516 -0.998322 0 -0.25221 -0.657197 0.018645 1 
0.998468 -0.0450538 -0.0318135 0 -0.0465616 -0.997734 -0.0483601 0 -0.0295632 0.0497683 -0.998323 0 -0.252134 -0.657213 0.0186069 1 
0.998469 -0.0450309 -0.0318228 0 -0.0465394 -0.997735 -0.0483689 0 -0.0295732 0.0497768 -0.998322 0 -0.252124 -0.657217 0.018596 1 
0.998468 -0.045053 -0.0318235 0 -0.0465617 -0.997734 -0.048375 0 -0.0295725 0.0497836 -0.998322 0 -0.252145 -0.657207 0.0185902 1 
0.998469 -0.0450389 -0.0318105 0 -0.0465471 -0.997734 -0.0483801 0 -0.02956 0.0497877 -0.998322 0 -0.252127 -0.657212 0.0185745 1 
0.99847 -0.0450105 -0.0318061 0 -0.0465191 -0.997735 -0.0483984 0 -0.0295562 0.0498049 -0.998322 0 -0.252112 -0.657216 0.0185517 1 
0.998471 -0.0450189 -0.0317825 0 -0.0465278 -0.997732 -0.0484518 0 -0.0295297 0.0498575 -0.99832 0 -0.25211 -0.657198 0.0185094 1 
0.998473 -0.0450037 -0.0317275 0 -0.0465146 -0.997724 -0.048612 0 -0.0294681 0.0500145 -0.998314 0 -0.252085 -0.65715 0.0183893 1 
0.998476 -0.0449924 -0.0316462 0 -0.0465059 -0.997714 -0.0488355 0 -0.0293772 0.0502338 -0.998305 0 -0.25205 -0.657083 0.0182113 1 
0.998478 -0.0449881 -0.0315877 0 -0.0465027 -0.997707 -0.0489731 0 -0.0293126 0.0503685 -0.9983 0 -0.252032 -0.65703 0.0179833 1 
0.99848 -0.0449655 -0.0315665 0 -0.0464776 -0.997711 -0.0489261 0 -0.0292948 0.0503198 -0.998303 0 -0.252009 -0.657023 0.0177325 1 
0.998482 -0.0449522 -0.031537 0 -0.0464625 -0.997712 -0.048915 0 -0.0292666 0.050307 -0.998305 0 -0.251992 -0.657008 0.0174681 1 
0.998481 -0.044955 -0.0315503 0 -0.046461 -0.99772 -0.0487442 0 -0.0292877 0.050137 -0.998313 0 -0.251998 -0.657006 0.0171629 1 
0.998482 -0.0449167 -0.0315715 0 -0.0464164 -0.997735 -0.0484929 0 -0.0293224 0.0498856 -0.998324 0 -0.251976 -0.657013 0.0168299 1 
0.998483 -0.0448841 -0.0315901 0 -0.0463774 -0.997749 -0.0482439 0 -0.0293542 0.0496367 -0.998336 0 -0.251953 -0.657018 0.0164954 1 
0.998481 -0.0448957 -0.0316247 0 -0.0463815 -0.997764 -0.04793 0 -0.0294027 0.049325 -0.99835 0 -0.251962 -0.657025 0.0161632 1 
0.998483 -0.0448574 -0.0316116 0 -0.0463384 -0.997772 -0.0477878 0 -0.0293981 0.0491811 -0.998357 0 -0.251931 -0.657005 0.0158032 1 
0.998486 -0.0448063 -0.0316136 0 -0.0462813 -0.997785 -0.0475796 0 -0.0294122 0.0489716 -0.998367 0 -0.251893 -0.657012 0.0154836 1 
0.998484 -0.0447929 -0.0316791 0 -0.0462595 -0.997805 -0.0471837 0 -0.0294967 0.0485786 -0.998384 0 -0.251894 -0.657044 0.0151779 1 
0.998481 -0.0448053 -0.0317585 0 -0.0462622 -0.997826 -0.0467277 0 -0.0295964 0.0481269 -0.998403 0 -0.251916 -0.657085 0.0149057 1 
0.998482 -0.044803 -0.031748 0 -0.0462556 -0.997832 -0.0466032 0 -0.0295918 0.0480019 -0.998409 0 -0.251904 -0.65706 0.0145933 1 
0.998484 -0.0447937 -0.0316893 0 -0.0462448 -0.997831 -0.0466435 0 -0.0295318 0.0480392 -0.998409 0 -0.251872 -0.657006 0.0142916 1 
0.998484 -0.0447674 -0.0317191 0 -0.0462129 -0.997843 -0.0464077 0 -0.0295738 0.0478041 -0.998419 0 -0.251857 -0.657024 0.0140288 1 
0.998478 -0.044804 -0.0318727 0 -0.0462385 -0.997871 -0.0457914 0 -0.0297538 0.0471964 -0.998442 0 -0.251926 -0.657133 0.0139306 1 
