0.999098 -0.0416218 0.00715718 0 -0.0413402 -0.998494 -0.0358003 0 0.00863664 0.0354729 -0.999333 0 -0.156414 -0.397036 0.534301 1 
0.999099 -0.0416065 0.00715686 0 -0.0413248 -0.998494 -0.035805 0 0.00863597 0.0354776 -0.999333 0 -0.156409 -0.397038 0.534299 1 
0.999099 -0.0415991 0.00715617 0 -0.0413174 -0.998494 -0.0358111 0 0.00863527 0.0354839 -0.999333 0 -0.156403 -0.397039 0.534298 1 
0.999098 -0.0416204 0.00716079 0 -0.0413386 -0.998494 -0.0358042 0 0.00864036 0.0354766 -0.999333 0 -0.156413 -0.397036 0.5343 1 
0.999098 -0.0416235 0.00715536 0 -0.041342 -0.998494 -0.0357971 0 0.00863475 0.0354697 -0.999333 0 -0.156416 -0.397035 0.534302 1 
0.999099 -0.041611 0.00715751 0 -0.0413293 -0.998494 -0.0358045 0 0.00863676 0.0354771 -0.999333 0 -0.156409 -0.397037 0.5343 1 
0.999098 -0.0416151 0.0071575 0 -0.0413334 -0.998494 -0.0358083 0 0.00863705 0.0354808 -0.999333 0 -0.156409 -0.397037 0.534298 1 
0.999098 -0.0416293 0.00715997 0 -0.0413476 -0.998494 -0.0358022 0 0.00863977 0.0354746 -0.999333 0 -0.156416 -0.397034 0.5343 1 
0.999097 -0.0416386 0.00716145 0 -0.0413568 -0.998493 -0.0358096 0 0.00864188 0.0354818 -0.999333 0 -0.15642 -0.397034 0.534297 1 
0.999098 -0.0416342 0.00715868 0 -0.0413524 -0.998493 -0.0358067 0 0.00863884 0.0354791 -0.999333 0 -0.156417 -0.397035 0.534298 1 
0.999098 -0.0416327 0.00715636 0 -0.041351 -0.998493 -0.0358092 0 0.00863658 0.0354816 -0.999333 0 -0.156419 -0.397033 0.534299 1 
0.999097 -0.0416537 0.00716421 0 -0.0413717 -0.998492 -0.0358122 0 0.00864529 0.0354841 -0.999333 0 -0.156426 -0.397032 0.534295 1 
0.999096 -0.0416647 0.00716486 0 -0.0413826 -0.998492 -0.0358165 0 0.0086465 0.0354883 -0.999333 0 -0.156432 -0.397031 0.534294 1 
0.999097 -0.0416578 0.00716527 0 -0.0413756 -0.998491 -0.0358302 0 0.00864723 0.0355021 -0.999332 0 -0.156433 -0.397034 0.534288 1 
0.999097 -0.0416549 0.00717541 0 -0.0413722 -0.998491 -0.0358414 0 0.00865772 0.0355129 -0.999332 0 -0.156432 -0.397038 0.534281 1 
0.999095 -0.0416859 0.00717483 0 -0.0414033 -0.99849 -0.0358289 0 0.00865772 0.0355001 -0.999332 0 -0.156443 -0.397032 0.534287 1 
0.999097 -0.0416478 0.00717413 0 -0.0413652 -0.998491 -0.035841 0 0.00865617 0.0355125 -0.999332 0 -0.156428 -0.397038 0.534283 1 
0.999097 -0.0416562 0.00717746 0 -0.0413733 -0.998491 -0.0358561 0 0.00866042 0.0355274 -0.999331 0 -0.156431 -0.39704 0.534277 1 
0.999097 -0.0416349 0.00718068 0 -0.0413518 -0.998491 -0.0358658 0 0.00866328 0.0355372 -0.999331 0 -0.156423 -0.397046 0.534271 1 
0.999095 -0.0416984 0.00719262 0 -0.0414148 -0.998488 -0.0358742 0 0.00867781 0.0355445 -0.99933 0 -0.15645 -0.397037 0.534267 1 
0.999095 -0.0416833 0.00718817 0 -0.0413999 -0.998489 -0.0358677 0 0.00867256 0.0355384 -0.999331 0 -0.156444 -0.397039 0.53427 1 
0.999097 -0.0416414 0.00718546 0 -0.0413581 -0.99849 -0.0358759 0 0.0086687 0.035547 -0.99933 0 -0.156427 -0.397047 0.534267 1 
0.999096 -0.0416614 0.00718568 0 -0.0413781 -0.99849 -0.0358658 0 0.00866921 0.0355367 -0.999331 0 -0.156436 -0.397043 0.534271 1 
0.999096 -0.0416776 0.00719114 0 -0.0413941 -0.998489 -0.0358696 0 0.0086754 0.0355402 -0.999331 0 -0.156446 -0.39704 0.534268 1 
0.999096 -0.0416768 0.00719107 0 -0.0413932 -0.998489 -0.0358826 0 0.00867584 0.0355531 -0.99933 0 -0.15644 -0.397042 0.534263 1 
0.999097 -0.0416436 0.00718245 0 -0.0413605 -0.998491 -0.0358715 0 0.0086656 0.0355427 -0.999331 0 -0.156427 -0.397047 0.534269 1 
0.999097 -0.0416552 0.00718511 0 -0.041372 -0.99849 -0.0358711 0 0.00866865 0.0355421 -0.999331 0 -0.156434 -0.397044 0.534269 1 
0.999096 -0.0416731 0.00719115 0 -0.0413895 -0.998489 -0.0358755 0 0.0086755 0.0355461 -0.99933 0 -0.15644 -0.397042 0.534266 1 
0.999096 -0.0416762 0.00719016 0 -0.0413927 -0.998489 -0.0358734 0 0.00867453 0.035544 -0.99933 0 -0.15644 -0.397042 0.534267 1 
0.999096 -0.041666 0.00718461 0 -0.0413827 -0.998489 -0.0358797 0 0.00866888 0.0355506 -0.99933 0 -0.156437 -0.397043 0.534265 1 
0.999096 -0.0416591 0.00718837 0 -0.0413756 -0.99849 -0.0358748 0 0.00867219 0.0355457 -0.99933 0 -0.156435 -0.397044 0.534267 1 
0.999096 -0.0416709 0.00719045 0 -0.0413874 -0.998489 -0.0358751 0 0.0086747 0.0355457 -0.99933 0 -0.156441 -0.397041 0.534266 1 
0.999096 -0.0416682 0.00718886 0 -0.0413847 -0.998489 -0.0358725 0 0.00867291 0.0355433 -0.999331 0 -0.156438 -0.397043 0.534268 1 
0.999097 -0.041656 0.0071814 0 -0.0413728 -0.99849 -0.0358787 0 0.00866528 0.0355499 -0.99933 0 -0.156434 -0.397043 0.534266 1 
0.999096 -0.0416642 0.00719074 0 -0.0413806 -0.998489 -0.0358785 0 0.00867489 0.0355492 -0.99933 0 -0.156437 -0.397043 0.534265 1 
0.999096 -0.0416686 0.00718929 0 -0.0413852 -0.998489 -0.0358773 0 0.00867355 0.035548 -0.99933 0 -0.156439 -0.397043 0.534266 1 
0.999096 -0.0416603 0.00718512 0 -0.041377 -0.99849 -0.0358714 0 0.00866885 0.0355424 -0.999331 0 -0.156436 -0.397043 0.534269 1 
0.999096 -0.0416614 0.00718819 0 -0.041378 -0.99849 -0.0358756 0 0.00867213 0.0355465 -0.99933 0 -0.156434 -0.397044 0.534266 1 
0.999096 -0.0416646 0.00718818 0 -0.0413812 -0.99849 -0.0358743 0 0.00867218 0.0355451 -0.99933 0 -0.156437 -0.397043 0.534266 1 
0.999096 -0.0416708 0.00719124 0 -0.0413872 -0.998489 -0.0358773 0 0.00867558 0.0355479 -0.99933 0 -0.15644 -0.397042 0.534265 1 
0.999096 -0.0416667 0.00718777 0 -0.0413833 -0.99849 -0.0358727 0 0.00867178 0.0355435 -0.999331 0 -0.156435 -0.397044 0.534267 1 
0.999096 -0.0416651 0.00718418 0 -0.0413818 -0.99849 -0.0358735 0 0.00866816 0.0355445 -0.999331 0 -0.156438 -0.397043 0.534268 1 
0.999096 -0.0416644 0.00718674 0 -0.0413811 -0.99849 -0.0358703 0 0.00867057 0.0355412 -0.999331 0 -0.156437 -0.397043 0.534269 1 
0.999096 -0.0416702 0.00718515 0 -0.0413869 -0.998489 -0.0358713 0 0.00866922 0.0355422 -0.999331 0 -0.156441 -0.397042 0.534268 1 
0.999096 -0.0416691 0.00718736 0 -0.0413857 -0.99849 -0.0358695 0 0.00867132 0.0355403 -0.999331 0 -0.156439 -0.397043 0.534268 1 
0.999096 -0.0416718 0.00719152 0 -0.0413883 -0.998489 -0.0358777 0 0.00867592 0.0355483 -0.99933 0 -0.15644 -0.397042 0.534265 1 
0.999096 -0.0416659 0.00718981 0 -0.0413825 -0.998489 -0.0358765 0 0.00867394 0.0355472 -0.99933 0 -0.156438 -0.397043 0.534265 1 
0.999096 -0.0416756 0.00718792 0 -0.0413922 -0.998489 -0.0358716 0 0.0086722 0.0355424 -0.999331 0 -0.156441 -0.397041 0.534268 1 
0.999096 -0.0416575 0.00718705 0 -0.0413742 -0.99849 -0.0358694 0 0.00867059 0.0355403 -0.999331 0 -0.156437 -0.397043 0.534269 1 
0.999096 -0.041668 0.00718767 0 -0.0413846 -0.998489 -0.0358744 0 0.0086718 0.0355452 -0.99933 0 -0.156438 -0.397044 0.534266 1 
0.999096 -0.0416727 0.00718893 0 -0.0413893 -0.998489 -0.0358738 0 0.0086732 0.0355445 -0.99933 0 -0.15644 -0.397042 0.534267 1 
0.999096 -0.0416609 0.00718635 0 -0.0413775 -0.99849 -0.0358783 0 0.00867038 0.0355492 -0.99933 0 -0.156435 -0.397044 0.534266 1 
0.999097 -0.0416562 0.00718526 0 -0.0413729 -0.99849 -0.0358714 0 0.00866884 0.0355424 -0.999331 0 -0.156434 -0.397044 0.534269 1 
0.999096 -0.0416719 0.00718924 0 -0.0413885 -0.998489 -0.0358752 0 0.00867354 0.0355459 -0.99933 0 -0.15644 -0.397041 0.534266 1 
0.999096 -0.0416728 0.0071886 0 -0.0413894 -0.998489 -0.035874 0 0.00867288 0.0355447 -0.99933 0 -0.156438 -0.397042 0.534267 1 
0.999097 -0.0416545 0.00718569 0 -0.0413712 -0.99849 -0.0358748 0 0.00866935 0.0355458 -0.99933 0 -0.156432 -0.397044 0.534267 1 
0.999097 -0.0416464 0.00718198 0 -0.0413633 -0.998491 -0.0358641 0 0.00866492 0.0355353 -0.999331 0 -0.156431 -0.397046 0.534272 1 
0.999097 -0.0416451 0.00717756 0 -0.0413622 -0.998491 -0.035856 0 0.00866012 0.0355274 -0.999331 0 -0.156429 -0.397046 0.534276 1 
0.999097 -0.0416478 0.00717664 0 -0.0413649 -0.998491 -0.0358554 0 0.00865927 0.0355268 -0.999331 0 -0.156429 -0.397047 0.534277 1 
0.999096 -0.0416566 0.00718853 0 -0.0413732 -0.99849 -0.0358788 0 0.00867243 0.0355497 -0.99933 0 -0.156435 -0.397043 0.534266 1 
0.999096 -0.0416599 0.007196 0 -0.0413761 -0.998489 -0.0358974 0 0.00868078 0.0355679 -0.99933 0 -0.156436 -0.397044 0.534259 1 
0.999097 -0.0416479 0.00719732 0 -0.0413638 -0.998488 -0.0359242 0 0.00868277 0.0355947 -0.999329 0 -0.156429 -0.397046 0.534248 1 
0.999098 -0.0416285 0.00719818 0 -0.0413444 -0.99849 -0.0359165 0 0.00868262 0.0355871 -0.999329 0 -0.156422 -0.397048 0.53425 1 
0.999097 -0.0416452 0.00719637 0 -0.0413612 -0.998489 -0.0359112 0 0.0086812 0.0355818 -0.999329 0 -0.156429 -0.397046 0.534252 1 
0.999097 -0.0416517 0.00719725 0 -0.0413676 -0.998489 -0.0359159 0 0.00868249 0.0355864 -0.999329 0 -0.156433 -0.397046 0.534249 1 
0.999097 -0.041647 0.0072142 0 -0.041362 -0.998487 -0.0359548 0 0.00870087 0.0356246 -0.999327 0 -0.156432 -0.397052 0.53423 1 
0.999096 -0.0416579 0.00722418 0 -0.0413723 -0.998486 -0.0359777 0 0.00871216 0.035647 -0.999326 0 -0.15644 -0.397054 0.534218 1 
0.999094 -0.0417055 0.00723277 0 -0.0414197 -0.998484 -0.0359709 0 0.00872216 0.0356394 -0.999327 0 -0.156462 -0.39705 0.534217 1 
0.999093 -0.0417423 0.00723442 0 -0.0414564 -0.998483 -0.0359576 0 0.00872456 0.0356257 -0.999327 0 -0.156478 -0.397045 0.534222 1 
0.999093 -0.0417251 0.0072182 0 -0.0414402 -0.998486 -0.0359183 0 0.00870612 0.0355873 -0.999329 0 -0.156472 -0.397049 0.53424 1 
0.999095 -0.0416971 0.00720831 0 -0.0414127 -0.998487 -0.0359112 0 0.00869496 0.0355809 -0.999329 0 -0.156457 -0.397053 0.534244 1 
0.999094 -0.0417082 0.0072127 0 -0.0414236 -0.998486 -0.0359161 0 0.00869994 0.0355855 -0.999329 0 -0.156463 -0.397051 0.534242 1 
0.999093 -0.0417317 0.00722743 0 -0.0414463 -0.998484 -0.0359448 0 0.00871669 0.0356133 -0.999328 0 -0.156475 -0.397047 0.534228 1 
0.999093 -0.0417376 0.0072204 0 -0.0414526 -0.998485 -0.0359209 0 0.00870888 0.0355897 -0.999329 0 -0.156476 -0.397048 0.534238 1 
0.999092 -0.0417542 0.0071986 0 -0.0414705 -0.998486 -0.0358601 0 0.00868518 0.0355297 -0.999331 0 -0.156482 -0.397045 0.534265 1 
0.999095 -0.0417017 0.00719534 0 -0.0414182 -0.998488 -0.0358611 0 0.0086801 0.0355313 -0.999331 0 -0.15646 -0.397051 0.534266 1 
0.999097 -0.0416463 0.0071868 0 -0.0413629 -0.99849 -0.0358791 0 0.00867035 0.0355501 -0.99933 0 -0.156434 -0.397065 0.534258 1 
0.999097 -0.0416409 0.00719771 0 -0.0413568 -0.998489 -0.0359092 0 0.0086823 0.0355798 -0.999329 0 -0.156433 -0.397063 0.534246 1 
0.999093 -0.0417326 0.00722733 0 -0.0414472 -0.998484 -0.0359399 0 0.00871641 0.0356084 -0.999328 0 -0.156471 -0.397041 0.534233 1 
0.999092 -0.0417613 0.0072324 0 -0.0414757 -0.998483 -0.0359389 0 0.00872245 0.035607 -0.999328 0 -0.156481 -0.397038 0.534231 1 
0.999094 -0.0417117 0.00722613 0 -0.0414262 -0.998485 -0.0359561 0 0.00871514 0.0356248 -0.999327 0 -0.156462 -0.397051 0.534224 1 
0.999093 -0.0417349 0.00724296 0 -0.0414486 -0.998483 -0.0359806 0 0.00873378 0.0356484 -0.999326 0 -0.156474 -0.397049 0.534211 1 
0.99909 -0.04179 0.00725673 0 -0.041503 -0.99848 -0.0359951 0 0.0087501 0.0356619 -0.999326 0 -0.156503 -0.397044 0.534201 1 
0.99909 -0.0418067 0.0072761 0 -0.0415187 -0.998478 -0.0360391 0 0.00877187 0.0357049 -0.999324 0 -0.156509 -0.397044 0.534182 1 
0.999092 -0.0417355 0.00731022 0 -0.0414451 -0.998476 -0.0361775 0 0.00880913 0.0358424 -0.999319 0 -0.156487 -0.397073 0.534123 1 
0.999095 -0.0416677 0.00738201 0 -0.0413726 -0.99847 -0.0364114 0 0.00888807 0.0360737 -0.99931 0 -0.156466 -0.397105 0.534023 1 
0.999094 -0.0416697 0.00746547 0 -0.0413696 -0.998462 -0.0366329 0 0.00898064 0.0362916 -0.999301 0 -0.156476 -0.397133 0.533921 1 
0.999093 -0.0416675 0.00756016 0 -0.0413616 -0.998453 -0.0368995 0 0.00908615 0.0365541 -0.99929 0 -0.156481 -0.397156 0.533796 1 
0.999095 -0.0416098 0.00770694 0 -0.0412944 -0.998439 -0.0373471 0 0.00924909 0.0369957 -0.999273 0 -0.156455 -0.397166 0.533591 1 
0.999097 -0.0415215 0.00784678 0 -0.041197 -0.998427 -0.0377678 0 0.00940279 0.0374112 -0.999256 0 -0.156425 -0.397203 0.533393 1 
0.999102 -0.0413443 0.00813957 0 -0.0410006 -0.998403 -0.0386274 0 0.00972378 0.0382597 -0.999221 0 -0.156354 -0.397244 0.532978 1 
0.999108 -0.0411018 0.00864728 0 -0.040724 -0.998357 -0.0400789 0 0.0102806 0.0396918 -0.999159 0 -0.156267 -0.397315 0.532289 1 
0.999112 -0.0408302 0.00945215 0 -0.0403956 -0.998277 -0.0423253 0 0.0111642 0.0419067 -0.999059 0 -0.156181 -0.397446 0.531212 1 
0.999102 -0.0408344 0.0104248 0 -0.0403268 -0.998164 -0.044978 0 0.0122426 0.044518 -0.998934 0 -0.156252 -0.397648 0.529883 1 
0.999083 -0.0409948 0.0115647 0 -0.040395 -0.998018 -0.0480442 0 0.0135116 0.0475339 -0.998778 0 -0.156501 -0.398091 0.528064 1 
0.99906 -0.0411501 0.0128702 0 -0.0404357 -0.997841 -0.0515595 0 0.0149644 0.0509916 -0.998587 0 -0.156826 -0.398739 0.525776 1 
0.999048 -0.0411114 0.0139505 0 -0.0402951 -0.997693 -0.0544644 0 0.0161577 0.0538515 -0.998418 0 -0.157219 -0.39977 0.52314 1 
0.999047 -0.0409167 0.0145457 0 -0.0400433 -0.997619 -0.0559705 0 0.0168015 0.0553358 -0.998326 0 -0.15771 -0.401198 0.520429 1 
0.999057 -0.040642 0.0146586 0 -0.0397601 -0.997622 -0.0561233 0 0.016905 0.0554886 -0.998316 0 -0.158368 -0.403102 0.517537 1 
0.999069 -0.040455 0.0143471 0 -0.03961 -0.997693 -0.0549669 0 0.016538 0.0543485 -0.998385 0 -0.159234 -0.405395 0.514542 1 
0.999087 -0.0401916 0.0137753 0 -0.0394088 -0.997805 -0.0530298 0 0.0158768 0.0524396 -0.998498 0 -0.160238 -0.408097 0.511132 1 
0.999105 -0.0399128 0.0132689 0 -0.0391832 -0.997904 -0.0513222 0 0.0152898 0.0507573 -0.998594 0 -0.16134 -0.411044 0.507224 1 
0.999118 -0.0397995 0.0126222 0 -0.0391351 -0.998016 -0.0491218 0 0.0145524 0.0485854 -0.998713 0 -0.16256 -0.414122 0.503252 1 
0.999133 -0.0397248 0.0116652 0 -0.0391485 -0.998162 -0.0460521 0 0.0134734 0.0455563 -0.998871 0 -0.163811 -0.417237 0.499437 1 
0.999144 -0.0397251 0.0106301 0 -0.0392369 -0.998305 -0.0427506 0 0.0123106 0.0422977 -0.999029 0 -0.165192 -0.420711 0.49517 1 
0.999141 -0.0400298 0.00978995 0 -0.0396086 -0.998405 -0.0399861 0 0.0113752 0.0395647 -0.999152 0 -0.1667 -0.424376 0.490458 1 
0.999141 -0.0402133 0.00901441 0 -0.0398502 -0.998497 -0.0373701 0 0.0105038 0.0369795 -0.999261 0 -0.168147 -0.4279 0.485697 1 
0.999131 -0.0405683 0.0084543 0 -0.0402452 -0.998553 -0.0354025 0 0.00987847 0.0350321 -0.999337 0 -0.169492 -0.431204 0.481049 1 
0.999094 -0.0415326 0.00823306 0 -0.0412264 -0.998548 -0.034404 0 0.00965018 0.034034 -0.999374 0 -0.170999 -0.434813 0.475553 1 
0.999033 -0.0430006 0.00801214 0 -0.0427093 -0.998515 -0.0335358 0 0.00944248 0.0331618 -0.999405 0 -0.172442 -0.438217 0.470264 1 
0.998951 -0.044847 0.00813435 0 -0.04455 -0.998432 -0.0336084 0 0.00962902 0.0332114 -0.999402 0 -0.173797 -0.441589 0.464799 1 
0.998827 -0.0474662 0.00849243 0 -0.047148 -0.998286 -0.0344012 0 0.010111 0.0339611 -0.999372 0 -0.175203 -0.445048 0.458889 1 
0.998692 -0.0502006 0.00861508 0 -0.0498714 -0.998135 -0.0349196 0 0.0103522 0.0344449 -0.999353 0 -0.176563 -0.448379 0.453326 1 
0.998536 -0.0530958 0.00930813 0 -0.052721 -0.997925 -0.0367121 0 0.0112383 0.0361684 -0.999283 0 -0.177895 -0.45166 0.447384 1 
0.998315 -0.0570532 0.00960733 0 -0.0566533 -0.997671 -0.0377351 0 0.0117381 0.037128 -0.999242 0 -0.17926 -0.454981 0.441572 1 
0.998133 -0.060043 0.0103222 0 -0.0595804 -0.997394 -0.0404383 0 0.0127235 0.0397486 -0.999129 0 -0.18064 -0.458308 0.435194 1 
0.998045 -0.0613934 0.0108673 0 -0.0608769 -0.997219 -0.0427666 0 0.013463 0.0420222 -0.999026 0 -0.18201 -0.461527 0.429294 1 
0.998002 -0.0619548 0.0115923 0 -0.0613703 -0.997074 -0.0453578 0 0.0143688 0.0445566 -0.998904 0 -0.183438 -0.464971 0.422932 1 
0.997974 -0.0623166 0.0120924 0 -0.0616805 -0.996965 -0.0472972 0 0.0150033 0.0464564 -0.998808 0 -0.184874 -0.468281 0.417046 1 
0.997968 -0.0622534 0.0128443 0 -0.0615406 -0.996845 -0.0499354 0 0.0159127 0.0490444 -0.99867 0 -0.186246 -0.471579 0.410871 1 
0.997971 -0.0621606 0.0130681 0 -0.0614228 -0.996808 -0.050807 0 0.0161849 0.0499021 -0.998623 0 -0.187871 -0.475393 0.404363 1 
0.99797 -0.0620615 0.0135699 0 -0.0612695 -0.996727 -0.0525544 0 0.0167874 0.0516174 -0.998526 0 -0.189364 -0.478926 0.397738 1 
0.997974 -0.0619879 0.0136416 0 -0.0611842 -0.996707 -0.0530379 0 0.0168848 0.0520968 -0.998499 0 -0.190799 -0.482252 0.391813 1 
0.997978 -0.0619192 0.0136767 0 -0.0611078 -0.996693 -0.0533866 0 0.0169374 0.0524439 -0.99848 0 -0.192405 -0.48592 0.385081 1 
0.997989 -0.0617608 0.0136112 0 -0.0609522 -0.9967 -0.053438 0 0.016867 0.0525019 -0.998478 0 -0.193923 -0.489501 0.378468 1 
0.997992 -0.0617293 0.0134778 0 -0.0609375 -0.996732 -0.0528534 0 0.0166967 0.0519269 -0.998511 0 -0.195497 -0.493151 0.37188 1 
0.998005 -0.0615275 0.0134522 0 -0.0607459 -0.99677 -0.0523439 0 0.0166297 0.0514234 -0.998538 0 -0.196966 -0.496844 0.364881 1 
0.998013 -0.0614295 0.0132771 0 -0.0606797 -0.996846 -0.0509616 0 0.0163661 0.0500556 -0.998612 0 -0.1984 -0.500455 0.358318 1 
0.99803 -0.06114 0.0133706 0 -0.0603987 -0.996903 -0.050178 0 0.0163974 0.0492726 -0.998651 0 -0.199719 -0.504137 0.351057 1 
0.998048 -0.06094 0.0129459 0 -0.0602561 -0.997023 -0.0479037 0 0.015827 0.047031 -0.998768 0 -0.201023 -0.507632 0.344693 1 
0.998082 -0.0604681 0.0124897 0 -0.0598453 -0.997168 -0.0453418 0 0.0151963 0.0445083 -0.998893 0 -0.202373 -0.511667 0.337328 1 
0.998129 -0.0598439 0.0117593 0 -0.0593018 -0.997345 -0.0420252 0 0.0142433 0.04125 -0.999047 0 -0.203579 -0.51557 0.330415 1 
0.99818 -0.0591698 0.0108047 0 -0.0587195 -0.997538 -0.0380843 0 0.0130318 0.0373812 -0.999216 0 -0.204694 -0.519348 0.324168 1 
0.998246 -0.0581674 0.010106 0 -0.0577843 -0.997713 -0.0347787 0 0.0121061 0.0341344 -0.999344 0 -0.205671 -0.523334 0.316726 1 
0.998309 -0.057263 0.00900337 0 -0.0569661 -0.997905 -0.0303523 0 0.0107228 0.0297887 -0.999499 0 -0.206623 -0.52714 0.310288 1 
0.998372 -0.0562945 0.00806499 0 -0.0560643 -0.998069 -0.0263771 0 0.00953449 0.0258825 -0.99962 0 -0.207499 -0.530899 0.303254 1 
0.998429 -0.0554453 0.0067831 0 -0.0552889 -0.998231 -0.0214109 0 0.00795838 0.0210026 -0.999748 0 -0.208407 -0.534598 0.296816 1 
0.998478 -0.0546993 0.00554101 0 -0.054601 -0.998361 -0.0165563 0 0.00643767 0.0162289 -0.999848 0 -0.209287 -0.53821 0.290165 1 
0.99851 -0.0542232 0.0043479 0 -0.054168 -0.998451 -0.0119318 0 0.00498824 0.0116787 -0.999919 0 -0.21008 -0.541531 0.28396 1 
0.998532 -0.053907 0.00298949 0 -0.0538858 -0.998515 -0.00675917 0 0.00334948 0.00658828 -0.999973 0 -0.211047 -0.544877 0.277672 1 
0.998563 -0.053371 0.00200216 0 -0.0533655 -0.998562 -0.00269887 0 0.00214336 0.0025882 -0.999994 0 -0.211845 -0.547993 0.271126 1 
0.998571 -0.0532492 0.000807885 0 -0.0532507 -0.99857 0.00193701 0 0.000703598 -0.0019773 -0.999998 0 -0.212775 -0.550983 0.265088 1 
0.998569 -0.053296 0.000246825 0 -0.0532966 -0.998558 0.0046389 0 -7.65794e-07 -0.00464551 -0.999989 0 -0.213513 -0.553496 0.258785 1 
0.998553 -0.0535926 -0.000336562 0 -0.0535887 -0.998526 0.00739326 0 -0.000732304 -0.00736467 -0.999973 0 -0.214308 -0.555912 0.252853 1 
0.998508 -0.05443 -0.000258039 0 -0.0544261 -0.998475 0.00813151 0 -0.000700257 -0.00810549 -0.999967 0 -0.214927 -0.55788 0.246539 1 
0.998379 -0.0567422 -0.000189835 0 -0.0567383 -0.998339 0.00896781 0 -0.000698387 -0.00894268 -0.99996 0 -0.215651 -0.559978 0.240113 1 
0.998217 -0.0595302 0.000674412 0 -0.0595335 -0.99819 0.00729387 0 0.000238991 -0.00732115 -0.999973 0 -0.216234 -0.561506 0.233635 1 
0.998097 -0.0614884 0.00125247 0 -0.0614952 -0.998077 0.00640322 0 0.000856351 -0.00646818 -0.999979 0 -0.216749 -0.563062 0.227932 1 
0.997937 -0.063998 0.00253196 0 -0.064006 -0.997935 0.00324273 0 0.00231925 -0.00339817 -0.999992 0 -0.217189 -0.564165 0.221823 1 
0.997742 -0.0669052 0.00385416 0 -0.0669054 -0.99775 -7.2235e-05 0 0.00385039 -0.000185796 -0.999993 0 -0.217646 -0.565434 0.215779 1 
0.997547 -0.0696246 0.00573868 0 -0.0695944 -0.997552 -0.00530727 0 0.00609427 0.00489497 -0.999969 0 -0.217983 -0.566258 0.209641 1 
0.997418 -0.07127 0.00760721 0 -0.0711872 -0.997396 -0.010651 0 0.00834667 0.0100822 -0.999914 0 -0.218194 -0.566945 0.204557 1 
0.997338 -0.0720764 0.0101448 0 -0.0718848 -0.997238 -0.0181304 0 0.0114237 0.0173533 -0.999784 0 -0.218397 -0.56739 0.198655 1 
0.997303 -0.0722449 0.0121755 0 -0.0719385 -0.997112 -0.0239614 0 0.0138717 0.0230213 -0.999639 0 -0.218671 -0.568195 0.193744 1 
0.997265 -0.0723801 0.0142738 0 -0.0719274 -0.996948 -0.0300222 0 0.0164036 0.028914 -0.999447 0 -0.218969 -0.568985 0.188604 1 
0.997233 -0.072456 0.0160171 0 -0.0718641 -0.996795 -0.0348719 0 0.0184928 0.033625 -0.999263 0 -0.21939 -0.570217 0.183972 1 
0.997191 -0.0726053 0.0178608 0 -0.0718445 -0.996601 -0.0400755 0 0.0207102 0.0386805 -0.999037 0 -0.219838 -0.571384 0.179043 1 
0.997167 -0.0726355 0.0190418 0 -0.0717607 -0.996477 -0.0431761 0 0.0221112 0.0416882 -0.998886 0 -0.220364 -0.572938 0.175341 1 
0.997131 -0.0727456 0.0204411 0 -0.0717228 -0.996309 -0.0469628 0 0.0237824 0.0453629 -0.998687 0 -0.220907 -0.574416 0.171069 1 
0.997113 -0.0727229 0.0214087 0 -0.0715964 -0.996201 -0.0493709 0 0.0249182 0.0476965 -0.998551 0 -0.221532 -0.576295 0.167445 1 
0.997081 -0.0728292 0.0224924 0 -0.0715796 -0.996064 -0.0520999 0 0.0261988 0.0503388 -0.998389 0 -0.222239 -0.578205 0.163373 1 
0.997063 -0.0728499 0.0232285 0 -0.0715185 -0.99598 -0.0537527 0 0.0270515 0.0519345 -0.998284 0 -0.222986 -0.580306 0.159985 1 
0.997035 -0.0729177 0.0241665 0 -0.0714738 -0.995858 -0.0560227 0 0.028152 0.0541304 -0.998137 0 -0.223714 -0.582318 0.156115 1 
0.997025 -0.072863 0.0247379 0 -0.071355 -0.995801 -0.0571738 0 0.0288004 0.0552396 -0.998058 0 -0.22447 -0.584571 0.152891 1 
0.996997 -0.0729339 0.025662 0 -0.071308 -0.995674 -0.0594073 0 0.0298844 0.0574 -0.997904 0 -0.225214 -0.586632 0.148952 1 
0.996986 -0.0728733 0.0262496 0 -0.0711764 -0.99561 -0.0606292 0 0.0305532 0.0585793 -0.997815 0 -0.22594 -0.588791 0.145748 1 
0.996967 -0.0728485 0.0270399 0 -0.0710461 -0.995503 -0.0625092 0 0.0314726 0.0603997 -0.997678 0 -0.22659 -0.590748 0.142123 1 
0.996954 -0.0727995 0.027636 0 -0.07092 -0.995431 -0.0637884 0 0.0321541 0.0616353 -0.997581 0 -0.227271 -0.592823 0.138824 1 
0.996938 -0.0727967 0.028199 0 -0.070844 -0.99536 -0.0649587 0 0.0327976 0.0627634 -0.997489 0 -0.227982 -0.594883 0.135564 1 
0.996919 -0.072796 0.0288922 0 -0.0707463 -0.995262 -0.066551 0 0.0336006 0.0643032 -0.997365 0 -0.228624 -0.596774 0.132049 1 
0.99691 -0.072775 0.0292369 0 -0.0706862 -0.995233 -0.067048 0 0.0339776 0.0647755 -0.997321 0 -0.229366 -0.598934 0.129153 1 
0.996886 -0.0728295 0.0299146 0 -0.0706432 -0.995131 -0.0685853 0 0.0347646 0.0662597 -0.997197 0 -0.230018 -0.600772 0.125604 1 
0.996887 -0.0727396 0.0301008 0 -0.0705392 -0.995135 -0.0686384 0 0.0349477 0.0663028 -0.997187 0 -0.230755 -0.602968 0.122952 1 
0.99688 -0.0726405 0.0305685 0 -0.0703721 -0.995074 -0.0696867 0 0.0354807 0.0673194 -0.9971 0 -0.231351 -0.604817 0.119755 1 
0.996889 -0.0724124 0.0308028 0 -0.0701154 -0.995066 -0.070053 0 0.0357242 0.0676767 -0.997068 0 -0.231957 -0.606859 0.116935 1 
0.996891 -0.0722818 0.0310518 0 -0.0699574 -0.995056 -0.0703522 0 0.0359842 0.0679625 -0.997039 0 -0.232637 -0.609017 0.113948 1 
0.996888 -0.0721928 0.0313557 0 -0.0698297 -0.99503 -0.0708505 0 0.0363155 0.0684418 -0.996994 0 -0.233215 -0.610837 0.111128 1 
0.996899 -0.0720551 0.0313212 0 -0.0697113 -0.995071 -0.0703942 0 0.0362398 0.0679938 -0.997027 0 -0.233893 -0.612873 0.108912 1 
0.996895 -0.0719771 0.0316188 0 -0.0695917 -0.995038 -0.0709781 0 0.0365713 0.0685586 -0.996977 0 -0.234539 -0.614789 0.105771 1 
0.996903 -0.0718429 0.0316907 0 -0.0694572 -0.995055 -0.070861 0 0.0366256 0.0684417 -0.996983 0 -0.235115 -0.616604 0.103418 1 
0.996913 -0.0717062 0.0316768 0 -0.0693305 -0.995081 -0.0706202 0 0.0365856 0.0682073 -0.997 0 -0.235774 -0.61852 0.100998 1 
0.996925 -0.0714859 0.0318064 0 -0.0690846 -0.995065 -0.0710848 0 0.0367317 0.0686701 -0.996963 0 -0.236324 -0.620184 0.0981884 1 
0.996957 -0.0711371 0.0315676 0 -0.0687688 -0.995118 -0.0706507 0 0.0364401 0.0682662 -0.997001 0 -0.236898 -0.621948 0.0961494 1 
0.996993 -0.0707157 0.0313858 0 -0.0683613 -0.995148 -0.070631 0 0.036229 0.0682743 -0.997009 0 -0.237425 -0.623575 0.0938436 1 
0.997045 -0.0700573 0.0312217 0 -0.0676965 -0.995156 -0.0711529 0 0.036056 0.0688304 -0.996977 0 -0.237844 -0.625075 0.0911927 1 
0.997121 -0.069212 0.0306548 0 -0.0669046 -0.995235 -0.0707951 0 0.0354092 0.0685416 -0.99702 0 -0.238321 -0.626773 0.0891765 1 
0.997189 -0.0684338 0.0301976 0 -0.0661613 -0.995289 -0.0707362 0 0.0348968 0.0685407 -0.997038 0 -0.238808 -0.628431 0.0868401 1 
0.997262 -0.0675365 0.0297855 0 -0.0652853 -0.995329 -0.0709899 0 0.0344415 0.0688523 -0.997032 0 -0.239215 -0.630005 0.0842896 1 
0.997348 -0.0665897 0.0290477 0 -0.0644141 -0.995434 -0.0703085 0 0.0335976 0.0682523 -0.997102 0 -0.239664 -0.631675 0.0825773 1 
0.997424 -0.0657196 0.0283967 0 -0.0636061 -0.995519 -0.069828 0 0.0328592 0.0678433 -0.997155 0 -0.240105 -0.63327 0.0807075 1 
0.997487 -0.0649259 0.0280125 0 -0.0628363 -0.99556 -0.0699421 0 0.0324298 0.0680075 -0.997158 0 -0.240462 -0.634687 0.0784159 1 
0.997553 -0.0641572 0.0274435 0 -0.0621258 -0.995644 -0.0693782 0 0.0317757 0.0675047 -0.997213 0 -0.240837 -0.636184 0.0767224 1 
0.997629 -0.063291 0.0266842 0 -0.0613458 -0.995767 -0.0683088 0 0.0308952 0.0665111 -0.997307 0 -0.241308 -0.638011 0.0750236 1 
0.997674 -0.0627124 0.0263637 0 -0.0607935 -0.995809 -0.0681819 0 0.0305297 0.0664219 -0.997324 0 -0.241646 -0.639317 0.0730253 1 
0.997717 -0.0621458 0.0260764 0 -0.0602525 -0.995854 -0.068003 0 0.030195 0.0662778 -0.997344 0 -0.241929 -0.640557 0.0711874 1 
0.997778 -0.0614374 0.0254073 0 -0.0596162 -0.995953 -0.0671105 0 0.0294282 0.065448 -0.997422 0 -0.242335 -0.642037 0.0697441 1 
0.99783 -0.0608385 0.0247738 0 -0.0590755 -0.996022 -0.066567 0 0.0287256 0.0649603 -0.997474 0 -0.242773 -0.643311 0.0682063 1 
0.997878 -0.0602207 0.0243843 0 -0.0584737 -0.996033 -0.066934 0 0.0283189 0.0653673 -0.997459 0 -0.243114 -0.644231 0.0661892 1 
0.997942 -0.0593844 0.0237864 0 -0.0576672 -0.996053 -0.0673296 0 0.0276914 0.0658206 -0.997447 0 -0.243426 -0.645034 0.0644075 1 
0.998029 -0.0583273 0.0227405 0 -0.0566833 -0.996116 -0.0672422 0 0.0265748 0.0658219 -0.997477 0 -0.243895 -0.646036 0.0628504 1 
0.998119 -0.0572266 0.0215678 0 -0.0556603 -0.996169 -0.0673124 0 0.0253377 0.0659865 -0.997499 0 -0.244445 -0.646934 0.0612727 1 
0.998184 -0.0563615 0.0207835 0 -0.0548309 -0.996165 -0.0680365 0 0.0245389 0.0667747 -0.997466 0 -0.24488 -0.647531 0.0593722 1 
0.998259 -0.0553492 0.0199278 0 -0.053853 -0.996147 -0.0690842 0 0.0236753 0.067892 -0.997412 0 -0.245306 -0.648021 0.0573022 1 
0.998333 -0.0543503 0.0189388 0 -0.0529113 -0.99616 -0.0696178 0 0.0226503 0.0685009 -0.997394 0 -0.245754 -0.648565 0.0557477 1 
0.998411 -0.0532911 0.017773 0 -0.05193 -0.996197 -0.0698232 0 0.0214268 0.0687906 -0.997401 0 -0.246255 -0.649198 0.0544218 1 
0.998487 -0.0522261 0.0166443 0 -0.050938 -0.996224 -0.0701725 0 0.0202467 0.0692199 -0.997396 0 -0.24673 -0.649767 0.0530302 1 
0.998562 -0.0511075 0.0155879 0 -0.0498815 -0.996227 -0.0708847 0 0.0191522 0.0700066 -0.997363 0 -0.247162 -0.650193 0.0514254 1 
0.998625 -0.0501206 0.0146972 0 -0.0489478 -0.996228 -0.0715124 0 0.0182264 0.0706961 -0.997331 0 -0.247513 -0.650579 0.0498467 1 
0.998684 -0.0491928 0.0138127 0 -0.0480786 -0.996245 -0.0718704 0 0.0172966 0.0711131 -0.997318 0 -0.247844 -0.651009 0.0485338 1 
0.998731 -0.048457 0.0130148 0 -0.0474013 -0.996277 -0.0718728 0 0.0164494 0.071166 -0.997329 0 -0.24819 -0.651542 0.0474742 1 
0.998761 -0.0479942 0.0123958 0 -0.0469877 -0.996315 -0.0716228 0 0.0157879 0.070953 -0.997355 0 -0.248545 -0.652169 0.0465237 1 
0.998785 -0.0476239 0.0119251 0 -0.0466543 -0.996343 -0.0714539 0 0.0152847 0.070812 -0.997373 0 -0.248847 -0.652726 0.0455911 1 
0.998814 -0.047123 0.0114577 0 -0.0461858 -0.996355 -0.0715886 0 0.0147897 0.0709759 -0.997368 0 -0.249092 -0.653178 0.044529 1 
0.998847 -0.0465269 0.011001 0 -0.0456181 -0.996353 -0.071972 0 0.0143098 0.0713885 -0.997346 0 -0.24929 -0.653525 0.0433751 1 
0.998878 -0.045944 0.0105923 0 -0.045059 -0.996343 -0.0724602 0 0.013883 0.071903 -0.997315 0 -0.249444 -0.653776 0.0422857 1 
0.99891 -0.0453355 0.0101832 0 -0.044474 -0.996329 -0.0730175 0 0.0134564 0.0724864 -0.997279 0 -0.24956 -0.653947 0.0412908 1 
0.998941 -0.0447381 0.00977506 0 -0.0439012 -0.996318 -0.073514 0 0.0130282 0.0730084 -0.997246 0 -0.249671 -0.654104 0.0403597 1 
0.99897 -0.0441996 0.009275 0 -0.0434009 -0.996341 -0.0734974 0 0.0124899 0.0730206 -0.997252 0 -0.249815 -0.654375 0.0395308 1 
0.999002 -0.0436087 0.00862726 0 -0.0428648 -0.996401 -0.0729969 0 0.0117797 0.0725556 -0.997295 0 -0.24997 -0.654783 0.0387865 1 
0.999039 -0.0429141 0.00773526 0 -0.0422476 -0.9965 -0.0719981 0 0.0107981 0.0716035 -0.997375 0 -0.25017 -0.655288 0.0381295 1 
0.999091 -0.0419315 0.00622017 0 -0.0413958 -0.996689 -0.0698437 0 0.0091284 0.0695241 -0.997539 0 -0.250494 -0.65603 0.0374682 1 
0.999148 -0.040837 0.00415612 0 -0.0404737 -0.996984 -0.0660683 0 0.00684175 0.065845 -0.997806 0 -0.250906 -0.65703 0.0368443 1 
0.999195 -0.0398265 0.00196781 0 -0.0396312 -0.997325 -0.0612688 0 0.00440275 0.0611427 -0.998119 0 -0.251282 -0.658156 0.0362377 1 
0.999234 -0.038887 -0.000221411 0 -0.0388383 -0.997664 -0.0560202 0 0.0019576 0.055987 -0.99843 0 -0.251611 -0.659325 0.0356155 1 
0.99926 -0.0381488 -0.00221918 0 -0.0382122 -0.997972 -0.0507272 0 -0.000279503 0.0507755 -0.99871 0 -0.251896 -0.660448 0.0350907 1 
0.999273 -0.0376892 -0.00372778 0 -0.0378211 -0.998212 -0.0460767 0 -0.00198455 0.0461851 -0.998931 0 -0.252056 -0.661393 0.0346416 1 
0.999282 -0.0373686 -0.00452203 0 -0.0375295 -0.998349 -0.0432645 0 -0.00289789 0.043404 -0.999053 0 -0.252036 -0.66197 0.0341856 1 
0.999292 -0.0370856 -0.00459957 0 -0.0372491 -0.998375 -0.0429058 0 -0.00300097 0.0430476 -0.999069 0 -0.251848 -0.662047 0.0336818 1 
0.999301 -0.0368569 -0.00438467 0 -0.0370129 -0.998358 -0.0435078 0 -0.00277397 0.0436405 -0.999043 0 -0.25162 -0.661916 0.0332621 1 
0.999312 -0.0365929 -0.004177 0 -0.0367416 -0.998342 -0.0440879 0 -0.00255682 0.0442119 -0.999019 0 -0.251369 -0.661799 0.0328615 1 
0.999322 -0.0363189 -0.00403544 0 -0.0364627 -0.998333 -0.0445181 0 -0.00241191 0.044636 -0.999 0 -0.251138 -0.661735 0.0325544 1 
0.999332 -0.0360796 -0.00392598 0 -0.0362195 -0.998328 -0.0448234 0 -0.00230226 0.0449365 -0.998987 0 -0.250949 -0.661702 0.0323359 1 
0.999341 -0.0358383 -0.00384581 0 -0.0359754 -0.998327 -0.0450564 0 -0.00222468 0.0451659 -0.998977 0 -0.250761 -0.661694 0.0321611 1 
0.999349 -0.0355967 -0.0037829 0 -0.0357315 -0.998327 -0.0452522 0 -0.00216579 0.0453588 -0.998968 0 -0.250582 -0.661697 0.0320219 1 
0.999356 -0.0354126 -0.00373376 0 -0.0355458 -0.998326 -0.0454089 0 -0.0021195 0.0455132 -0.998961 0 -0.250445 -0.661696 0.0319095 1 
0.999361 -0.0352934 -0.00369307 0 -0.0354251 -0.998325 -0.0455347 0 -0.00207985 0.0456373 -0.998956 0 -0.25035 -0.66169 0.0318163 1 
0.999363 -0.0352422 -0.00362695 0 -0.0353713 -0.998318 -0.045727 0 -0.00200937 0.045827 -0.998947 0 -0.250297 -0.661646 0.0316822 1 
0.999362 -0.0352601 -0.00354881 0 -0.0353861 -0.998305 -0.0459885 0 -0.00192127 0.0460856 -0.998936 0 -0.250278 -0.661566 0.0315027 1 
0.99936 -0.0353307 -0.00343673 0 -0.0354522 -0.998286 -0.0463513 0 -0.00179325 0.0464443 -0.998919 0 -0.250289 -0.66144 0.0312339 1 
0.999355 -0.0354964 -0.0032613 0 -0.0356106 -0.998249 -0.0470236 0 -0.00158645 0.0471103 -0.998888 0 -0.250339 -0.661202 0.0308172 1 
0.999343 -0.0358637 -0.00300863 0 -0.0359669 -0.998187 -0.0480556 0 -0.00127975 0.0481331 -0.99884 0 -0.250498 -0.660807 0.0302444 1 
0.999327 -0.036324 -0.00266618 0 -0.036411 -0.998127 -0.0489595 0 -0.000882797 0.0490245 -0.998797 0 -0.250689 -0.660421 0.0295655 1 
0.999312 -0.0367577 -0.00231542 0 -0.0368275 -0.998064 -0.0499322 0 -0.000475555 0.0499841 -0.99875 0 -0.250861 -0.66002 0.0288331 1 
0.999297 -0.0371762 -0.00194775 0 -0.0372272 -0.997996 -0.0509777 0 -4.86933e-05 0.0510154 -0.998698 0 -0.251007 -0.659604 0.0280462 1 
0.999282 -0.0375978 -0.00156732 0 -0.0376284 -0.997924 -0.0520888 0 0.000394366 0.0521113 -0.998641 0 -0.251164 -0.659165 0.027207 1 
0.999264 -0.0380851 -0.00110442 0 -0.0380897 -0.997838 -0.0533877 0 0.000931257 0.0533915 -0.998573 0 -0.251332 -0.658642 0.0262631 1 
0.999249 -0.0385033 -0.000643174 0 -0.0384809 -0.997754 -0.0546598 0 0.00146288 0.0546445 -0.998505 0 -0.251451 -0.658152 0.025298 1 
0.999239 -0.0387509 -0.000218748 0 -0.0387027 -0.99768 -0.0558424 0 0.00194574 0.0558094 -0.99844 0 -0.251467 -0.65773 0.0244042 1 
0.999234 -0.0388742 0.000140887 0 -0.0388032 -0.997616 -0.0569003 0 0.00235255 0.0568523 -0.99838 0 -0.251424 -0.657376 0.0236171 1 
0.999233 -0.0389053 0.000457521 0 -0.038814 -0.997565 -0.0577696 0 0.00270401 0.0577087 -0.99833 0 -0.251335 -0.657103 0.0229672 1 
0.999234 -0.0388732 0.000694491 0 -0.0387662 -0.997529 -0.0584261 0 0.00296404 0.0583556 -0.998291 0 -0.251236 -0.656909 0.0224701 1 
0.999236 -0.0388316 0.000826009 0 -0.038716 -0.997511 -0.0587684 0 0.00310608 0.0586926 -0.998271 0 -0.251164 -0.656814 0.0222041 1 
0.999237 -0.0388032 0.00085491 0 -0.0386858 -0.997508 -0.0588354 0 0.00313584 0.0587585 -0.998267 0 -0.251132 -0.656802 0.0221532 1 
0.999236 -0.0388211 0.000817329 0 -0.038706 -0.997512 -0.058761 0 0.00309652 0.0586856 -0.998272 0 -0.251158 -0.656823 0.0222038 1 
0.999233 -0.0388993 0.00074765 0 -0.0387887 -0.997518 -0.0585973 0 0.00302525 0.0585245 -0.998281 0 -0.251237 -0.656866 0.0222881 1 
0.999228 -0.0390302 0.000676012 0 -0.0389241 -0.997524 -0.0584103 0 0.00295416 0.0583401 -0.998292 0 -0.251358 -0.656915 0.0223626 1 
0.999222 -0.0391926 0.000651354 0 -0.039088 -0.997523 -0.0583195 0 0.00293549 0.0582498 -0.998298 0 -0.251477 -0.656913 0.0224001 1 
0.999217 -0.0393282 0.000644658 0 -0.0392237 -0.997518 -0.0583083 0 0.00293628 0.0582385 -0.998298 0 -0.25157 -0.656884 0.0224014 1 
0.99921 -0.0394926 0.000663552 0 -0.0393865 -0.997508 -0.0583732 0 0.00296726 0.0583021 -0.998295 0 -0.251668 -0.656823 0.0223546 1 
0.999203 -0.039666 0.000697446 0 -0.0395574 -0.997496 -0.058466 0 0.00301487 0.0583929 -0.998289 0 -0.251771 -0.65675 0.0222851 1 
0.999197 -0.0398312 0.000731048 0 -0.0397201 -0.997485 -0.0585446 0 0.00306117 0.0584697 -0.998284 0 -0.25187 -0.656683 0.0222209 1 
0.999191 -0.0399761 0.000770263 0 -0.039862 -0.997472 -0.0586705 0 0.00311379 0.0585934 -0.998277 0 -0.251947 -0.656609 0.0221274 1 
0.999186 -0.0400955 0.000825836 0 -0.0399776 -0.997458 -0.0588148 0 0.00318201 0.0587351 -0.998269 0 -0.252007 -0.656534 0.0220116 1 
0.999181 -0.0402129 0.000885835 0 -0.0400907 -0.997444 -0.0589813 0 0.00325544 0.0588986 -0.998259 0 -0.252065 -0.656452 0.0218768 1 
0.999177 -0.0403032 0.000967321 0 -0.0401753 -0.997428 -0.0592006 0 0.00335087 0.0591142 -0.998246 0 -0.252093 -0.656362 0.0217062 1 
0.999175 -0.0403628 0.00104683 0 -0.0402294 -0.997413 -0.0594149 0 0.00344234 0.0593249 -0.998233 0 -0.252105 -0.656282 0.0215018 1 
0.999175 -0.040364 0.00101159 0 -0.0402333 -0.997423 -0.0592382 0 0.00340014 0.0591497 -0.998243 0 -0.252116 -0.656327 0.0213529 1 
0.999174 -0.0403769 0.00105116 0 -0.0402435 -0.997418 -0.0593175 0 0.00344357 0.0592273 -0.998239 0 -0.25211 -0.656313 0.0212326 1 
0.999174 -0.040383 0.00109601 0 -0.0402466 -0.997411 -0.0594364 0 0.00349347 0.0593444 -0.998231 0 -0.252099 -0.656289 0.0211091 1 
0.999172 -0.0404201 0.00115213 0 -0.0402797 -0.997399 -0.0596074 0 0.00355854 0.0595128 -0.998221 0 -0.252107 -0.656231 0.020966 1 
0.999171 -0.0404627 0.00114667 0 -0.0403226 -0.9974 -0.05956 0 0.00355372 0.0594655 -0.998224 0 -0.252142 -0.656252 0.0209223 1 
0.999171 -0.0404464 0.00111366 0 -0.0403087 -0.997407 -0.0594512 0 0.00351542 0.0593582 -0.998231 0 -0.25215 -0.656313 0.020944 1 
0.999172 -0.0404391 0.0011096 0 -0.0403018 -0.99741 -0.0594191 0 0.00350965 0.0593263 -0.998232 0 -0.252145 -0.656334 0.0209453 1 
0.999171 -0.0404579 0.00111674 0 -0.0403202 -0.99741 -0.0594065 0 0.00351738 0.0593134 -0.998233 0 -0.252148 -0.656341 0.0209444 1 
0.999171 -0.0404675 0.00111824 0 -0.0403296 -0.997409 -0.0594131 0 0.00351971 0.0593199 -0.998233 0 -0.252151 -0.656338 0.0209354 1 
0.99917 -0.0404802 0.00113113 0 -0.0403414 -0.997406 -0.0594519 0 0.00353488 0.0593581 -0.99823 0 -0.25215 -0.656325 0.0209032 1 
0.99917 -0.0404696 0.00112853 0 -0.0403311 -0.997408 -0.0594222 0 0.00353046 0.0593286 -0.998232 0 -0.252146 -0.656348 0.0208965 1 
0.999171 -0.0404605 0.00111804 0 -0.0403228 -0.997412 -0.0593694 0 0.00351733 0.0592763 -0.998235 0 -0.252144 -0.656378 0.0209076 1 
0.999171 -0.0404639 0.00110099 0 -0.0403275 -0.997415 -0.0593123 0 0.00349822 0.0592199 -0.998239 0 -0.252153 -0.656404 0.0209301 1 
0.99917 -0.0404736 0.00108886 0 -0.0403379 -0.997416 -0.0592803 0 0.0034854 0.0591883 -0.998241 0 -0.252163 -0.656421 0.0209342 1 
0.99917 -0.0404849 0.00108251 0 -0.0403496 -0.997417 -0.0592582 0 0.00347884 0.0591665 -0.998242 0 -0.252172 -0.656431 0.0209272 1 
0.99917 -0.0404866 0.00103002 0 -0.040355 -0.997427 -0.0590823 0 0.00341947 0.0589928 -0.998253 0 -0.252194 -0.656511 0.0209826 1 
0.99917 -0.0404828 0.000923529 0 -0.0403587 -0.997448 -0.0587329 0 0.00329891 0.058648 -0.998273 0 -0.252235 -0.656672 0.0211131 1 
0.99917 -0.040494 0.000799741 0 -0.0403782 -0.997467 -0.0583934 0 0.00316236 0.0583138 -0.998293 0 -0.252301 -0.656824 0.0212398 1 
0.999168 -0.0405472 0.000672642 0 -0.0404399 -0.997486 -0.0580255 0 0.00302378 0.0579511 -0.998315 0 -0.252392 -0.656979 0.0213772 1 
0.999167 -0.0405625 0.000560765 0 -0.0404627 -0.997505 -0.0576806 0 0.00289909 0.057611 -0.998335 0 -0.252457 -0.657133 0.0215013 1 
0.999168 -0.0405456 0.000452451 0 -0.040453 -0.997525 -0.0573371 0 0.00277615 0.0572722 -0.998355 0 -0.252499 -0.657296 0.0216176 1 
0.99917 -0.0405016 0.000356956 0 -0.0404153 -0.997544 -0.0570376 0 0.00266625 0.0569769 -0.998372 0 -0.25252 -0.657447 0.021719 1 
0.999171 -0.0404769 0.000265325 0 -0.0403967 -0.997562 -0.0567352 0 0.0025612 0.0566786 -0.998389 0 -0.25254 -0.657597 0.0218183 1 
0.999171 -0.0404754 0.000220964 0 -0.040398 -0.997569 -0.0566069 0 0.00251166 0.0565521 -0.998396 0 -0.252548 -0.657673 0.0218385 1 
0.99917 -0.0404851 0.000218668 0 -0.0404079 -0.99757 -0.0565797 0 0.00250882 0.056525 -0.998398 0 -0.252542 -0.6577 0.0218203 1 
0.999168 -0.0405579 0.000237462 0 -0.0404794 -0.997565 -0.0566291 0 0.00253369 0.0565734 -0.998395 0 -0.252511 -0.657701 0.0217658 1 
0.999161 -0.0407117 0.000277687 0 -0.0406303 -0.99755 -0.0567769 0 0.00258854 0.0567191 -0.998387 0 -0.252464 -0.657669 0.0216516 1 
0.999157 -0.04082 0.000346026 0 -0.040734 -0.997533 -0.0570037 0 0.00267212 0.0569426 -0.998374 0 -0.252442 -0.657597 0.0214826 1 
0.999151 -0.0409676 0.000440183 0 -0.0408751 -0.997509 -0.0573166 0 0.00278727 0.0572511 -0.998356 0 -0.252452 -0.657485 0.0212491 1 
0.999141 -0.041204 0.00054639 0 -0.0411042 -0.997483 -0.0576091 0 0.0029188 0.0575382 -0.998339 0 -0.252466 -0.65738 0.0210069 1 
0.999128 -0.0415133 0.000639603 0 -0.0414066 -0.997454 -0.0579003 0 0.00304166 0.0578244 -0.998322 0 -0.252478 -0.65729 0.0207469 1 
0.999115 -0.0418217 0.000740425 0 -0.0417076 -0.997421 -0.058239 0 0.00317423 0.0581577 -0.998302 0 -0.252506 -0.657174 0.0204639 1 
0.999102 -0.0421346 0.000855754 0 -0.0420121 -0.997388 -0.0585902 0 0.00332226 0.0585027 -0.998282 0 -0.252543 -0.657039 0.0201832 1 
0.999086 -0.0425044 0.000902627 0 -0.0423781 -0.997364 -0.0587283 0 0.00339652 0.0586375 -0.998274 0 -0.252609 -0.65697 0.0199569 1 
0.999071 -0.0428574 0.000799552 0 -0.0427375 -0.997367 -0.0584304 0 0.00330168 0.0583431 -0.998291 0 -0.252718 -0.657027 0.0198065 1 
0.999057 -0.0431834 0.000747515 0 -0.0430665 -0.997362 -0.0582679 0 0.00326181 0.0581818 -0.998301 0 -0.252841 -0.657059 0.0197181 1 
0.999045 -0.0434709 0.000727391 0 -0.0433549 -0.997353 -0.0582092 0 0.00325594 0.0581232 -0.998304 0 -0.252961 -0.657072 0.0196518 1 
0.999037 -0.0436506 0.000702834 0 -0.043536 -0.99735 -0.0581152 0 0.0032378 0.0580297 -0.99831 0 -0.253053 -0.657113 0.0196192 1 
0.999033 -0.0437471 0.000681851 0 -0.0436339 -0.997352 -0.0580199 0 0.00321831 0.0579352 -0.998315 0 -0.253103 -0.657159 0.019606 1 
