0.999122 -0.0411455 0.0066217 0 -0.0408894 -0.99854 -0.0350287 0 0.00805346 0.0347279 -0.999364 0 -0.156485 -0.397181 0.534386 1 
0.999121 -0.0411512 0.00662338 0 -0.040895 -0.99854 -0.0350279 0 0.0080553 0.0347269 -0.999364 0 -0.156488 -0.397179 0.534386 1 
0.999122 -0.0411329 0.00662779 0 -0.0408765 -0.99854 -0.0350415 0 0.00805963 0.0347405 -0.999364 0 -0.156481 -0.397181 0.534381 1 
0.999122 -0.0411298 0.00662289 0 -0.0408737 -0.99854 -0.0350301 0 0.00805416 0.0347293 -0.999364 0 -0.156481 -0.397183 0.534386 1 
0.999122 -0.04114 0.00662073 0 -0.040884 -0.99854 -0.0350227 0 0.00805205 0.0347219 -0.999365 0 -0.156484 -0.397182 0.534387 1 
0.999122 -0.0411403 0.0066246 0 -0.0408841 -0.99854 -0.035032 0 0.00805631 0.034731 -0.999364 0 -0.156484 -0.397181 0.534385 1 
0.999122 -0.0411383 0.0066239 0 -0.0408821 -0.99854 -0.0350347 0 0.00805565 0.0347338 -0.999364 0 -0.156484 -0.397182 0.534382 1 
0.999122 -0.0411407 0.00662343 0 -0.0408845 -0.99854 -0.0350319 0 0.00805515 0.034731 -0.999364 0 -0.156483 -0.397181 0.534385 1 
0.999122 -0.0411393 0.00662458 0 -0.0408831 -0.99854 -0.0350327 0 0.00805629 0.0347318 -0.999364 0 -0.156484 -0.397183 0.534383 1 
0.999122 -0.0411315 0.006625 0 -0.0408752 -0.99854 -0.0350335 0 0.00805647 0.0347326 -0.999364 0 -0.156482 -0.397182 0.534383 1 
0.999122 -0.0411367 0.00662267 0 -0.0408805 -0.99854 -0.035028 0 0.00805409 0.0347272 -0.999364 0 -0.156483 -0.397182 0.534386 1 
0.999122 -0.041137 0.00662407 0 -0.0408808 -0.99854 -0.0350334 0 0.00805573 0.0347325 -0.999364 0 -0.156483 -0.397181 0.534384 1 
0.999122 -0.0411441 0.00662475 0 -0.0408879 -0.99854 -0.0350317 0 0.00805658 0.0347307 -0.999364 0 -0.156485 -0.397181 0.534383 1 
0.999122 -0.0411435 0.00662326 0 -0.0408874 -0.99854 -0.0350254 0 0.00805482 0.0347245 -0.999364 0 -0.156487 -0.397181 0.534386 1 
0.999122 -0.0411414 0.00662528 0 -0.0408851 -0.99854 -0.0350311 0 0.00805699 0.0347301 -0.999364 0 -0.156485 -0.397181 0.534384 1 
0.999122 -0.0411364 0.00662593 0 -0.0408801 -0.99854 -0.0350327 0 0.00805754 0.0347318 -0.999364 0 -0.156483 -0.397181 0.534384 1 
0.999122 -0.0411426 0.00662271 0 -0.0408864 -0.99854 -0.0350275 0 0.00805432 0.0347266 -0.999364 0 -0.156485 -0.397182 0.534386 1 
0.999122 -0.0411449 0.00662548 0 -0.0408887 -0.99854 -0.0350299 0 0.00805726 0.0347289 -0.999364 0 -0.156485 -0.39718 0.534385 1 
0.999122 -0.0411407 0.00662384 0 -0.0408845 -0.99854 -0.0350308 0 0.00805551 0.0347299 -0.999364 0 -0.156484 -0.397181 0.534385 1 
0.999122 -0.0411354 0.00662521 0 -0.0408791 -0.99854 -0.0350324 0 0.00805676 0.0347314 -0.999364 0 -0.156482 -0.397182 0.534384 1 
0.999122 -0.0411395 0.00662351 0 -0.0408833 -0.99854 -0.0350296 0 0.00805509 0.0347287 -0.999364 0 -0.156485 -0.397181 0.534386 1 
0.999122 -0.04114 0.00662488 0 -0.0408838 -0.99854 -0.0350314 0 0.00805656 0.0347305 -0.999364 0 -0.156484 -0.397182 0.534384 1 
0.999122 -0.0411394 0.00662292 0 -0.0408833 -0.99854 -0.0350283 0 0.00805445 0.0347275 -0.999364 0 -0.156484 -0.397181 0.534386 1 
0.999122 -0.0411399 0.00662456 0 -0.0408836 -0.99854 -0.0350309 0 0.00805621 0.03473 -0.999364 0 -0.156484 -0.397181 0.534385 1 
0.999122 -0.0411461 0.00662308 0 -0.04089 -0.99854 -0.0350306 0 0.00805493 0.0347296 -0.999364 0 -0.156486 -0.397181 0.534384 1 
0.999122 -0.0411363 0.00662162 0 -0.0408802 -0.99854 -0.035028 0 0.00805303 0.0347272 -0.999364 0 -0.156484 -0.397182 0.534386 1 
0.999122 -0.041134 0.00662374 0 -0.0408778 -0.99854 -0.0350322 0 0.00805524 0.0347314 -0.999364 0 -0.156484 -0.397182 0.534384 1 
0.999122 -0.0411461 0.00662015 0 -0.0408901 -0.99854 -0.0350244 0 0.00805175 0.0347236 -0.999365 0 -0.156486 -0.397181 0.534387 1 
0.999122 -0.0411388 0.00662447 0 -0.0408826 -0.99854 -0.0350295 0 0.00805603 0.0347286 -0.999364 0 -0.156484 -0.397181 0.534386 1 
0.999122 -0.0411329 0.00662126 0 -0.0408768 -0.99854 -0.0350267 0 0.0080525 0.0347259 -0.999364 0 -0.156484 -0.397183 0.534385 1 
0.999122 -0.0411364 0.00662708 0 -0.0408801 -0.99854 -0.0350355 0 0.0080588 0.0347345 -0.999364 0 -0.156483 -0.397182 0.534382 1 
0.999122 -0.0411359 0.00662433 0 -0.0408797 -0.99854 -0.0350272 0 0.00805569 0.0347263 -0.999364 0 -0.156483 -0.397182 0.534385 1 
0.999122 -0.0411382 0.00662311 0 -0.0408821 -0.99854 -0.0350287 0 0.00805462 0.0347278 -0.999364 0 -0.156484 -0.397183 0.534384 1 
0.999122 -0.0411407 0.00662412 0 -0.0408845 -0.99854 -0.0350278 0 0.00805567 0.0347268 -0.999364 0 -0.156484 -0.397182 0.534386 1 
0.999122 -0.041141 0.00662595 0 -0.0408847 -0.99854 -0.0350327 0 0.00805771 0.0347317 -0.999364 0 -0.156484 -0.397182 0.534384 1 
0.999122 -0.0411419 0.00662298 0 -0.0408858 -0.99854 -0.0350244 0 0.00805443 0.0347235 -0.999365 0 -0.156487 -0.397181 0.534387 1 
0.999122 -0.0411366 0.0066257 0 -0.0408804 -0.99854 -0.0350315 0 0.00805726 0.0347306 -0.999364 0 -0.156485 -0.397181 0.534385 1 
0.999122 -0.0411374 0.0066246 0 -0.0408812 -0.99854 -0.035029 0 0.00805608 0.0347281 -0.999364 0 -0.156484 -0.397182 0.534386 1 
0.999122 -0.0411455 0.00662345 0 -0.0408893 -0.99854 -0.0350282 0 0.00805519 0.0347273 -0.999364 0 -0.156485 -0.397181 0.534386 1 
0.999122 -0.0411421 0.00662433 0 -0.0408859 -0.99854 -0.03503 0 0.00805602 0.034729 -0.999364 0 -0.156484 -0.397182 0.534385 1 
0.999122 -0.0411388 0.00662464 0 -0.0408826 -0.99854 -0.0350311 0 0.00805626 0.0347301 -0.999364 0 -0.156484 -0.397181 0.534384 1 
0.999122 -0.041138 0.00662288 0 -0.0408819 -0.99854 -0.0350278 0 0.00805434 0.034727 -0.999364 0 -0.156484 -0.397181 0.534386 1 
0.999122 -0.0411439 0.00662362 0 -0.0408877 -0.99854 -0.0350323 0 0.00805547 0.0347314 -0.999364 0 -0.156484 -0.397181 0.534385 1 
0.999122 -0.041142 0.00662404 0 -0.0408858 -0.99854 -0.0350332 0 0.00805586 0.0347323 -0.999364 0 -0.156485 -0.39718 0.534384 1 
0.999122 -0.041141 0.00662387 0 -0.0408848 -0.99854 -0.0350309 0 0.00805556 0.03473 -0.999364 0 -0.156484 -0.397181 0.534385 1 
0.999122 -0.0411379 0.00662389 0 -0.0408817 -0.99854 -0.0350313 0 0.00805549 0.0347305 -0.999364 0 -0.156483 -0.397182 0.534384 1 
0.999122 -0.0411361 0.0066229 0 -0.0408799 -0.99854 -0.0350318 0 0.00805446 0.0347309 -0.999364 0 -0.156483 -0.397181 0.534385 1 
0.999122 -0.0411386 0.00662439 0 -0.0408824 -0.99854 -0.0350325 0 0.00805606 0.0347316 -0.999364 0 -0.156483 -0.397181 0.534384 1 
0.999122 -0.0411385 0.00662526 0 -0.0408823 -0.99854 -0.0350309 0 0.00805686 0.0347299 -0.999364 0 -0.156483 -0.397181 0.534385 1 
0.999122 -0.0411437 0.0066237 0 -0.0408875 -0.99854 -0.0350308 0 0.00805548 0.0347299 -0.999364 0 -0.156484 -0.397181 0.534385 1 
0.999122 -0.0411424 0.00662428 0 -0.0408862 -0.99854 -0.0350301 0 0.00805599 0.0347291 -0.999364 0 -0.156484 -0.397181 0.534386 1 
0.999122 -0.0411389 0.00662027 0 -0.0408828 -0.99854 -0.0350287 0 0.0080518 0.034728 -0.999364 0 -0.156484 -0.397183 0.534386 1 
0.999122 -0.0411415 0.00662307 0 -0.0408853 -0.99854 -0.0350295 0 0.00805472 0.0347286 -0.999364 0 -0.156484 -0.397181 0.534386 1 
0.999122 -0.0411381 0.0066189 0 -0.0408822 -0.99854 -0.0350185 0 0.00804999 0.0347178 -0.999365 0 -0.156485 -0.397182 0.534389 1 
0.999122 -0.0411454 0.00662445 0 -0.0408891 -0.99854 -0.0350304 0 0.00805628 0.0347294 -0.999364 0 -0.156486 -0.397181 0.534384 1 
0.999122 -0.0411414 0.00662395 0 -0.0408852 -0.99854 -0.0350269 0 0.00805549 0.034726 -0.999364 0 -0.156486 -0.397181 0.534386 1 
0.999121 -0.0411496 0.0066251 0 -0.0408934 -0.99854 -0.0350303 0 0.00805707 0.0347293 -0.999364 0 -0.156489 -0.397181 0.534384 1 
0.999121 -0.0411519 0.00662723 0 -0.0408955 -0.998539 -0.035039 0 0.00805962 0.0347379 -0.999364 0 -0.156487 -0.397179 0.534381 1 
0.999122 -0.0411426 0.00662345 0 -0.0408863 -0.99854 -0.0350341 0 0.00805533 0.0347332 -0.999364 0 -0.156483 -0.397181 0.534384 1 
0.999121 -0.0411482 0.00662352 0 -0.040892 -0.99854 -0.0350308 0 0.00805545 0.0347298 -0.999364 0 -0.156485 -0.39718 0.534385 1 
0.999121 -0.0411477 0.00662555 0 -0.0408914 -0.99854 -0.0350316 0 0.0080575 0.0347306 -0.999364 0 -0.156488 -0.397181 0.534383 1 
0.999121 -0.0411474 0.00662686 0 -0.040891 -0.99854 -0.0350314 0 0.00805879 0.0347303 -0.999364 0 -0.156489 -0.397181 0.534384 1 
0.999121 -0.0411534 0.00662645 0 -0.0408971 -0.998539 -0.0350309 0 0.00805857 0.0347298 -0.999364 0 -0.156489 -0.397179 0.534385 1 
0.999122 -0.0411304 0.00661871 0 -0.0408744 -0.998541 -0.0350246 0 0.00804978 0.034724 -0.999365 0 -0.156478 -0.397184 0.534387 1 
0.999122 -0.0411253 0.00661894 0 -0.0408693 -0.998541 -0.0350227 0 0.00804976 0.0347222 -0.999365 0 -0.156478 -0.397184 0.534388 1 
0.999122 -0.0411245 0.00661583 0 -0.0408686 -0.998541 -0.0350188 0 0.00804646 0.0347183 -0.999365 0 -0.156476 -0.397185 0.534391 1 
0.999123 -0.0411227 0.00661596 0 -0.0408669 -0.998541 -0.0350228 0 0.0080467 0.0347224 -0.999365 0 -0.156475 -0.397186 0.534389 1 
0.999123 -0.0411067 0.00661913 0 -0.0408506 -0.998541 -0.0350315 0 0.00804965 0.034731 -0.999364 0 -0.156472 -0.397188 0.534385 1 
0.999124 -0.0410939 0.00661854 0 -0.0408378 -0.998541 -0.0350447 0 0.00804917 0.0347444 -0.999364 0 -0.156465 -0.397193 0.53438 1 
0.999121 -0.0411637 0.00662509 0 -0.0409074 -0.998539 -0.0350297 0 0.00805751 0.0347285 -0.999364 0 -0.156496 -0.397182 0.534382 1 
0.999116 -0.0412782 0.00665418 0 -0.0410207 -0.998534 -0.0350412 0 0.00809102 0.034738 -0.999364 0 -0.156549 -0.397166 0.534373 1 
0.999111 -0.0413847 0.00666588 0 -0.0411265 -0.998528 -0.0350778 0 0.00810791 0.0347731 -0.999362 0 -0.156595 -0.39715 0.534358 1 
0.99911 -0.0414212 0.00666469 0 -0.0411631 -0.998527 -0.0350753 0 0.00810789 0.0347704 -0.999362 0 -0.156606 -0.397144 0.534359 1 
0.99911 -0.041417 0.00665529 0 -0.0411594 -0.998528 -0.0350453 0 0.00809712 0.0347408 -0.999364 0 -0.156606 -0.397144 0.534371 1 
0.99911 -0.0414146 0.00666065 0 -0.0411567 -0.998528 -0.0350626 0 0.0081031 0.034758 -0.999363 0 -0.156603 -0.397144 0.534365 1 
0.999108 -0.0414634 0.00667941 0 -0.0412046 -0.998525 -0.0350876 0 0.00812457 0.0347818 -0.999362 0 -0.156628 -0.397137 0.534352 1 
0.999107 -0.0414954 0.0066859 0 -0.0412364 -0.998523 -0.0350887 0 0.00813221 0.0347824 -0.999362 0 -0.156638 -0.397132 0.534349 1 
0.999107 -0.0414795 0.00668227 0 -0.0412206 -0.998524 -0.0350881 0 0.008128 0.034782 -0.999362 0 -0.156634 -0.397134 0.53435 1 
0.99911 -0.0414103 0.00668192 0 -0.0411513 -0.998526 -0.0351155 0 0.00812637 0.03481 -0.999361 0 -0.156608 -0.397148 0.534339 1 
0.999112 -0.0413613 0.0066917 0 -0.0411016 -0.998526 -0.035161 0 0.0081363 0.0348554 -0.999359 0 -0.156588 -0.397157 0.534319 1 
0.999113 -0.0413401 0.00669827 0 -0.0410799 -0.998526 -0.0351921 0 0.0081434 0.0348863 -0.999358 0 -0.156579 -0.397164 0.534308 1 
0.999114 -0.0413191 0.00670387 0 -0.0410585 -0.998526 -0.0352153 0 0.00814921 0.0349095 -0.999357 0 -0.156568 -0.397164 0.534299 1 
0.999116 -0.0412723 0.00671812 0 -0.0410108 -0.998526 -0.0352734 0 0.00816419 0.0349673 -0.999355 0 -0.156548 -0.397172 0.534274 1 
0.999116 -0.0412476 0.00675854 0 -0.0409836 -0.998523 -0.0354029 0 0.008209 0.0350953 -0.99935 0 -0.156536 -0.397179 0.534218 1 
0.999114 -0.0412942 0.00679608 0 -0.0410284 -0.998519 -0.0354552 0 0.00825027 0.0351457 -0.999348 0 -0.156568 -0.397203 0.534181 1 
0.99911 -0.0414302 0.0065189 0 -0.0411805 -0.998541 -0.0346489 0 0.00794505 0.0343503 -0.999378 0 -0.156714 -0.397386 0.534208 1 
0.999107 -0.041575 0.0061141 0 -0.0413477 -0.998573 -0.0335047 0 0.00749848 0.0332226 -0.99942 0 -0.156889 -0.397642 0.534267 1 
0.999109 -0.0415899 0.00570605 0 -0.0413844 -0.99861 -0.0323436 0 0.00704343 0.0320793 -0.999461 0 -0.157029 -0.397953 0.534301 1 
0.999107 -0.0416822 0.00528109 0 -0.0414983 -0.998644 -0.0311229 0 0.00657133 0.0308766 -0.999502 0 -0.157229 -0.39833 0.534279 1 
0.999098 -0.041954 0.00497681 0 -0.0417848 -0.998659 -0.0302618 0 0.00623985 0.0300271 -0.99953 0 -0.157498 -0.398666 0.534166 1 
0.999081 -0.0423509 0.00487185 0 -0.0421865 -0.998651 -0.0299566 0 0.00613408 0.0297241 -0.999539 0 -0.157831 -0.399011 0.533848 1 
0.999071 -0.0425947 0.00495316 0 -0.0424265 -0.998635 -0.0301598 0 0.00623116 0.0299222 -0.999533 0 -0.158127 -0.399444 0.533224 1 
0.999064 -0.0427276 0.00510035 0 -0.0425522 -0.998616 -0.0306059 0 0.00640113 0.0303608 -0.999519 0 -0.158445 -0.400045 0.532277 1 
0.99906 -0.0427714 0.00548378 0 -0.0425773 -0.998583 -0.0316354 0 0.00682923 0.0313727 -0.999484 0 -0.15876 -0.400755 0.531034 1 
0.999058 -0.042732 0.00620106 0 -0.0425001 -0.99852 -0.0336552 0 0.00763018 0.0333605 -0.999414 0 -0.159071 -0.401547 0.529381 1 
0.999052 -0.042765 0.0069148 0 -0.0424914 -0.998446 -0.0357956 0 0.00843502 0.0354685 -0.999335 0 -0.159503 -0.402532 0.527436 1 
0.999042 -0.0428791 0.00755376 0 -0.0425617 -0.998358 -0.0380899 0 0.0091748 0.0377326 -0.999246 0 -0.160083 -0.403682 0.525187 1 
0.999036 -0.0430025 0.00766627 0 -0.0426693 -0.998305 -0.0393249 0 0.00934453 0.0389606 -0.999197 0 -0.160866 -0.405221 0.52278 1 
0.999034 -0.0431252 0.00714882 0 -0.0428119 -0.998299 -0.0393405 0 0.00883339 0.0389972 -0.9992 0 -0.161826 -0.407079 0.520311 1 
0.999036 -0.0431977 0.00644161 0 -0.0429111 -0.99829 -0.0394489 0 0.00813486 0.0391352 -0.999201 0 -0.162916 -0.409156 0.517472 1 
0.999045 -0.0431345 0.00540084 0 -0.0428871 -0.998282 -0.0396739 0 0.00710301 0.0394051 -0.999198 0 -0.1643 -0.411829 0.513802 1 
0.999063 -0.0429415 0.00329756 0 -0.0427781 -0.998294 -0.0395009 0 0.00498826 0.0393236 -0.999214 0 -0.165869 -0.41457 0.510225 1 
0.999081 -0.0426361 -5.20686e-05 0 -0.0426064 -0.998339 -0.0385309 0 0.00159085 0.0384984 -0.999257 0 -0.167636 -0.417341 0.506832 1 
0.999089 -0.0422906 -0.00369748 0 -0.0424013 -0.998358 -0.0382568 0 -0.00207354 0.0383795 -0.999261 0 -0.169597 -0.420373 0.502765 1 
0.99908 -0.0419915 -0.00753283 0 -0.0422491 -0.99837 -0.0381263 0 -0.00591969 0.0384102 -0.999245 0 -0.171764 -0.423687 0.49821 1 
0.999056 -0.0415518 -0.0119006 0 -0.0419696 -0.998412 -0.0373273 0 -0.0103309 0.0377923 -0.999232 0 -0.174057 -0.427182 0.493525 1 
0.999012 -0.0413661 -0.0156083 0 -0.041926 -0.99841 -0.0374341 0 -0.0140352 0.0380522 -0.999177 0 -0.176225 -0.430624 0.488584 1 
0.998938 -0.0416411 -0.0192207 0 -0.0423378 -0.998394 -0.037388 0 -0.0176333 0.0381628 -0.999116 0 -0.178492 -0.434306 0.483415 1 
0.998864 -0.0416199 -0.0227989 0 -0.0424325 -0.998426 -0.0363987 0 -0.0212485 0.0373255 -0.999077 0 -0.180612 -0.437855 0.478713 1 
0.998802 -0.041496 -0.0255732 0 -0.0424251 -0.998407 -0.0369262 0 -0.0240006 0.0379676 -0.998991 0 -0.182787 -0.441717 0.473072 1 
0.998716 -0.0419446 -0.028064 0 -0.0429566 -0.998401 -0.0364851 0 -0.0264893 0.0376446 -0.99894 0 -0.18486 -0.445587 0.467835 1 
0.998646 -0.0422791 -0.0299789 0 -0.0433671 -0.998378 -0.0366216 0 -0.0283825 0.0378729 -0.998879 0 -0.186835 -0.449418 0.462432 1 
0.998594 -0.0422953 -0.0316603 0 -0.0434542 -0.998366 -0.0368565 0 -0.0300502 0.0381812 -0.998819 0 -0.188828 -0.453372 0.456875 1 
0.998563 -0.0423195 -0.032594 0 -0.0435308 -0.998342 -0.0373966 0 -0.0309579 0.0387624 -0.998769 0 -0.190656 -0.457451 0.451052 1 
0.998523 -0.0427707 -0.0332268 0 -0.0440037 -0.998325 -0.0373074 0 -0.0315761 0.0387152 -0.998751 0 -0.192428 -0.461382 0.445571 1 
0.998493 -0.0431516 -0.0336108 0 -0.0444146 -0.998289 -0.0377849 0 -0.0319234 0.0392215 -0.99872 0 -0.194246 -0.46553 0.439561 1 
0.998471 -0.0433965 -0.0339622 0 -0.0446471 -0.998309 -0.036974 0 -0.0323009 0.0384345 -0.998739 0 -0.196077 -0.469741 0.433709 1 
0.99849 -0.0430661 -0.0338248 0 -0.0443066 -0.998329 -0.0368227 0 -0.0321831 0.0382665 -0.998749 0 -0.197746 -0.473877 0.42761 1 
0.998494 -0.0429181 -0.0338989 0 -0.044114 -0.998391 -0.035356 0 -0.0323275 0.0367989 -0.9988 0 -0.199532 -0.478142 0.421594 1 
0.998524 -0.0424126 -0.0336425 0 -0.0435756 -0.99844 -0.0346265 0 -0.0321221 0.0360421 -0.998834 0 -0.201291 -0.48254 0.414818 1 
0.998534 -0.042057 -0.0337779 0 -0.0431652 -0.99852 -0.0327774 0 -0.0323501 0.0341881 -0.998892 0 -0.203079 -0.486819 0.408536 1 
0.998552 -0.0415869 -0.0338438 0 -0.0426385 -0.998601 -0.0309649 0 -0.0325094 0.0323637 -0.998947 0 -0.204903 -0.491309 0.401639 1 
0.998568 -0.04106 -0.0340174 0 -0.0420472 -0.99869 -0.0288343 0 -0.0327895 0.0302239 -0.999005 0 -0.206641 -0.495712 0.394857 1 
0.998581 -0.0404894 -0.0343201 0 -0.0414015 -0.998787 -0.026295 0 -0.0332145 0.0276791 -0.999065 0 -0.208342 -0.500113 0.388062 1 
0.998607 -0.0398614 -0.0343028 0 -0.0407183 -0.998857 -0.0246564 0 -0.0332814 0.0260193 -0.999107 0 -0.209893 -0.504268 0.381071 1 
0.998612 -0.0393086 -0.0347906 0 -0.0400663 -0.998959 -0.021358 0 -0.0339155 0.0227228 -0.999166 0 -0.211702 -0.508937 0.373676 1 
0.998631 -0.0387243 -0.0348909 0 -0.039411 -0.999029 -0.0192131 0 -0.0341137 0.0205623 -0.999206 0 -0.213231 -0.513125 0.366366 1 
0.998633 -0.0385303 -0.0350517 0 -0.0391445 -0.999079 -0.017007 0 -0.0343648 0.0183561 -0.999241 0 -0.214632 -0.516995 0.359541 1 
0.998608 -0.0388443 -0.0354097 0 -0.0393633 -0.999116 -0.01408 0 -0.0348322 0.0154545 -0.999274 0 -0.216157 -0.521133 0.352234 1 
0.998577 -0.0396962 -0.0353306 0 -0.0401547 -0.999107 -0.012364 0 -0.034809 0.0137654 -0.999299 0 -0.217448 -0.524963 0.344818 1 
0.998447 -0.042538 -0.035718 0 -0.0428984 -0.999026 -0.00938284 0 -0.0352847 0.0109007 -0.999318 0 -0.218752 -0.528667 0.338061 1 
0.9983 -0.0459037 -0.0356408 0 -0.0462076 -0.998892 -0.00774978 0 -0.0352462 0.00938367 -0.999335 0 -0.219895 -0.532065 0.331174 1 
0.998204 -0.0481006 -0.0354506 0 -0.0483571 -0.9988 -0.00641277 0 -0.0351002 0.00811569 -0.999351 0 -0.220945 -0.535333 0.324322 1 
0.998154 -0.0493595 -0.0351038 0 -0.0495877 -0.998744 -0.00566046 0 -0.0347809 0.00739087 -0.999368 0 -0.221834 -0.538263 0.317817 1 
0.998135 -0.0502017 -0.0344486 0 -0.0504295 -0.998701 -0.00577554 0 -0.0341146 0.00750214 -0.99939 0 -0.222583 -0.541165 0.310946 1 
0.998127 -0.0506434 -0.034022 0 -0.050851 -0.998683 -0.00526358 0 -0.0337113 0.00698392 -0.999407 0 -0.223343 -0.543959 0.304634 1 
0.998172 -0.0504244 -0.033033 0 -0.0506619 -0.998686 -0.00639055 0 -0.032668 0.00805254 -0.999434 0 -0.223882 -0.546476 0.297783 1 
0.9982 -0.0503216 -0.0323445 0 -0.0505608 -0.998689 -0.00661957 0 -0.0319696 0.00824318 -0.999455 0 -0.224476 -0.549036 0.291551 1 
0.998229 -0.0504402 -0.0312332 0 -0.0507199 -0.998669 -0.00822838 0 -0.0307771 0.00979813 -0.999478 0 -0.224915 -0.551344 0.285082 1 
0.998203 -0.0512977 -0.0306462 0 -0.0515789 -0.998623 -0.0084584 0 -0.0301707 0.0100241 -0.999494 0 -0.225354 -0.553694 0.279515 1 
0.998161 -0.0528087 -0.029453 0 -0.0531379 -0.998522 -0.0105071 0 -0.0288552 0.0120531 -0.999511 0 -0.225663 -0.555774 0.273424 1 
0.998098 -0.054461 -0.0285544 0 -0.0548188 -0.998416 -0.0118996 0 -0.0278616 0.0134425 -0.999521 0 -0.225859 -0.5578 0.26815 1 
0.998007 -0.0567868 -0.0271561 0 -0.0572043 -0.998242 -0.0148519 0 -0.0262655 0.016376 -0.999521 0 -0.226041 -0.559574 0.26234 1 
0.997908 -0.0589675 -0.0261289 0 -0.0594176 -0.998082 -0.0167996 0 -0.0250886 0.0183173 -0.999517 0 -0.226192 -0.561512 0.257205 1 
0.997791 -0.061406 -0.0249558 0 -0.0618929 -0.997888 -0.0192281 0 -0.0237229 0.0207307 -0.999504 0 -0.226433 -0.56328 0.251756 1 
0.997713 -0.0630182 -0.0240516 0 -0.0635266 -0.99775 -0.0209898 0 -0.0226752 0.0224701 -0.99949 0 -0.226582 -0.565051 0.247142 1 
0.997632 -0.0647666 -0.022704 0 -0.0653137 -0.997561 -0.0242443 0 -0.0210788 0.0256703 -0.999448 0 -0.226733 -0.566503 0.242132 1 
0.997514 -0.0669111 -0.0216593 0 -0.0674789 -0.997355 -0.0266389 0 -0.0198199 0.0280348 -0.99941 0 -0.226916 -0.568105 0.237567 1 
0.997399 -0.069014 -0.020326 0 -0.0696056 -0.997114 -0.0299994 0 -0.0181973 0.0313368 -0.999343 0 -0.22707 -0.569521 0.232583 1 
0.997342 -0.0701702 -0.0191392 0 -0.0707745 -0.996938 -0.0329703 0 -0.0167674 0.0342379 -0.999273 0 -0.227183 -0.570882 0.228111 1 
0.997314 -0.07096 -0.0176088 0 -0.0715725 -0.996739 -0.0370054 0 -0.0149257 0.0381671 -0.99916 0 -0.227334 -0.572326 0.223064 1 
0.997278 -0.0718139 -0.0161344 0 -0.0724227 -0.996522 -0.0409941 0 -0.0131346 0.0420518 -0.999029 0 -0.227544 -0.573592 0.218354 1 
0.997242 -0.0725999 -0.014771 0 -0.0731939 -0.996305 -0.0447101 0 -0.0114707 0.0456688 -0.998891 0 -0.227732 -0.574873 0.214002 1 
0.997223 -0.0731752 -0.0131532 0 -0.0737391 -0.99605 -0.0492796 0 -0.00949536 0.0501136 -0.998698 0 -0.227893 -0.575913 0.20931 1 
0.997238 -0.0731915 -0.011828 0 -0.0737181 -0.995866 -0.0528874 0 -0.00790835 0.0536143 -0.99853 0 -0.228143 -0.577205 0.205221 1 
0.997277 -0.0729028 -0.0102148 0 -0.0733706 -0.995647 -0.0573075 0 -0.0059926 0.057902 -0.998304 0 -0.228404 -0.578387 0.200523 1 
0.997312 -0.0725596 -0.00914667 0 -0.0729793 -0.995517 -0.0600119 0 -0.00475131 0.0605193 -0.998156 0 -0.228696 -0.579768 0.196747 1 
0.997346 -0.072228 -0.00808653 0 -0.0725933 -0.995391 -0.0625089 0 -0.00353443 0.0629312 -0.998012 0 -0.229051 -0.581285 0.192415 1 
0.997379 -0.0718335 -0.00745308 0 -0.0721629 -0.995354 -0.0635932 0 -0.00285038 0.0639656 -0.997948 0 -0.229468 -0.583068 0.188489 1 
0.997404 -0.0714995 -0.00728424 0 -0.0718175 -0.995408 -0.0631335 0 -0.00273683 0.063494 -0.997978 0 -0.23 -0.585052 0.185024 1 
0.997429 -0.0711847 -0.0069989 0 -0.0714845 -0.995448 -0.0628818 0 -0.00249087 0.0632216 -0.997996 0 -0.23055 -0.587048 0.180985 1 
0.99745 -0.0708804 -0.00705477 0 -0.0711811 -0.995549 -0.0616149 0 -0.00265613 0.0619612 -0.998075 0 -0.231147 -0.589153 0.17758 1 
0.997465 -0.0706915 -0.00690295 0 -0.0709815 -0.995603 -0.0609739 0 -0.00256231 0.0613105 -0.998115 0 -0.231732 -0.591019 0.173757 1 
0.997474 -0.0705348 -0.00715369 0 -0.0708349 -0.995729 -0.0590498 0 -0.00295812 0.0594085 -0.998229 0 -0.23244 -0.593139 0.170352 1 
0.997473 -0.0705562 -0.00705534 0 -0.0708484 -0.99577 -0.0583357 0 -0.00290961 0.0586893 -0.998272 0 -0.233132 -0.594934 0.166708 1 
0.997473 -0.0705976 -0.00662662 0 -0.0708655 -0.995745 -0.05875 0 -0.00245086 0.0590723 -0.998251 0 -0.233716 -0.596408 0.16272 1 
0.997475 -0.0705742 -0.00662869 0 -0.0708398 -0.995806 -0.0577396 0 -0.002526 0.0580645 -0.99831 0 -0.234349 -0.598133 0.159382 1 
0.997482 -0.0704879 -0.00640672 0 -0.0707398 -0.995836 -0.0573391 0 -0.00233837 0.0576491 -0.998334 0 -0.234878 -0.599679 0.155369 1 
0.997494 -0.0703402 -0.00627541 0 -0.0705835 -0.99588 -0.0567645 0 -0.00225677 0.0570663 -0.998368 0 -0.235335 -0.601161 0.15194 1 
0.997502 -0.0702425 -0.00606645 0 -0.0704735 -0.995903 -0.0564892 0 -0.00207369 0.0567767 -0.998385 0 -0.235805 -0.602592 0.14837 1 
0.997512 -0.0701427 -0.005614 0 -0.070349 -0.995884 -0.056988 0 -0.00159362 0.0572423 -0.998359 0 -0.236196 -0.603823 0.144305 1 
0.997519 -0.0700423 -0.00557371 0 -0.0702451 -0.995936 -0.0561897 0 -0.00161544 0.0564429 -0.998405 0 -0.236684 -0.605329 0.140992 1 
0.997521 -0.0700157 -0.00543895 0 -0.0702103 -0.995965 -0.0557193 0 -0.0015158 0.0559642 -0.998432 0 -0.237172 -0.606666 0.137474 1 
0.997526 -0.0699835 -0.00505048 0 -0.0701568 -0.995948 -0.0560988 0 -0.00110405 0.0563154 -0.998412 0 -0.23759 -0.607841 0.133709 1 
0.997526 -0.0699946 -0.00488276 0 -0.0701582 -0.995962 -0.0558379 0 -0.000954704 0.0560434 -0.998428 0 -0.238066 -0.609126 0.130479 1 
0.997524 -0.0700455 -0.00456386 0 -0.0701913 -0.995951 -0.0559928 0 -0.000623356 0.0561755 -0.998421 0 -0.238526 -0.610293 0.12676 1 
0.997526 -0.0700183 -0.00448808 0 -0.0701595 -0.99599 -0.0553457 0 -0.00059488 0.0555247 -0.998457 0 -0.23899 -0.611579 0.123343 1 
0.997528 -0.0699815 -0.00459727 0 -0.0701278 -0.996059 -0.0541149 0 -0.000792134 0.0543045 -0.998524 0 -0.239487 -0.61299 0.120288 1 
0.997529 -0.0699908 -0.00424268 0 -0.0701181 -0.996042 -0.0544503 0 -0.000414868 0.0546143 -0.998507 0 -0.239826 -0.613917 0.116763 1 
0.997528 -0.0700245 -0.00396959 0 -0.0701368 -0.996032 -0.0546012 0 -0.00013042 0.0547457 -0.9985 0 -0.240194 -0.614897 0.113504 1 
0.997523 -0.0700999 -0.00377186 0 -0.0702013 -0.996026 -0.0546272 0 7.24942e-05 0.0547578 -0.9985 0 -0.240625 -0.615956 0.110666 1 
0.997517 -0.0702122 -0.00331049 0 -0.0702877 -0.995974 -0.0554708 0 0.000597582 0.0555669 -0.998455 0 -0.24099 -0.616788 0.107358 1 
0.99751 -0.0703362 -0.00283838 0 -0.0703841 -0.995911 -0.0564561 0 0.00114415 0.0565164 -0.998401 0 -0.241353 -0.617586 0.104331 1 
0.997497 -0.0705341 -0.00247468 0 -0.0705601 -0.995859 -0.0571633 0 0.00156756 0.0571959 -0.998362 0 -0.24179 -0.618452 0.101744 1 
0.997482 -0.0707614 -0.0019936 0 -0.0707572 -0.995782 -0.0582421 0 0.00213614 0.0582376 -0.9983 0 -0.242192 -0.619187 0.0990024 1 
0.997469 -0.0709508 -0.0015186 0 -0.0709158 -0.995706 -0.0593375 0 0.00269801 0.0592961 -0.998237 0 -0.242587 -0.619968 0.0961802 1 
0.997456 -0.0711414 -0.00136026 0 -0.0710963 -0.995686 -0.0594585 0 0.00287563 0.0594051 -0.99823 0 -0.243097 -0.621031 0.093956 1 
0.997437 -0.0714052 -0.00112803 0 -0.0713446 -0.995644 -0.0598563 0 0.003151 0.0597846 -0.998206 0 -0.243605 -0.621961 0.0917751 1 
0.997419 -0.0716641 -0.000660666 0 -0.071571 -0.99556 -0.0609731 0 0.00371192 0.0608642 -0.998139 0 -0.244056 -0.622736 0.0891227 1 
0.997402 -0.0719023 -0.00039041 0 -0.0717902 -0.995513 -0.0614955 0 0.00403309 0.0613649 -0.998107 0 -0.244563 -0.623672 0.0869093 1 
0.997388 -0.0720902 -0.000312394 0 -0.0719729 -0.995499 -0.0615045 0 0.00412297 0.0613676 -0.998107 0 -0.245124 -0.624758 0.0850812 1 
0.997373 -0.0722969 -3.89785e-05 0 -0.0721599 -0.995449 -0.0620854 0 0.00444987 0.0619264 -0.998071 0 -0.245627 -0.62567 0.0828889 1 
0.997365 -0.0724176 0.000331395 0 -0.0722531 -0.995388 -0.0629547 0 0.00488899 0.062766 -0.998016 0 -0.246067 -0.626464 0.0805557 1 
0.997367 -0.0723884 0.000419295 0 -0.0722181 -0.995385 -0.0630442 0 0.00498113 0.0628491 -0.998011 0 -0.246552 -0.627427 0.0788135 1 
0.997392 -0.0720431 0.00032258 0 -0.0718809 -0.995427 -0.0627551 0 0.00484227 0.0625695 -0.998029 0 -0.247098 -0.628508 0.0773036 1 
0.997452 -0.0712061 0.000330171 0 -0.0710437 -0.99547 -0.0630364 0 0.00481734 0.0628535 -0.998011 0 -0.247658 -0.629498 0.0752802 1 
0.99752 -0.0702411 0.000369927 0 -0.0700747 -0.995494 -0.0637365 0 0.00484527 0.0635538 -0.997967 0 -0.248089 -0.630246 0.0732117 1 
0.997592 -0.0692201 0.000121153 0 -0.0690717 -0.995564 -0.0637349 0 0.00453244 0.0635743 -0.997967 0 -0.248576 -0.631266 0.0715019 1 
0.997646 -0.0684362 -0.000255221 0 -0.0683153 -0.995648 -0.0632347 0 0.00407351 0.0631045 -0.997999 0 -0.249131 -0.632429 0.0700919 1 
0.997674 -0.0680306 -0.000320994 0 -0.0679146 -0.995673 -0.0632671 0 0.00398457 0.0631429 -0.997997 0 -0.249677 -0.633447 0.0682058 1 
0.997694 -0.0677374 -0.000117481 0 -0.0676068 -0.995659 -0.063819 0 0.00420604 0.063681 -0.997961 0 -0.250041 -0.634162 0.0662235 1 
0.997717 -0.0673845 -5.19256e-05 0 -0.0672503 -0.995681 -0.0638607 0 0.0042516 0.0637196 -0.997959 0 -0.250448 -0.635003 0.0645926 1 
0.997734 -0.0671334 -0.000113879 0 -0.0670056 -0.995727 -0.0633944 0 0.00414257 0.0632597 -0.997989 0 -0.25092 -0.635962 0.0633151 1 
0.997734 -0.0671374 -0.000143998 0 -0.067013 -0.99575 -0.0630312 0 0.00408845 0.0628993 -0.998012 0 -0.25136 -0.636833 0.0620526 1 
0.997728 -0.0672258 2.03461e-05 0 -0.0670898 -0.995728 -0.0632826 0 0.00427457 0.0631387 -0.997996 0 -0.251729 -0.637542 0.0603251 1 
0.997735 -0.0671251 0.00023105 0 -0.0669743 -0.995712 -0.063668 0 0.00450387 0.0635096 -0.997971 0 -0.252028 -0.638114 0.0586873 1 
0.997753 -0.0668601 0.000327471 0 -0.0667035 -0.995728 -0.0636944 0 0.00458477 0.0635306 -0.997969 0 -0.252332 -0.638749 0.0573735 1 
0.997791 -0.0662844 0.000349542 0 -0.0661288 -0.995784 -0.0634239 0 0.00455217 0.0632619 -0.997987 0 -0.252685 -0.639517 0.0561592 1 
0.99782 -0.0658427 0.00037825 0 -0.0656873 -0.995828 -0.0631909 0 0.00453742 0.0630295 -0.998001 0 -0.253057 -0.640248 0.0549348 1 
0.997846 -0.0654551 0.000538495 0 -0.0652896 -0.995843 -0.0633623 0 0.00468373 0.0631918 -0.99799 0 -0.253366 -0.640794 0.0535383 1 
0.997903 -0.0645787 0.000852864 0 -0.0643922 -0.995865 -0.0639337 0 0.00497819 0.0637459 -0.997954 0 -0.253592 -0.64117 0.0519745 1 
0.997981 -0.0633527 0.00114822 0 -0.0631475 -0.995915 -0.0643927 0 0.00522308 0.0641914 -0.997924 0 -0.253801 -0.641551 0.0505425 1 
0.998027 -0.062617 0.00128452 0 -0.0624044 -0.99596 -0.0644266 0 0.00531364 0.0642206 -0.997922 0 -0.254054 -0.642072 0.049366 1 
0.998049 -0.0622754 0.00127497 0 -0.0620655 -0.995998 -0.0641656 0 0.00526591 0.0639625 -0.997938 0 -0.254312 -0.642675 0.0484237 1 
0.998078 -0.0618072 0.00120369 0 -0.0616052 -0.996056 -0.0636976 0 0.00513601 0.0635022 -0.997968 0 -0.254613 -0.643384 0.0475219 1 
0.998107 -0.0613264 0.00114503 0 -0.0611314 -0.996115 -0.0632391 0 0.0050189 0.0630507 -0.997998 0 -0.254939 -0.644088 0.0465849 1 
0.998124 -0.0610557 0.00118267 0 -0.0608595 -0.99614 -0.0631072 0 0.00503125 0.0629181 -0.998006 0 -0.255226 -0.644653 0.0454857 1 
0.998151 -0.0606122 0.00127527 0 -0.0604111 -0.996167 -0.0631031 0 0.0050953 0.0629106 -0.998006 0 -0.255437 -0.645151 0.0443832 1 
0.998196 -0.0598708 0.00131736 0 -0.0596695 -0.996224 -0.0629101 0 0.00507896 0.0627192 -0.998018 0 -0.255643 -0.645695 0.0434447 1 
0.998229 -0.0593157 0.00125668 0 -0.0591214 -0.996284 -0.0624804 0 0.00495817 0.0622966 -0.998045 0 -0.255878 -0.646277 0.0427302 1 
0.998274 -0.0585566 0.00112869 0 -0.058375 -0.996369 -0.0618249 0 0.00474494 0.0616535 -0.998086 0 -0.256185 -0.646956 0.0420789 1 
0.998349 -0.0572696 0.00103809 0 -0.0570988 -0.996481 -0.0612038 0 0.00453964 0.0610447 -0.998125 0 -0.256446 -0.647576 0.0415234 1 
0.998418 -0.0560455 0.000974243 0 -0.0558834 -0.996584 -0.0606425 0 0.00436974 0.0604933 -0.998159 0 -0.256678 -0.648161 0.0409648 1 
0.99847 -0.0551165 0.000949642 0 -0.0549595 -0.996662 -0.0602131 0 0.00426529 0.06007 -0.998185 0 -0.256853 -0.648707 0.0403331 1 
0.998504 -0.0545006 0.000966349 0 -0.0543443 -0.996705 -0.0600522 0 0.00423613 0.059911 -0.998195 0 -0.256949 -0.649129 0.039636 1 
0.998527 -0.0540741 0.00107166 0 -0.0539117 -0.996721 -0.0601808 0 0.00432246 0.0600356 -0.998187 0 -0.256961 -0.649403 0.0388875 1 
0.998555 -0.0535432 0.00121682 0 -0.0533723 -0.996739 -0.0603602 0 0.00444481 0.0602092 -0.998176 0 -0.256866 -0.649635 0.0382211 1 
0.99858 -0.0530705 0.00135643 0 -0.0528915 -0.996757 -0.0604851 0 0.0045621 0.0603286 -0.998168 0 -0.256671 -0.649879 0.0376713 1 
0.998601 -0.0526845 0.00137916 0 -0.0525046 -0.996775 -0.0605238 0 0.00456347 0.0603679 -0.998166 0 -0.256474 -0.650125 0.0372774 1 
0.998624 -0.0522463 0.0014197 0 -0.0520645 -0.996795 -0.0605852 0 0.00458058 0.060429 -0.998162 0 -0.25623 -0.650346 0.0369307 1 
0.998648 -0.0517668 0.00145736 0 -0.0515833 -0.996815 -0.0606635 0 0.00459316 0.0605075 -0.998157 0 -0.255947 -0.650541 0.036645 1 
0.998669 -0.051365 0.00148517 0 -0.0511801 -0.996831 -0.0607448 0 0.0046007 0.0605891 -0.998152 0 -0.255703 -0.650682 0.0364375 1 
0.998686 -0.0510428 0.00154587 0 -0.0508542 -0.996839 -0.0608855 0 0.00464885 0.0607281 -0.998144 0 -0.255507 -0.650752 0.0362488 1 
0.998707 -0.0506171 0.00161526 0 -0.0504243 -0.996851 -0.0610472 0 0.0047003 0.060888 -0.998134 0 -0.255354 -0.650789 0.0360637 1 
0.99873 -0.0501665 0.00168406 0 -0.0499697 -0.996866 -0.0611796 0 0.00474804 0.0610189 -0.998125 0 -0.255287 -0.650803 0.0358985 1 
0.998746 -0.0498496 0.00177884 0 -0.0496467 -0.99687 -0.0613634 0 0.00483231 0.0611993 -0.998114 0 -0.255262 -0.650781 0.035695 1 
0.998766 -0.0494364 0.00190825 0 -0.0492249 -0.996873 -0.0616583 0 0.00495054 0.0614894 -0.998095 0 -0.255245 -0.650726 0.0353957 1 
0.998799 -0.0487588 0.00205063 0 -0.0485384 -0.99689 -0.0619338 0 0.00506416 0.0617611 -0.998078 0 -0.255244 -0.650684 0.0350848 1 
0.998831 -0.0480818 0.00219026 0 -0.0478529 -0.996908 -0.0621708 0 0.00517287 0.0619946 -0.998063 0 -0.25523 -0.65068 0.0347546 1 
0.99884 -0.0478942 0.00229249 0 -0.0476583 -0.996906 -0.0623601 0 0.00527218 0.0621797 -0.998051 0 -0.255213 -0.650721 0.0343995 1 
0.998843 -0.0478327 0.00239163 0 -0.0475896 -0.996895 -0.0625811 0 0.00537773 0.0623961 -0.998037 0 -0.255192 -0.650777 0.0339726 1 
0.998851 -0.0476569 0.00248599 0 -0.0474072 -0.996892 -0.062767 0 0.00546965 0.0625782 -0.998025 0 -0.255148 -0.650883 0.033512 1 
0.998863 -0.0474003 0.00257642 0 -0.0471447 -0.996896 -0.0629083 0 0.0055504 0.0627165 -0.998016 0 -0.255073 -0.651047 0.0330134 1 
0.998875 -0.0471345 0.00267797 0 -0.0468728 -0.996906 -0.0629429 0 0.00563658 0.0627478 -0.998013 0 -0.254986 -0.651292 0.0324903 1 
0.998889 -0.0468327 0.00269939 0 -0.0465704 -0.996922 -0.0629213 0 0.00563796 0.0627269 -0.998015 0 -0.254935 -0.651624 0.0318585 1 
0.998904 -0.0465111 0.00272868 0 -0.0462479 -0.99694 -0.0628762 0 0.00564488 0.0626823 -0.998018 0 -0.254874 -0.651968 0.0312351 1 
0.998919 -0.046194 0.00276568 0 -0.045929 -0.996955 -0.062872 0 0.00566167 0.0626782 -0.998018 0 -0.254783 -0.652321 0.0305543 1 
0.998933 -0.0458956 0.0028126 0 -0.045628 -0.996965 -0.0629313 0 0.00569245 0.062737 -0.998014 0 -0.254663 -0.652635 0.0298881 1 
0.998948 -0.0455523 0.00284748 0 -0.045283 -0.996979 -0.0629557 0 0.00570677 0.0627617 -0.998012 0 -0.254516 -0.652965 0.0292606 1 
0.998961 -0.0452782 0.00284742 0 -0.0450098 -0.996995 -0.0628977 0 0.00568687 0.0627054 -0.998016 0 -0.254411 -0.653285 0.0287362 1 
0.998966 -0.0451578 0.00280232 0 -0.0448937 -0.997013 -0.0626948 0 0.00562522 0.0625054 -0.998029 0 -0.25442 -0.653608 0.0283245 1 
0.998966 -0.0451604 0.0027277 0 -0.0449027 -0.997032 -0.0623813 0 0.00553688 0.0621956 -0.998049 0 -0.254516 -0.653915 0.0280319 1 
0.998966 -0.0451759 0.00257756 0 -0.0449304 -0.997065 -0.0618359 0 0.00536359 0.0616574 -0.998083 0 -0.254658 -0.654304 0.0278623 1 
0.998969 -0.0451129 0.00234908 0 -0.0448855 -0.997114 -0.0610714 0 0.0050975 0.0609042 -0.998131 0 -0.254773 -0.654801 0.0278123 1 
0.998973 -0.0450393 0.00205218 0 -0.0448346 -0.997172 -0.060147 0 0.00475546 0.0599944 -0.998187 0 -0.25491 -0.655356 0.0278615 1 
0.998975 -0.0450213 0.00169596 0 -0.0448428 -0.997238 -0.0590461 0 0.00434969 0.0589107 -0.998254 0 -0.255128 -0.655987 0.0279418 1 
0.998978 -0.0449669 0.00144176 0 -0.0448069 -0.997289 -0.0582034 0 0.00405516 0.0580804 -0.998304 0 -0.255273 -0.656506 0.0279283 1 
0.998984 -0.0448334 0.00122434 0 -0.0446888 -0.997333 -0.0575317 0 0.00380048 0.0574196 -0.998343 0 -0.255342 -0.656981 0.02783 1 
0.998991 -0.0446863 0.00103967 0 -0.0445547 -0.997374 -0.0569328 0 0.00358113 0.0568301 -0.998377 0 -0.255391 -0.657428 0.0276972 1 
0.998997 -0.0445569 0.000947904 0 -0.0444318 -0.997397 -0.0566165 0 0.00346816 0.0565187 -0.998396 0 -0.255401 -0.657734 0.0274835 1 
0.999003 -0.0444175 0.000953242 0 -0.0442924 -0.997405 -0.0565871 0 0.00346429 0.0564896 -0.998397 0 -0.255352 -0.657913 0.0271624 1 
0.999009 -0.0442695 0.00103604 0 -0.0441393 -0.9974 -0.0567889 0 0.00354743 0.056688 -0.998386 0 -0.255261 -0.657989 0.0267577 1 
0.999017 -0.0441014 0.00117644 0 -0.0439621 -0.997387 -0.0571621 0 0.00369436 0.0570553 -0.998364 0 -0.255119 -0.657973 0.0263393 1 
0.999027 -0.0438543 0.00139867 0 -0.0437004 -0.997363 -0.0577718 0 0.0039286 0.0576556 -0.998329 0 -0.254882 -0.657861 0.0258594 1 
0.999035 -0.0436661 0.00157789 0 -0.0435001 -0.997343 -0.0582709 0 0.00411823 0.0581471 -0.9983 0 -0.254691 -0.657761 0.0254843 1 
0.999043 -0.0434811 0.00174357 0 -0.0433038 -0.997324 -0.058734 0 0.00429281 0.0586034 -0.998272 0 -0.254513 -0.657667 0.0251402 1 
0.999052 -0.0432754 0.00187473 0 -0.0430892 -0.997313 -0.059091 0 0.00442697 0.0589553 -0.998251 0 -0.254329 -0.657613 0.0248702 1 
0.999061 -0.0430679 0.00196486 0 -0.0428757 -0.997308 -0.0593278 0 0.00451478 0.059189 -0.998237 0 -0.254165 -0.657592 0.0246898 1 
0.999067 -0.0429206 0.0020154 0 -0.042725 -0.997305 -0.0594777 0 0.00456288 0.0593373 -0.998228 0 -0.254048 -0.657585 0.0245818 1 
0.99907 -0.0428385 0.0020319 0 -0.0426419 -0.997307 -0.0595094 0 0.00457581 0.0593686 -0.998226 0 -0.253986 -0.657598 0.024557 1 
0.999074 -0.0427549 0.00203016 0 -0.0425585 -0.997311 -0.0595007 0 0.00456873 0.0593603 -0.998226 0 -0.25393 -0.657623 0.0245614 1 
0.999076 -0.0427105 0.00202215 0 -0.0425147 -0.997313 -0.0594969 0 0.00455794 0.059357 -0.998226 0 -0.253907 -0.657634 0.0245663 1 
0.999076 -0.0427162 0.00202632 0 -0.0425202 -0.997313 -0.0594963 0 0.00456242 0.0593563 -0.998226 0 -0.253908 -0.657633 0.0245639 1 
0.999075 -0.0427378 0.00203689 0 -0.0425409 -0.997309 -0.0595386 0 0.00457605 0.059398 -0.998224 0 -0.253916 -0.657615 0.0245367 1 
0.999075 -0.0427381 0.00205329 0 -0.04254 -0.997306 -0.0595945 0 0.00459481 0.0594532 -0.998221 0 -0.253911 -0.657598 0.0244997 1 
0.999075 -0.0427307 0.00206829 0 -0.0425316 -0.997305 -0.0596275 0 0.00461073 0.0594855 -0.998219 0 -0.253897 -0.65759 0.0244755 1 
0.999074 -0.042747 0.00208602 0 -0.0425465 -0.997301 -0.0596738 0 0.00463135 0.0595309 -0.998216 0 -0.253901 -0.657572 0.0244439 1 
0.999075 -0.0427249 0.00212934 0 -0.0425215 -0.997297 -0.0597677 0 0.00467724 0.059623 -0.99821 0 -0.253872 -0.657549 0.0243745 1 
0.999077 -0.0426797 0.00218048 0 -0.0424728 -0.997292 -0.0598809 0 0.00473037 0.0597342 -0.998203 0 -0.253822 -0.657527 0.0242863 1 
0.999078 -0.0426376 0.00222656 0 -0.0424275 -0.997287 -0.0599961 0 0.0047787 0.0598475 -0.998196 0 -0.253774 -0.657503 0.0242012 1 
0.99908 -0.0425918 0.00229315 0 -0.042377 -0.99728 -0.0601488 0 0.00484885 0.0599975 -0.998187 0 -0.253719 -0.657467 0.0240918 1 
0.999084 -0.0425123 0.00236343 0 -0.0422924 -0.997272 -0.060343 0 0.00492239 0.0601889 -0.998175 0 -0.253641 -0.657429 0.0239429 1 
0.999086 -0.0424499 0.00242078 0 -0.042226 -0.997265 -0.060494 0 0.00498223 0.0603377 -0.998166 0 -0.253575 -0.657401 0.0238312 1 
0.999088 -0.0424019 0.00248481 0 -0.0421735 -0.997259 -0.0606371 0 0.00504922 0.0604782 -0.998157 0 -0.253517 -0.65737 0.023725 1 
0.999093 -0.0422827 0.00259309 0 -0.0420466 -0.997248 -0.060901 0 0.00516112 0.0607379 -0.99814 0 -0.253397 -0.657311 0.0235554 1 
0.9991 -0.0420991 0.00268079 0 -0.0418566 -0.99724 -0.0611623 0 0.00524837 0.0609963 -0.998124 0 -0.253241 -0.657267 0.0233883 1 
0.999106 -0.0419456 0.00274367 0 -0.0416987 -0.997237 -0.0613245 0 0.00530849 0.0611565 -0.998114 0 -0.253109 -0.657257 0.0232709 1 
0.999113 -0.0417955 0.00279563 0 -0.0415449 -0.997234 -0.0614709 0 0.00535721 0.0613014 -0.998105 0 -0.252995 -0.657248 0.0231687 1 
0.999119 -0.0416416 0.00286156 0 -0.0413864 -0.99723 -0.0616426 0 0.00542064 0.0614711 -0.998094 0 -0.252866 -0.657229 0.0230589 1 
0.999126 -0.0414706 0.00290145 0 -0.0412125 -0.99723 -0.06177 0 0.00545516 0.0615976 -0.998086 0 -0.252739 -0.657231 0.0229687 1 
0.999133 -0.0412995 0.00292308 0 -0.04104 -0.997233 -0.0618295 0 0.00546862 0.0616572 -0.998082 0 -0.252615 -0.657257 0.0229255 1 
0.99914 -0.0411353 0.0029443 0 -0.0408747 -0.997237 -0.0618752 0 0.00548153 0.0617028 -0.99808 0 -0.252499 -0.657282 0.0228968 1 
0.999144 -0.0410339 0.00295873 0 -0.0407722 -0.997238 -0.0619283 0 0.00549183 0.0617559 -0.998076 0 -0.252423 -0.657293 0.0228584 1 
0.999146 -0.0409709 0.00296942 0 -0.0407085 -0.997238 -0.0619635 0 0.00550002 0.0617909 -0.998074 0 -0.252375 -0.657299 0.022831 1 
0.999148 -0.0409249 0.00300627 0 -0.0406597 -0.997234 -0.0620679 0 0.00553819 0.0618939 -0.998067 0 -0.252327 -0.657275 0.0227702 1 
0.999149 -0.0409011 0.00306439 0 -0.0406314 -0.997224 -0.0622415 0 0.00560174 0.0620653 -0.998056 0 -0.252291 -0.657215 0.0226685 1 
0.999149 -0.0408906 0.00313271 0 -0.0406155 -0.997212 -0.0624443 0 0.00567746 0.0622651 -0.998043 0 -0.252255 -0.657145 0.0225453 1 
0.999149 -0.040891 0.00321903 0 -0.0406092 -0.997198 -0.0626781 0 0.00577309 0.0624952 -0.998029 0 -0.252219 -0.657063 0.022401 1 
0.999149 -0.0408854 0.00332903 0 -0.0405949 -0.997178 -0.062992 0 0.0058952 0.0628044 -0.998008 0 -0.252167 -0.65695 0.0222174 1 
0.999148 -0.0408882 0.00344491 0 -0.0405884 -0.997158 -0.0633165 0 0.00602413 0.063124 -0.997988 0 -0.252114 -0.656837 0.0220143 1 
0.999148 -0.0408854 0.00355218 0 -0.0405771 -0.997141 -0.0636002 0 0.00614246 0.0634031 -0.997969 0 -0.252068 -0.656748 0.021816 1 
0.999148 -0.0408633 0.00366594 0 -0.040546 -0.997122 -0.063907 0 0.00626696 0.0637052 -0.997949 0 -0.252006 -0.656661 0.0215863 1 
0.999149 -0.0408415 0.00378179 0 -0.0405147 -0.997102 -0.0642352 0 0.00639441 0.0640286 -0.997928 0 -0.251938 -0.656571 0.0213429 1 
0.999147 -0.0408726 0.00389965 0 -0.0405362 -0.997082 -0.0645397 0 0.0065263 0.0643278 -0.997907 0 -0.251897 -0.656477 0.0211111 1 
