0.999123 -0.0411698 0.00629892 0 -0.040932 -0.99857 -0.0341004 0 0.00769397 0.0338133 -0.999399 0 -0.156391 -0.396962 0.534813 1 
0.999123 -0.0411664 0.00630417 0 -0.0409283 -0.99857 -0.0341132 0 0.00769962 0.0338259 -0.999398 0 -0.156389 -0.396961 0.534806 1 
0.999123 -0.0411499 0.00630073 0 -0.040912 -0.998571 -0.0341135 0 0.00769564 0.0338265 -0.999398 0 -0.156383 -0.396964 0.534807 1 
0.999123 -0.0411589 0.00629559 0 -0.0409213 -0.998571 -0.0340982 0 0.00769019 0.0338113 -0.999399 0 -0.156389 -0.396963 0.534813 1 
0.999123 -0.0411526 0.00629639 0 -0.0409149 -0.998571 -0.0341049 0 0.00769104 0.033818 -0.999398 0 -0.156387 -0.396963 0.53481 1 
0.999123 -0.0411504 0.00629832 0 -0.0409126 -0.998571 -0.0341089 0 0.00769306 0.0338219 -0.999398 0 -0.156382 -0.396966 0.534809 1 
0.999123 -0.0411511 0.00630015 0 -0.0409133 -0.998571 -0.0341103 0 0.00769497 0.0338233 -0.999398 0 -0.156384 -0.396965 0.534808 1 
0.999123 -0.0411536 0.00630348 0 -0.0409157 -0.998571 -0.0341061 0 0.00769821 0.033819 -0.999398 0 -0.156387 -0.396964 0.53481 1 
0.999123 -0.0411595 0.00629753 0 -0.0409218 -0.99857 -0.0341058 0 0.00769245 0.0338188 -0.999398 0 -0.156387 -0.396963 0.534809 1 
0.999123 -0.0411561 0.00630037 0 -0.0409182 -0.998571 -0.0341042 0 0.00769511 0.0338172 -0.999398 0 -0.156385 -0.396965 0.534811 1 
0.999123 -0.0411606 0.0062975 0 -0.0409229 -0.998571 -0.0341005 0 0.00769224 0.0338135 -0.999399 0 -0.156388 -0.396963 0.534812 1 
0.999123 -0.0411562 0.00629683 0 -0.0409185 -0.998571 -0.0341039 0 0.00769157 0.033817 -0.999398 0 -0.156387 -0.396964 0.53481 1 
0.999123 -0.0411544 0.00629944 0 -0.0409166 -0.998571 -0.0341031 0 0.00769408 0.0338161 -0.999398 0 -0.156385 -0.396964 0.534811 1 
0.999123 -0.0411532 0.00629746 0 -0.0409154 -0.998571 -0.0341068 0 0.00769221 0.0338199 -0.999398 0 -0.156384 -0.396964 0.53481 1 
0.999124 -0.04115 0.00629703 0 -0.0409123 -0.998571 -0.034108 0 0.00769173 0.0338211 -0.999398 0 -0.156384 -0.396964 0.53481 1 
0.999123 -0.0411565 0.00629983 0 -0.0409187 -0.998571 -0.0341031 0 0.00769454 0.033816 -0.999398 0 -0.156385 -0.396963 0.534811 1 
0.999123 -0.0411539 0.00629886 0 -0.0409161 -0.998571 -0.0341053 0 0.00769357 0.0338183 -0.999398 0 -0.156386 -0.396964 0.534811 1 
0.999124 -0.0411493 0.00629878 0 -0.0409116 -0.998571 -0.0341042 0 0.00769329 0.0338172 -0.999398 0 -0.156383 -0.396965 0.534811 1 
0.999123 -0.041155 0.0062985 0 -0.0409172 -0.998571 -0.0341082 0 0.00769337 0.0338212 -0.999398 0 -0.156385 -0.396963 0.53481 1 
0.999123 -0.0411589 0.00629908 0 -0.0409211 -0.99857 -0.034106 0 0.00769398 0.0338189 -0.999398 0 -0.156388 -0.396963 0.53481 1 
0.999123 -0.0411564 0.00629872 0 -0.0409186 -0.998571 -0.0341046 0 0.00769348 0.0338176 -0.999398 0 -0.156385 -0.396963 0.534811 1 
0.999124 -0.0411461 0.00630034 0 -0.0409083 -0.998571 -0.0341049 0 0.00769476 0.0338179 -0.999398 0 -0.156383 -0.396965 0.53481 1 
0.999123 -0.0411552 0.00630036 0 -0.0409173 -0.99857 -0.0341121 0 0.00769539 0.0338251 -0.999398 0 -0.156387 -0.396962 0.534808 1 
0.999123 -0.0411502 0.00630062 0 -0.0409123 -0.998571 -0.0341067 0 0.00769526 0.0338197 -0.999398 0 -0.156385 -0.396963 0.534809 1 
0.999123 -0.0411535 0.0063007 0 -0.0409157 -0.998571 -0.0341074 0 0.00769549 0.0338204 -0.999398 0 -0.156384 -0.396963 0.53481 1 
0.999123 -0.0411564 0.00629791 0 -0.0409187 -0.998571 -0.0341078 0 0.00769281 0.0338209 -0.999398 0 -0.156387 -0.396962 0.534809 1 
0.999123 -0.0411522 0.00629834 0 -0.0409145 -0.998571 -0.0341026 0 0.00769289 0.0338156 -0.999398 0 -0.156386 -0.396964 0.534811 1 
0.999123 -0.0411549 0.00629504 0 -0.0409173 -0.998571 -0.0340989 0 0.00768953 0.0338121 -0.999399 0 -0.156386 -0.396964 0.534812 1 
0.999123 -0.0411505 0.00630226 0 -0.0409126 -0.998571 -0.0341097 0 0.00769704 0.0338226 -0.999398 0 -0.156384 -0.396964 0.534807 1 
0.999123 -0.0411535 0.00630129 0 -0.0409157 -0.998571 -0.034107 0 0.00769605 0.0338199 -0.999398 0 -0.156385 -0.396965 0.534808 1 
0.999123 -0.0411579 0.0062964 0 -0.0409202 -0.998571 -0.0341029 0 0.00769115 0.033816 -0.999398 0 -0.156386 -0.396962 0.534812 1 
0.999123 -0.0411545 0.00630087 0 -0.0409167 -0.998571 -0.0341042 0 0.00769555 0.0338171 -0.999398 0 -0.156387 -0.396964 0.534809 1 
0.999123 -0.041154 0.00630175 0 -0.0409161 -0.998571 -0.0341089 0 0.00769661 0.0338218 -0.999398 0 -0.156385 -0.396963 0.534809 1 
0.999123 -0.0411611 0.00630281 0 -0.0409232 -0.99857 -0.0341061 0 0.0076978 0.0338189 -0.999398 0 -0.156388 -0.396963 0.534809 1 
0.999123 -0.0411588 0.00629996 0 -0.0409209 -0.99857 -0.0341056 0 0.00769485 0.0338185 -0.999398 0 -0.156386 -0.396964 0.53481 1 
0.999123 -0.0411508 0.00629941 0 -0.040913 -0.998571 -0.034107 0 0.00769409 0.0338201 -0.999398 0 -0.156384 -0.396964 0.53481 1 
0.999123 -0.0411519 0.00630016 0 -0.0409141 -0.998571 -0.0341039 0 0.00769474 0.0338169 -0.999398 0 -0.156384 -0.396965 0.53481 1 
0.999123 -0.0411542 0.00629854 0 -0.0409164 -0.998571 -0.0341009 0 0.00769309 0.033814 -0.999399 0 -0.156384 -0.396964 0.534812 1 
0.999123 -0.0411596 0.00629822 0 -0.0409218 -0.99857 -0.0341097 0 0.0076933 0.0338227 -0.999398 0 -0.156387 -0.396962 0.534809 1 
0.999123 -0.0411503 0.00629883 0 -0.0409125 -0.998571 -0.0341093 0 0.00769359 0.0338223 -0.999398 0 -0.156384 -0.396964 0.534809 1 
0.999123 -0.0411539 0.00629656 0 -0.0409163 -0.998571 -0.0340999 0 0.00769106 0.033813 -0.999399 0 -0.156388 -0.396964 0.534812 1 
0.999123 -0.0411532 0.00630327 0 -0.0409152 -0.998571 -0.0341102 0 0.00769815 0.033823 -0.999398 0 -0.156387 -0.396964 0.534807 1 
0.999123 -0.0411503 0.00629773 0 -0.0409126 -0.998571 -0.0341047 0 0.00769229 0.0338178 -0.999398 0 -0.156385 -0.396964 0.534811 1 
0.999123 -0.0411507 0.0063005 0 -0.0409129 -0.998571 -0.0341007 0 0.00769491 0.0338137 -0.999399 0 -0.156386 -0.396964 0.534812 1 
0.999123 -0.0411553 0.00629993 0 -0.0409175 -0.998571 -0.034106 0 0.00769472 0.033819 -0.999398 0 -0.156386 -0.396965 0.534809 1 
0.999123 -0.0411547 0.00629821 0 -0.0409169 -0.998571 -0.0341058 0 0.00769297 0.0338188 -0.999398 0 -0.156386 -0.396964 0.534811 1 
0.999123 -0.0411612 0.00629923 0 -0.0409234 -0.99857 -0.0341087 0 0.00769433 0.0338217 -0.999398 0 -0.156388 -0.396963 0.534809 1 
0.999123 -0.0411539 0.00630092 0 -0.040916 -0.998571 -0.0341045 0 0.0076956 0.0338174 -0.999398 0 -0.156387 -0.396963 0.534811 1 
0.999123 -0.0411529 0.00630067 0 -0.040915 -0.998571 -0.0341101 0 0.00769554 0.0338231 -0.999398 0 -0.156384 -0.396964 0.534808 1 
0.999123 -0.0411563 0.00629657 0 -0.0409186 -0.998571 -0.0341033 0 0.00769128 0.0338164 -0.999398 0 -0.156385 -0.396964 0.534811 1 
0.999123 -0.0411535 0.00629763 0 -0.0409157 -0.998571 -0.0341063 0 0.00769237 0.0338194 -0.999398 0 -0.156385 -0.396964 0.53481 1 
0.999123 -0.0411596 0.00630042 0 -0.0409217 -0.99857 -0.0341064 0 0.00769536 0.0338193 -0.999398 0 -0.156387 -0.396962 0.53481 1 
0.999123 -0.0411506 0.00630083 0 -0.0409127 -0.998571 -0.034108 0 0.00769554 0.033821 -0.999398 0 -0.156384 -0.396965 0.534808 1 
0.999123 -0.0411562 0.00630109 0 -0.0409183 -0.99857 -0.0341091 0 0.00769603 0.033822 -0.999398 0 -0.156386 -0.396964 0.534808 1 
0.999123 -0.0411509 0.00629759 0 -0.0409132 -0.998571 -0.0340961 0 0.00769183 0.0338092 -0.999399 0 -0.156384 -0.396964 0.534814 1 
0.999123 -0.0411534 0.00629735 0 -0.0409157 -0.998571 -0.0341057 0 0.00769206 0.0338188 -0.999398 0 -0.156386 -0.396964 0.534809 1 
0.999123 -0.0411562 0.00630242 0 -0.0409183 -0.998571 -0.0341058 0 0.00769723 0.0338186 -0.999398 0 -0.156386 -0.396964 0.53481 1 
0.999123 -0.041152 0.00629647 0 -0.0409143 -0.998571 -0.034106 0 0.00769115 0.0338191 -0.999398 0 -0.156386 -0.396964 0.53481 1 
0.999123 -0.0411577 0.00630126 0 -0.0409199 -0.998571 -0.0341065 0 0.00769615 0.0338194 -0.999398 0 -0.156386 -0.396963 0.53481 1 
0.999123 -0.0411498 0.00630034 0 -0.040912 -0.998571 -0.034107 0 0.00769498 0.03382 -0.999398 0 -0.156385 -0.396965 0.534809 1 
0.999123 -0.0411559 0.00630289 0 -0.040918 -0.998571 -0.0341087 0 0.00769781 0.0338216 -0.999398 0 -0.156387 -0.396964 0.534809 1 
0.999123 -0.0411541 0.00630132 0 -0.0409163 -0.998571 -0.0341037 0 0.00769596 0.0338166 -0.999398 0 -0.156386 -0.396964 0.534811 1 
0.999123 -0.0411519 0.00629693 0 -0.0409142 -0.998571 -0.0341051 0 0.00769158 0.0338183 -0.999398 0 -0.156385 -0.396964 0.53481 1 
0.999124 -0.0411492 0.00629804 0 -0.0409115 -0.998571 -0.0341051 0 0.00769258 0.0338182 -0.999398 0 -0.156385 -0.396963 0.53481 1 
0.999123 -0.0411535 0.00629899 0 -0.0409157 -0.998571 -0.0341017 0 0.00769354 0.0338147 -0.999399 0 -0.156386 -0.396962 0.534812 1 
0.999123 -0.0411499 0.00629904 0 -0.0409121 -0.998571 -0.0341075 0 0.00769371 0.0338206 -0.999398 0 -0.156385 -0.396964 0.53481 1 
0.999123 -0.0411534 0.00629833 0 -0.0409156 -0.998571 -0.0341079 0 0.00769313 0.033821 -0.999398 0 -0.156388 -0.396963 0.53481 1 
0.999123 -0.0411556 0.00629747 0 -0.0409178 -0.998571 -0.0341033 0 0.00769216 0.0338164 -0.999398 0 -0.156386 -0.396964 0.534812 1 
0.999123 -0.0411554 0.0062949 0 -0.0409178 -0.998571 -0.0341026 0 0.00768956 0.0338158 -0.999399 0 -0.156387 -0.396964 0.534812 1 
0.999123 -0.0411598 0.00630038 0 -0.040922 -0.998571 -0.0341027 0 0.00769519 0.0338156 -0.999398 0 -0.156388 -0.396964 0.53481 1 
0.999123 -0.041152 0.00629431 0 -0.0409144 -0.998571 -0.0341037 0 0.00768889 0.0338169 -0.999398 0 -0.156385 -0.396964 0.534812 1 
0.999124 -0.0411498 0.00629796 0 -0.0409121 -0.998571 -0.0341083 0 0.00769266 0.0338214 -0.999398 0 -0.156385 -0.396964 0.534808 1 
0.999123 -0.0411552 0.0063029 0 -0.0409173 -0.99857 -0.0341124 0 0.00769794 0.0338252 -0.999398 0 -0.156386 -0.396964 0.534807 1 
0.999123 -0.0411567 0.00630052 0 -0.0409188 -0.998571 -0.0341039 0 0.00769527 0.0338168 -0.999398 0 -0.156386 -0.396963 0.534811 1 
0.999123 -0.0411543 0.00629615 0 -0.0409166 -0.998571 -0.0341043 0 0.00769083 0.0338175 -0.999398 0 -0.156386 -0.396964 0.534811 1 
0.999123 -0.0411515 0.006302 0 -0.0409136 -0.998571 -0.0341095 0 0.0076968 0.0338224 -0.999398 0 -0.156385 -0.396964 0.534809 1 
0.999123 -0.0411539 0.0062983 0 -0.0409162 -0.998571 -0.0341062 0 0.00769305 0.0338193 -0.999398 0 -0.156386 -0.396965 0.534809 1 
0.999123 -0.0411577 0.00629847 0 -0.04092 -0.99857 -0.0341067 0 0.00769337 0.0338197 -0.999398 0 -0.156386 -0.396963 0.53481 1 
0.999123 -0.0411572 0.0063013 0 -0.0409193 -0.998571 -0.034107 0 0.00769619 0.0338199 -0.999398 0 -0.156387 -0.396963 0.534809 1 
0.999123 -0.0411562 0.00629836 0 -0.0409184 -0.998571 -0.0341079 0 0.00769325 0.0338209 -0.999398 0 -0.156385 -0.396963 0.53481 1 
0.999123 -0.0411549 0.00629553 0 -0.0409173 -0.998571 -0.0341029 0 0.00769018 0.033816 -0.999398 0 -0.156387 -0.396963 0.534812 1 
0.999123 -0.0411606 0.00629802 0 -0.0409229 -0.99857 -0.034105 0 0.00769295 0.033818 -0.999398 0 -0.156388 -0.396963 0.534811 1 
0.999123 -0.0411509 0.00629751 0 -0.0409132 -0.998571 -0.034102 0 0.00769198 0.0338151 -0.999399 0 -0.156385 -0.396965 0.534811 1 
0.999123 -0.0411566 0.00630037 0 -0.0409188 -0.998571 -0.0341075 0 0.00769527 0.0338205 -0.999398 0 -0.156386 -0.396964 0.534809 1 
0.999123 -0.0411548 0.0063003 0 -0.040917 -0.998571 -0.0341097 0 0.00769521 0.0338226 -0.999398 0 -0.156388 -0.396963 0.534808 1 
0.999123 -0.0411612 0.00629976 0 -0.0409234 -0.99857 -0.0341071 0 0.00769479 0.03382 -0.999398 0 -0.156387 -0.396962 0.53481 1 
0.999123 -0.0411517 0.00630093 0 -0.0409139 -0.998571 -0.0341021 0 0.00769543 0.033815 -0.999398 0 -0.156385 -0.396965 0.53481 1 
0.999123 -0.0411544 0.00630006 0 -0.0409165 -0.998571 -0.0341073 0 0.00769486 0.0338203 -0.999398 0 -0.156384 -0.396964 0.53481 1 
0.999123 -0.0411533 0.00629925 0 -0.0409155 -0.998571 -0.0341033 0 0.00769386 0.0338164 -0.999398 0 -0.156386 -0.396964 0.53481 1 
0.999123 -0.0411547 0.0062962 0 -0.040917 -0.998571 -0.0341074 0 0.00769103 0.0338205 -0.999398 0 -0.156384 -0.396964 0.53481 1 
0.999123 -0.0411671 0.0063012 0 -0.0409292 -0.99857 -0.0341048 0 0.00769633 0.0338177 -0.999398 0 -0.156393 -0.39696 0.53481 1 
0.999122 -0.0411862 0.0063055 0 -0.0409482 -0.998569 -0.0341023 0 0.00770117 0.0338148 -0.999398 0 -0.156401 -0.396957 0.534811 1 
0.999122 -0.0411968 0.00630097 0 -0.040959 -0.998569 -0.0341045 0 0.0076971 0.0338171 -0.999398 0 -0.156404 -0.396956 0.534811 1 
0.999123 -0.0411639 0.00629902 0 -0.0409261 -0.99857 -0.0341055 0 0.00769408 0.0338184 -0.999398 0 -0.156389 -0.396961 0.53481 1 
0.999123 -0.0411522 0.00629771 0 -0.0409144 -0.998571 -0.0341076 0 0.00769246 0.0338207 -0.999398 0 -0.156384 -0.396965 0.534808 1 
0.999124 -0.0411443 0.00630001 0 -0.0409065 -0.998571 -0.0341073 0 0.00769448 0.0338204 -0.999398 0 -0.15638 -0.396965 0.53481 1 
0.999123 -0.0411611 0.00630319 0 -0.0409232 -0.99857 -0.0341073 0 0.00769822 0.0338201 -0.999398 0 -0.15639 -0.396961 0.534809 1 
0.999123 -0.0411733 0.00630332 0 -0.0409353 -0.99857 -0.0341119 0 0.00769895 0.0338246 -0.999398 0 -0.156394 -0.39696 0.534807 1 
0.999123 -0.041154 0.00630112 0 -0.0409161 -0.998571 -0.0341086 0 0.00769596 0.0338215 -0.999398 0 -0.156387 -0.396962 0.534809 1 
0.999123 -0.0411626 0.0062985 0 -0.0409249 -0.99857 -0.0341086 0 0.00769364 0.0338216 -0.999398 0 -0.156388 -0.396962 0.53481 1 
0.999124 -0.0411276 0.00629748 0 -0.0408899 -0.998572 -0.0341082 0 0.00769142 0.0338215 -0.999398 0 -0.156376 -0.396968 0.53481 1 
0.999124 -0.0411503 0.00629116 0 -0.0409129 -0.998571 -0.0340935 0 0.00768528 0.0338069 -0.999399 0 -0.156382 -0.396963 0.534817 1 
0.999123 -0.0411697 0.00629449 0 -0.0409322 -0.998571 -0.0340855 0 0.00768893 0.0337986 -0.999399 0 -0.156392 -0.39696 0.534818 1 
0.999121 -0.0412037 0.00629569 0 -0.0409662 -0.998569 -0.0340843 0 0.00769123 0.0337971 -0.999399 0 -0.156407 -0.396955 0.534818 1 
0.999122 -0.0411926 0.00629439 0 -0.0409552 -0.998571 -0.0340629 0 0.00768868 0.0337758 -0.9994 0 -0.156406 -0.396959 0.534825 1 
0.999123 -0.0411588 0.00628503 0 -0.0409218 -0.998572 -0.0340622 0 0.00767816 0.0337758 -0.9994 0 -0.156385 -0.396964 0.534828 1 
0.999124 -0.041131 0.0062844 0 -0.0408939 -0.998573 -0.0340732 0 0.00767705 0.033787 -0.9994 0 -0.156376 -0.396968 0.534823 1 
0.999123 -0.0411532 0.00629317 0 -0.0409157 -0.998571 -0.0340922 0 0.00768733 0.0338055 -0.999399 0 -0.156386 -0.396965 0.534815 1 
0.999123 -0.0411651 0.00629617 0 -0.0409276 -0.998571 -0.0340871 0 0.00769052 0.0338002 -0.999399 0 -0.15639 -0.396961 0.534817 1 
0.999124 -0.0411429 0.00628724 0 -0.0409057 -0.998572 -0.0340848 0 0.00768075 0.0337984 -0.999399 0 -0.15638 -0.396965 0.534819 1 
0.999124 -0.0411317 0.00629129 0 -0.0408943 -0.998572 -0.0340948 0 0.00768483 0.0338083 -0.999399 0 -0.156377 -0.396966 0.534816 1 
0.999122 -0.0411924 0.00629981 0 -0.0409547 -0.99857 -0.0340847 0 0.00769498 0.0337974 -0.999399 0 -0.156402 -0.396957 0.534818 1 
0.999119 -0.0412493 0.00630182 0 -0.0410116 -0.998568 -0.0340794 0 0.0076987 0.0337916 -0.999399 0 -0.156427 -0.396949 0.534818 1 
0.999119 -0.04125 0.00630441 0 -0.0410122 -0.998568 -0.0340766 0 0.00770119 0.0337887 -0.999399 0 -0.15643 -0.396952 0.534817 1 
0.99912 -0.041234 0.00630068 0 -0.0409963 -0.998568 -0.0340794 0 0.00769704 0.0337918 -0.999399 0 -0.156423 -0.396957 0.534815 1 
0.99912 -0.0412284 0.00629618 0 -0.040991 -0.998569 -0.0340616 0 0.00769162 0.0337742 -0.9994 0 -0.156422 -0.396958 0.534824 1 
0.99912 -0.0412429 0.00628911 0 -0.0410058 -0.998569 -0.0340507 0 0.00768461 0.0337635 -0.9994 0 -0.156425 -0.396954 0.53483 1 
0.999121 -0.0412119 0.0062881 0 -0.0409748 -0.99857 -0.0340557 0 0.00768275 0.0337688 -0.9994 0 -0.156412 -0.396958 0.534829 1 
0.999123 -0.0411602 0.0062703 0 -0.040924 -0.998573 -0.0340298 0 0.00766218 0.033744 -0.999401 0 -0.156387 -0.396964 0.534843 1 
0.999123 -0.0411643 0.00626538 0 -0.0409282 -0.998573 -0.034026 0 0.00765724 0.0337404 -0.999401 0 -0.156391 -0.396964 0.534845 1 
0.99912 -0.0412391 0.00627817 0 -0.0410026 -0.99857 -0.0340235 0 0.00767244 0.0337368 -0.999401 0 -0.156424 -0.396954 0.534842 1 
0.999118 -0.0412832 0.00629285 0 -0.0410462 -0.998568 -0.0340284 0 0.00768879 0.0337407 -0.999401 0 -0.156444 -0.396946 0.534838 1 
0.999119 -0.0412539 0.00629156 0 -0.0410168 -0.998569 -0.0340429 0 0.0076871 0.0337555 -0.999401 0 -0.15643 -0.396954 0.534833 1 
0.999122 -0.0411957 0.00628894 0 -0.0409585 -0.99857 -0.034072 0 0.00768372 0.0337852 -0.9994 0 -0.156405 -0.396966 0.534821 1 
0.99912 -0.0412273 0.00630879 0 -0.0409892 -0.998568 -0.0341057 0 0.00770598 0.0338177 -0.999398 0 -0.156423 -0.396961 0.534805 1 
0.999117 -0.0413083 0.00633947 0 -0.0410687 -0.998563 -0.0341548 0 0.00774139 0.0338649 -0.999396 0 -0.156457 -0.396953 0.53478 1 
0.999117 -0.0413003 0.0063499 0 -0.04106 -0.998562 -0.0341958 0 0.00775321 0.0339056 -0.999395 0 -0.156457 -0.396957 0.534763 1 
0.99912 -0.0412354 0.00633641 0 -0.0409956 -0.998564 -0.0341957 0 0.00773754 0.0339065 -0.999395 0 -0.15643 -0.396967 0.534764 1 
0.999119 -0.0412492 0.00634532 0 -0.0410091 -0.998563 -0.0342059 0 0.00774732 0.0339162 -0.999395 0 -0.156433 -0.396966 0.534758 1 
0.999117 -0.0412885 0.00637252 0 -0.041047 -0.99856 -0.0342552 0 0.00777784 0.0339641 -0.999393 0 -0.156451 -0.39696 0.534735 1 
0.999118 -0.041277 0.00637499 0 -0.0410352 -0.99856 -0.0342804 0 0.00778095 0.0339892 -0.999392 0 -0.156449 -0.396964 0.534724 1 
0.999119 -0.0412441 0.00636059 0 -0.041003 -0.998562 -0.0342542 0 0.00776438 0.0339639 -0.999393 0 -0.156431 -0.396971 0.534736 1 
0.999118 -0.0412667 0.00636482 0 -0.0410255 -0.998561 -0.03425 0 0.00776919 0.0339594 -0.999393 0 -0.156441 -0.396965 0.534737 1 
0.999115 -0.0413306 0.00638599 0 -0.0410884 -0.998558 -0.0342814 0 0.0077938 0.0339893 -0.999392 0 -0.156468 -0.396951 0.534725 1 
0.999116 -0.0413098 0.00637666 0 -0.041068 -0.998559 -0.0342741 0 0.00778348 0.0339825 -0.999392 0 -0.156458 -0.396957 0.534728 1 
0.999118 -0.0412757 0.00636757 0 -0.0410341 -0.99856 -0.0342852 0 0.0077737 0.0339943 -0.999392 0 -0.156446 -0.396963 0.534723 1 
0.999115 -0.0413304 0.00639512 0 -0.0410876 -0.998556 -0.0343248 0 0.0078047 0.0340324 -0.99939 0 -0.156471 -0.396958 0.534703 1 
0.999114 -0.0413586 0.00641332 0 -0.0411148 -0.998554 -0.0343666 0 0.00782555 0.0340731 -0.999389 0 -0.156489 -0.396963 0.534684 1 
0.999118 -0.0412715 0.00642306 0 -0.0410267 -0.998554 -0.0344521 0 0.00783581 0.0341588 -0.999386 0 -0.156451 -0.396987 0.534648 1 
0.99912 -0.0412157 0.00646725 0 -0.0409683 -0.998551 -0.0346035 0 0.00788424 0.0343087 -0.99938 0 -0.156433 -0.397006 0.534578 1 
0.999117 -0.0412781 0.00652303 0 -0.0410278 -0.998545 -0.0347164 0 0.00794672 0.0344188 -0.999376 0 -0.156471 -0.397018 0.534525 1 
0.999115 -0.0413038 0.00657507 0 -0.0410506 -0.998539 -0.0348558 0 0.00800529 0.0345557 -0.999371 0 -0.156485 -0.397022 0.534459 1 
0.999116 -0.0412866 0.00663124 0 -0.0410299 -0.998533 -0.0350511 0 0.00806881 0.0347487 -0.999364 0 -0.156473 -0.39702 0.534366 1 
0.999114 -0.0413215 0.00668396 0 -0.0410618 -0.998527 -0.0351867 0 0.00812824 0.0348817 -0.999358 0 -0.156499 -0.397032 0.534301 1 
0.999112 -0.0413455 0.00675138 0 -0.0410819 -0.99852 -0.0353753 0 0.00820415 0.0350672 -0.999351 0 -0.156516 -0.39704 0.534209 1 
0.999111 -0.0414301 0.00651873 0 -0.0411792 -0.998536 -0.0347991 0 0.00795107 0.0345004 -0.999373 0 -0.156651 -0.397254 0.534047 1 
0.999115 -0.0414358 0.00580842 0 -0.0412201 -0.998585 -0.033324 0 0.00718115 0.0330557 -0.999428 0 -0.156889 -0.397721 0.533854 1 
0.999107 -0.0417769 0.00454969 0 -0.0416147 -0.998634 -0.031279 0 0.00585033 0.0310624 -0.9995 0 -0.157415 -0.398296 0.533704 1 
0.999092 -0.0422629 0.00324239 0 -0.0421487 -0.998663 -0.0296006 0 0.00448915 0.0294376 -0.999557 0 -0.158015 -0.398821 0.533525 1 
0.999074 -0.0427574 0.00181275 0 -0.0426879 -0.998667 -0.0286835 0 0.00303682 0.0285801 -0.999587 0 -0.15868 -0.399279 0.533219 1 
0.999063 -0.0430519 0.000425541 0 -0.0430212 -0.998639 -0.0291439 0 0.00167969 0.0290988 -0.999575 0 -0.159289 -0.399599 0.532711 1 
0.999061 -0.0430852 -0.00119251 0 -0.0431015 -0.998594 -0.0305516 0 0.000125489 0.0305749 -0.999532 0 -0.159887 -0.399908 0.532001 1 
0.999058 -0.043029 -0.00337577 0 -0.0431154 -0.998543 -0.0321412 0 -0.00198789 0.0322571 -0.999478 0 -0.160637 -0.400345 0.531175 1 
0.999053 -0.0429394 -0.00545842 0 -0.0431016 -0.998474 -0.034232 0 -0.00398026 0.0344355 -0.999399 0 -0.161412 -0.400794 0.53015 1 
0.999047 -0.0428582 -0.00702235 0 -0.0430907 -0.998368 -0.0372261 0 -0.00541555 0.0374939 -0.999282 0 -0.162113 -0.401151 0.528888 1 
0.999032 -0.0428897 -0.00870953 0 -0.0432116 -0.998217 -0.0409318 0 -0.00693859 0.0412693 -0.999124 0 -0.163001 -0.401585 0.527294 1 
0.99901 -0.0429881 -0.010552 0 -0.0434206 -0.998037 -0.04491 0 -0.00860089 0.0453246 -0.998935 0 -0.163964 -0.401969 0.52564 1 
0.998985 -0.0431162 -0.0122585 0 -0.043668 -0.997833 -0.0490188 0 -0.0101186 0.0495054 -0.998723 0 -0.164925 -0.402339 0.523904 1 
0.998952 -0.0432361 -0.0143579 0 -0.0439424 -0.997608 -0.0531874 0 -0.0120242 0.0537636 -0.998481 0 -0.166042 -0.402821 0.522016 1 
0.998906 -0.0434006 -0.016875 0 -0.0442954 -0.997389 -0.0568669 0 -0.0143631 0.0575532 -0.998239 0 -0.167336 -0.403471 0.520037 1 
0.998854 -0.0434402 -0.0195881 0 -0.0445495 -0.997177 -0.0602874 0 -0.0169142 0.0610922 -0.997989 0 -0.168735 -0.404353 0.517799 1 
0.998817 -0.0428297 -0.0225953 0 -0.0441844 -0.997005 -0.0633196 0 -0.019816 0.0642443 -0.997737 0 -0.170228 -0.405457 0.515293 1 
0.998805 -0.041046 -0.02616 0 -0.0427089 -0.99686 -0.0665417 0 -0.023347 0.0675807 -0.997441 0 -0.171803 -0.406546 0.512671 1 
0.9988 -0.038312 -0.0302067 0 -0.0403298 -0.996771 -0.0692897 0 -0.0274551 0.0704261 -0.997139 0 -0.173385 -0.407676 0.510186 1 
0.998777 -0.0353828 -0.0342621 0 -0.0377506 -0.996743 -0.0711224 0 -0.0316346 0.0723302 -0.996879 0 -0.174967 -0.409012 0.507735 1 
0.998758 -0.0320805 -0.0378695 0 -0.0347669 -0.996749 -0.0725529 0 -0.0354195 0.0737808 -0.996645 0 -0.176516 -0.410577 0.505096 1 
0.998749 -0.0291862 -0.0403546 0 -0.0321089 -0.996748 -0.073784 0 -0.0380706 0.0749889 -0.996457 0 -0.177908 -0.412335 0.50222 1 
0.99875 -0.026961 -0.041857 0 -0.0300067 -0.996802 -0.0739275 0 -0.0397307 0.0750925 -0.996385 0 -0.179066 -0.414264 0.499333 1 
0.998787 -0.0250998 -0.0421366 0 -0.0281545 -0.996885 -0.0735413 0 -0.0401602 0.0746398 -0.996402 0 -0.179967 -0.416397 0.496201 1 
0.998802 -0.0238033 -0.0425256 0 -0.0268269 -0.997034 -0.0720062 0 -0.0406862 0.0730622 -0.996497 0 -0.180814 -0.418735 0.493221 1 
0.998799 -0.0230857 -0.0429855 0 -0.0260749 -0.997173 -0.0703311 0 -0.0412411 0.0713688 -0.996597 0 -0.18167 -0.421117 0.490312 1 
0.998791 -0.0224296 -0.0435288 0 -0.0253764 -0.997328 -0.0683705 0 -0.0418798 0.0693938 -0.99671 0 -0.182648 -0.423732 0.48716 1 
0.998782 -0.0216847 -0.0440958 0 -0.0245852 -0.997485 -0.0663338 0 -0.0425473 0.0673384 -0.996823 0 -0.183602 -0.426404 0.483897 1 
0.99876 -0.020943 -0.0449577 0 -0.0237806 -0.997686 -0.0635391 0 -0.0435239 0.0645307 -0.996966 0 -0.184527 -0.429057 0.481014 1 
0.99873 -0.0202843 -0.045913 0 -0.0230455 -0.997897 -0.0604324 0 -0.0445915 0.0614149 -0.997116 0 -0.18553 -0.431809 0.478175 1 
0.998701 -0.0196736 -0.0467894 0 -0.0223553 -0.998086 -0.0574991 0 -0.0455695 0.0584715 -0.997248 0 -0.186606 -0.434666 0.475149 1 
0.998685 -0.0190321 -0.0473953 0 -0.0216451 -0.998229 -0.0552434 0 -0.0462609 0.0561977 -0.997347 0 -0.187671 -0.437545 0.471923 1 
0.998666 -0.0184567 -0.0480164 0 -0.0209984 -0.998365 -0.0529778 0 -0.046961 0.0539165 -0.997441 0 -0.18871 -0.440324 0.46894 1 
0.998642 -0.0179993 -0.0486937 0 -0.0204609 -0.998503 -0.0505357 0 -0.0477122 0.0514644 -0.997534 0 -0.189774 -0.443057 0.46615 1 
0.998631 -0.017584 -0.049058 0 -0.0199863 -0.998593 -0.0489151 0 -0.0481298 0.0498296 -0.997597 0 -0.19082 -0.445689 0.463168 1 
0.998634 -0.0171927 -0.0491522 0 -0.0195545 -0.998647 -0.0479796 0 -0.0482617 0.0488761 -0.997638 0 -0.191897 -0.448358 0.459926 1 
0.998636 -0.0168793 -0.0492098 0 -0.0192028 -0.998694 -0.0471321 0 -0.048351 0.0480137 -0.997676 0 -0.192964 -0.450965 0.456795 1 
0.998641 -0.0167748 -0.0491524 0 -0.0190721 -0.99872 -0.046647 0 -0.0483079 0.047522 -0.997701 0 -0.193954 -0.453299 0.453832 1 
0.99865 -0.0168076 -0.0489453 0 -0.0190877 -0.998726 -0.0464954 0 -0.0481025 0.0473678 -0.997719 0 -0.195031 -0.455764 0.450469 1 
0.998673 -0.016573 -0.0485561 0 -0.0188495 -0.998717 -0.0468056 0 -0.047719 0.0476597 -0.997723 0 -0.196039 -0.458144 0.447059 1 
0.9987 -0.0162335 -0.0481139 0 -0.0185106 -0.998701 -0.0472661 0 -0.047285 0.0480962 -0.997723 0 -0.19697 -0.460411 0.443702 1 
0.998751 -0.015813 -0.0471897 0 -0.0181233 -0.998628 -0.0489379 0 -0.046352 0.049733 -0.997686 0 -0.197878 -0.462674 0.439834 1 
0.998801 -0.0154196 -0.0462546 0 -0.0177614 -0.998549 -0.0506507 0 -0.0454074 0.0514125 -0.997645 0 -0.198749 -0.464814 0.436055 1 
0.998837 -0.0149963 -0.0456177 0 -0.0173447 -0.998511 -0.0515271 0 -0.0447779 0.0522594 -0.997629 0 -0.199668 -0.467137 0.432274 1 
0.998889 -0.0144992 -0.0446162 0 -0.016876 -0.998423 -0.0533633 0 -0.043773 0.054058 -0.997578 0 -0.200496 -0.469309 0.428283 1 
0.998938 -0.014008 -0.0436687 0 -0.0164054 -0.99834 -0.055033 0 -0.0428262 0.0556921 -0.997529 0 -0.201336 -0.471517 0.424255 1 
0.998968 -0.013641 -0.0430919 0 -0.0160355 -0.998308 -0.0557181 0 -0.0422597 0.0563527 -0.997516 0 -0.202218 -0.473768 0.420466 1 
0.999008 -0.0135897 -0.0421792 0 -0.0159975 -0.99822 -0.0572823 0 -0.0413265 0.0579013 -0.997467 0 -0.203108 -0.475919 0.416364 1 
0.999029 -0.0136237 -0.0416728 0 -0.0160207 -0.998194 -0.0577362 0 -0.0408117 0.0583489 -0.997462 0 -0.204118 -0.478255 0.412321 1 
0.999038 -0.013462 -0.0415048 0 -0.0158307 -0.998223 -0.0572787 0 -0.0406607 0.0578818 -0.997495 0 -0.20516 -0.480621 0.408548 1 
0.999064 -0.0133966 -0.0408857 0 -0.0157567 -0.998185 -0.0579587 0 -0.0400358 0.0585498 -0.997481 0 -0.206229 -0.482816 0.40443 1 
0.999079 -0.0134626 -0.0404987 0 -0.0158019 -0.998181 -0.0580098 0 -0.0396448 0.0585975 -0.997494 0 -0.207353 -0.485059 0.400429 1 
0.999089 -0.0135894 -0.0402202 0 -0.0159046 -0.998191 -0.0578147 0 -0.0393625 0.0584028 -0.997517 0 -0.208395 -0.48723 0.39662 1 
0.999103 -0.0136046 -0.0398488 0 -0.0158983 -0.998191 -0.0578208 0 -0.0389908 0.0584036 -0.997531 0 -0.209391 -0.489446 0.392506 1 
0.999119 -0.0137298 -0.0394176 0 -0.0160065 -0.998176 -0.0580372 0 -0.0385496 0.0586181 -0.997536 0 -0.210282 -0.491582 0.388505 1 
0.999129 -0.0140039 -0.0390638 0 -0.0162629 -0.998167 -0.0581224 0 -0.038179 0.0587082 -0.997545 0 -0.211057 -0.493621 0.384699 1 
0.999163 -0.0140725 -0.0381664 0 -0.0163323 -0.998082 -0.059558 0 -0.0372558 0.0601326 -0.997495 0 -0.211742 -0.495546 0.380384 1 
0.999189 -0.0144685 -0.0373145 0 -0.0167277 -0.99799 -0.0609618 0 -0.0363582 0.0615378 -0.997442 0 -0.212299 -0.497334 0.376302 1 
0.999185 -0.0157304 -0.0369036 0 -0.0179768 -0.997945 -0.0613527 0 -0.0358634 0.0619674 -0.997434 0 -0.212846 -0.49923 0.372455 1 
0.99919 -0.0172555 -0.0360794 0 -0.0195014 -0.997823 -0.0628527 0 -0.0349169 0.0635066 -0.99737 0 -0.21335 -0.500942 0.36832 1 
0.999178 -0.0195203 -0.0352576 0 -0.0217665 -0.997671 -0.0644889 0 -0.0339174 0.0652046 -0.997295 0 -0.213763 -0.502587 0.364204 1 
0.999135 -0.0225021 -0.0346988 0 -0.0247437 -0.99753 -0.0655861 0 -0.0331379 0.0663892 -0.997243 0 -0.214096 -0.504231 0.360345 1 
0.999094 -0.0254516 -0.0338186 0 -0.0276946 -0.997318 -0.0676014 0 -0.032008 0.0684781 -0.997139 0 -0.214389 -0.505721 0.356221 1 
0.999072 -0.0274058 -0.032951 0 -0.0296425 -0.997137 -0.0694261 0 -0.0309546 0.0703398 -0.997043 0 -0.214693 -0.507279 0.352005 1 
0.999051 -0.0285895 -0.0325672 0 -0.0308059 -0.997081 -0.069721 0 -0.0304794 0.0706594 -0.997035 0 -0.215066 -0.509189 0.347822 1 
0.999056 -0.029126 -0.0319313 0 -0.0313248 -0.996998 -0.0706713 0 -0.0297776 0.0716062 -0.996988 0 -0.215416 -0.510807 0.343787 1 
0.999073 -0.0291225 -0.0313936 0 -0.0312984 -0.996961 -0.0712059 0 -0.029225 0.0721238 -0.996967 0 -0.215834 -0.512509 0.339696 1 
0.999101 -0.0285376 -0.0310333 0 -0.0306887 -0.99698 -0.0712048 0 -0.0289081 0.0720945 -0.996979 0 -0.216215 -0.514157 0.33602 1 
0.999135 -0.0278548 -0.0305598 0 -0.0299822 -0.996979 -0.0715188 0 -0.0284759 0.0723746 -0.996971 0 -0.216585 -0.515695 0.332318 1 
0.999159 -0.0271968 -0.0303826 0 -0.0292937 -0.997047 -0.0708476 0 -0.0283666 0.0716794 -0.997024 0 -0.217088 -0.517518 0.328358 1 
0.999171 -0.0265363 -0.0305703 0 -0.028601 -0.997182 -0.0692095 0 -0.0286481 0.0700278 -0.997134 0 -0.217595 -0.519403 0.324863 1 
0.999175 -0.0258366 -0.0310324 0 -0.0278642 -0.997368 -0.0667883 0 -0.0292257 0.0675992 -0.997284 0 -0.218119 -0.521403 0.321562 1 
0.999183 -0.0251268 -0.0313342 0 -0.0271155 -0.997524 -0.0647465 0 -0.0296303 0.0655446 -0.99741 0 -0.218629 -0.523379 0.317952 1 
0.999181 -0.0243266 -0.0320265 0 -0.0262663 -0.997745 -0.0616089 0 -0.0304562 0.0624009 -0.997586 0 -0.21913 -0.525476 0.31459 1 
0.999178 -0.0234542 -0.0327751 0 -0.0253398 -0.997965 -0.0583509 0 -0.0313404 0.0591346 -0.997758 0 -0.219535 -0.52752 0.311546 1 
0.999178 -0.0225573 -0.0333848 0 -0.0243896 -0.998149 -0.0555335 0 -0.0320709 0.0563032 -0.997898 0 -0.219891 -0.529448 0.308437 1 
0.999191 -0.0215781 -0.03364 0 -0.0233652 -0.998276 -0.0536693 0 -0.0324245 0.0544129 -0.997992 0 -0.220158 -0.531251 0.304962 1 
0.999201 -0.0204708 -0.0340314 0 -0.0222061 -0.998421 -0.0514204 0 -0.0329257 0.052136 -0.998097 0 -0.22034 -0.533107 0.301611 1 
0.999215 -0.0193664 -0.0342937 0 -0.0210588 -0.998533 -0.0496951 0 -0.0332816 0.0503792 -0.998175 0 -0.220392 -0.534692 0.298698 1 
0.999244 -0.0181953 -0.0340615 0 -0.0198648 -0.998575 -0.049337 0 -0.0331159 0.0499773 -0.998201 0 -0.220348 -0.536079 0.2953 1 
0.999289 -0.0169423 -0.0333921 0 -0.0186078 -0.998555 -0.050215 0 -0.0324938 0.0508017 -0.99818 0 -0.220194 -0.537193 0.291792 1 
0.999351 -0.0154703 -0.0322356 0 -0.0171533 -0.998458 -0.0526041 0 -0.0313727 0.0531239 -0.998095 0 -0.219828 -0.537921 0.288472 1 
0.999422 -0.0138134 -0.0307478 0 -0.0155215 -0.998299 -0.0560262 0 -0.0299222 0.0564722 -0.997956 0 -0.21932 -0.538387 0.285279 1 
0.999507 -0.0120663 -0.0286352 0 -0.0138019 -0.99802 -0.0612092 0 -0.0278405 0.0615754 -0.997714 0 -0.218674 -0.538497 0.281812 1 
0.999585 -0.0106422 -0.0264011 0 -0.0123855 -0.997682 -0.0667702 0 -0.0256298 0.0670708 -0.997419 0 -0.217964 -0.538471 0.278318 1 
0.999655 -0.00927047 -0.0241949 0 -0.0109982 -0.997314 -0.0722811 0 -0.0234603 0.0725236 -0.997091 0 -0.217192 -0.538425 0.274863 1 
0.999716 -0.0076401 -0.0221377 0 -0.00933247 -0.996948 -0.0773809 0 -0.0214794 0.077567 -0.996756 0 -0.216387 -0.538406 0.271667 1 
0.999778 -0.00512437 -0.0199757 0 -0.00675799 -0.996551 -0.0825898 0 -0.019484 0.082708 -0.996383 0 -0.215495 -0.538396 0.268407 1 
0.999832 -0.00198191 -0.0176821 0 -0.00353052 -0.996106 -0.0879834 0 -0.0174392 0.0880328 -0.995965 0 -0.21456 -0.538352 0.265047 1 
0.999872 0.00189667 -0.0152817 0 0.000460185 -0.995613 -0.0934597 0 -0.0153922 0.0934425 -0.995506 0 -0.213526 -0.538321 0.261636 1 
0.999891 0.00534597 -0.0130457 0 0.00403455 -0.995114 -0.0985567 0 -0.0135091 0.0984953 -0.995046 0 -0.212477 -0.538352 0.258413 1 
0.999896 0.00827874 -0.0109326 0 0.00710402 -0.994602 -0.10343 0 -0.0117301 0.103344 -0.994577 0 -0.211475 -0.538394 0.255317 1 
0.999885 0.0117615 -0.00853629 0 0.0107634 -0.993996 -0.108794 0 -0.0097648 0.108692 -0.994028 0 -0.210458 -0.538311 0.251954 1 
0.999848 0.0157835 -0.0058974 0 0.0150046 -0.993297 -0.114528 0 -0.00766567 0.114424 -0.993402 0 -0.209399 -0.538161 0.248364 1 
0.999808 0.0187758 -0.00356087 0 0.0182147 -0.992632 -0.119712 0 -0.00578243 0.119626 -0.992802 0 -0.208409 -0.538049 0.24508 1 
0.999765 0.0212054 -0.00136369 0 0.0208699 -0.991966 -0.124694 0 -0.003997 0.124639 -0.992194 0 -0.207371 -0.537973 0.241868 1 
0.999712 0.0235893 0.000837055 0 0.0234987 -0.991268 -0.129681 0 -0.0022294 0.129666 -0.991555 0 -0.206259 -0.537907 0.238567 1 
0.99966 0.0255144 0.00317804 0 0.0257098 -0.990483 -0.135142 0 -0.000300266 0.13518 -0.990821 0 -0.205124 -0.537777 0.234922 1 
0.999599 0.0274231 0.00544819 0 0.0279165 -0.989688 -0.140422 0 0.00154125 0.14052 -0.990077 0 -0.203968 -0.537658 0.231354 1 
0.999508 0.0301189 0.00760822 0 0.0309047 -0.988914 -0.145169 0 0.0031516 0.145336 -0.989377 0 -0.202774 -0.537629 0.227987 1 
0.999384 0.0334935 0.00952007 0 0.0345385 -0.988237 -0.148917 0 0.00442041 0.149157 -0.988804 0 -0.201684 -0.53774 0.224858 1 
0.999226 0.0374127 0.011303 0 0.0386966 -0.98763 -0.151892 0 0.00548057 0.152214 -0.988332 0 -0.200648 -0.538071 0.221335 1 
0.999013 0.0423015 0.0128118 0 0.0437698 -0.987139 -0.153694 0 0.00614571 0.154106 -0.988035 0 -0.199568 -0.538748 0.217521 1 
0.998796 0.0469133 0.013668 0 0.0484603 -0.986879 -0.153953 0 0.00626633 0.154433 -0.987983 0 -0.198598 -0.539679 0.214255 1 
0.998614 0.0505847 0.0138803 0 0.0521147 -0.98685 -0.152943 0 0.00596128 0.153457 -0.988137 0 -0.197691 -0.54092 0.210993 1 
0.998467 0.0534362 0.0137796 0 0.054908 -0.986954 -0.151284 0 0.00551592 0.151811 -0.988394 0 -0.196876 -0.542316 0.207415 1 
0.998343 0.0557654 0.0134902 0 0.0571566 -0.987124 -0.149334 0 0.00498892 0.14986 -0.988695 0 -0.196098 -0.543753 0.203911 1 
0.998219 0.0581692 0.0124492 0 0.0593625 -0.987581 -0.145395 0 0.00383716 0.145878 -0.989295 0 -0.195415 -0.545613 0.200532 1 
0.998094 0.0605288 0.011196 0 0.0615033 -0.988104 -0.140883 0 0.00253547 0.141305 -0.989963 0 -0.19479 -0.547572 0.19725 1 
0.997973 0.0626792 0.0100873 0 0.0634702 -0.988568 -0.136697 0 0.00140398 0.137063 -0.990561 0 -0.194246 -0.54941 0.193733 1 
0.997848 0.0648444 0.00871491 0 0.0654273 -0.989113 -0.131742 0 7.72824e-05 0.132032 -0.991246 0 -0.193739 -0.551405 0.190164 1 
0.99773 0.0668463 0.00692387 0 0.0671859 -0.989772 -0.125773 0 -0.00155442 0.125955 -0.992035 0 -0.193362 -0.55355 0.186933 1 
0.997621 0.0685986 0.00515347 0 0.0687212 -0.9904 -0.119858 0 -0.00311814 0.119929 -0.992778 0 -0.193074 -0.555673 0.18365 1 
0.997539 0.0698869 0.00360131 0 0.069839 -0.990953 -0.114522 0 -0.00443495 0.114494 -0.993414 0 -0.192891 -0.557569 0.180265 1 
0.997449 0.0712197 0.00174798 0 0.0709896 -0.991567 -0.108333 0 -0.00598233 0.108183 -0.994113 0 -0.192801 -0.559593 0.176922 1 
0.997371 0.0723309 -0.000238594 0 0.0719301 -0.992181 -0.101904 0 -0.00760771 0.101621 -0.994794 0 -0.192835 -0.561627 0.17406 1 
0.997313 0.0730915 -0.00214836 0 0.072552 -0.992761 -0.0956117 0 -0.00912139 0.0952008 -0.995416 0 -0.192943 -0.563643 0.170812 1 
0.997262 0.0737247 -0.00385009 0 0.0730828 -0.993267 -0.0897778 0 -0.0104432 0.0892523 -0.995954 0 -0.193059 -0.565452 0.167277 1 
0.99721 0.0742928 -0.00573514 0 0.0735569 -0.993779 -0.0835101 0 -0.0119039 0.0828569 -0.99649 0 -0.193244 -0.567341 0.164077 1 
0.997168 0.0746857 -0.00773032 0 0.073872 -0.994278 -0.0770404 0 -0.0134402 0.0762526 -0.996998 0 -0.193551 -0.569256 0.161172 1 
0.997128 0.075011 -0.00946723 0 0.0741546 -0.994706 -0.0710085 0 -0.0147438 0.0701039 -0.997431 0 -0.193904 -0.571041 0.157588 1 
0.997094 0.0752181 -0.0112165 0 0.0743359 -0.9951 -0.0650477 0 -0.0160546 0.0640262 -0.997819 0 -0.194306 -0.572803 0.154286 1 
0.997072 0.0751343 -0.0135508 0 0.0742379 -0.995566 -0.0576077 0 -0.0178194 0.0564341 -0.998247 0 -0.1949 -0.574936 0.151272 1 
0.997075 0.0746141 -0.0159508 0 0.073738 -0.996022 -0.0498397 0 -0.0196065 0.0485187 -0.99863 0 -0.195601 -0.577154 0.147566 1 
0.997077 0.0740954 -0.0181144 0 0.073271 -0.996393 -0.0425803 0 -0.0212044 0.0411293 -0.998929 0 -0.196261 -0.579268 0.143909 1 
0.997091 0.0732755 -0.0205292 0 0.0725323 -0.996747 -0.0348675 0 -0.0230178 0.0332777 -0.999181 0 -0.19697 -0.581464 0.141052 1 
0.997132 0.0721057 -0.0225547 0 0.0714635 -0.997038 -0.0280919 0 -0.0245139 0.0264 -0.999351 0 -0.1977 -0.5835 0.137722 1 
0.997176 0.0709888 -0.0241023 0 0.0704486 -0.99725 -0.022567 0 -0.0256385 0.0208057 -0.999455 0 -0.198362 -0.585318 0.134247 1 
0.99721 0.0699092 -0.0257822 0 0.0694892 -0.997431 -0.0168406 0 -0.0268938 0.0150024 -0.999526 0 -0.199082 -0.587234 0.131431 1 
0.997266 0.0687427 -0.0267417 0 0.0684166 -0.997563 -0.0129235 0 -0.0275654 0.0110588 -0.999559 0 -0.199791 -0.588828 0.128103 1 
0.997337 0.0675936 -0.0270316 0 0.0673234 -0.997663 -0.0107864 0 -0.0276981 0.00893796 -0.999576 0 -0.200471 -0.5901 0.124376 1 
0.99741 0.0665345 -0.0269497 0 0.0662867 -0.997741 -0.00998884 0 -0.027554 0.00817672 -0.999587 0 -0.201135 -0.591207 0.121369 1 
0.997514 0.0654246 -0.0258127 0 0.0651326 -0.997795 -0.0119945 0 -0.026541 0.0102836 -0.999595 0 -0.201718 -0.591837 0.117959 1 
0.997615 0.0644154 -0.0243889 0 0.0640634 -0.997824 -0.0149488 0 -0.0252993 0.013351 -0.999591 0 -0.202268 -0.592364 0.114556 1 
0.997695 0.0635268 -0.0234461 0 0.0631414 -0.997853 -0.0168291 0 -0.0244653 0.0153102 -0.999583 0 -0.202885 -0.593238 0.111762 1 
0.997774 0.0626788 -0.0223294 0 0.0622566 -0.997867 -0.0191273 0 -0.0234811 0.0176949 -0.999568 0 -0.20341 -0.593962 0.108722 1 
0.997858 0.0616983 -0.021302 0 0.0612474 -0.997888 -0.0212067 0 -0.0225658 0.019857 -0.999548 0 -0.203959 -0.594872 0.105652 1 
0.997939 0.060538 -0.0208172 0 0.0600787 -0.997941 -0.0220221 0 -0.0221079 0.0207264 -0.999541 0 -0.204609 -0.59623 0.103259 1 
0.998026 0.0593028 -0.0201946 0 0.0588315 -0.997989 -0.0231808 0 -0.0215291 0.0219474 -0.999527 0 -0.205224 -0.597472 0.100631 1 
0.998103 0.0581748 -0.0196611 0 0.0576957 -0.998033 -0.024118 0 -0.0210258 0.0229383 -0.999516 0 -0.205883 -0.598875 0.0979985 1 
0.998147 0.0574236 -0.0196329 0 0.0569512 -0.998083 -0.0238313 0 -0.0209641 0.0226694 -0.999523 0 -0.206672 -0.600702 0.0960325 1 
0.998189 0.0567696 -0.0194085 0 0.0562964 -0.998113 -0.0241155 0 -0.0207413 0.0229797 -0.999521 0 -0.207489 -0.602385 0.0936321 1 
0.998226 0.0561656 -0.0192455 0 0.0556964 -0.998147 -0.0241043 0 -0.020564 0.0229901 -0.999524 0 -0.20834 -0.604141 0.0913715 1 
0.998252 0.0555964 -0.0195656 0 0.0551436 -0.998205 -0.0229666 0 -0.0208077 0.0218479 -0.999545 0 -0.209373 -0.606267 0.089729 1 
0.998288 0.0549517 -0.0195404 0 0.0545055 -0.998246 -0.0226769 0 -0.0207527 0.0215735 -0.999552 0 -0.21035 -0.608027 0.0876275 1 
0.998324 0.0542547 -0.0196688 0 0.0538199 -0.998299 -0.0220036 0 -0.0208295 0.0209085 -0.999564 0 -0.211411 -0.609954 0.0856505 1 
0.998353 0.0535172 -0.0201812 0 0.0531053 -0.99837 -0.0204256 0 -0.0212418 0.0193206 -0.999588 0 -0.21259 -0.612154 0.0842053 1 
0.998394 0.0527194 -0.020246 0 0.052317 -0.998422 -0.0199132 0 -0.0212643 0.0188224 -0.999597 0 -0.213698 -0.613955 0.0821084 1 
0.998436 0.051849 -0.0204608 0 0.0514618 -0.998484 -0.0190176 0 -0.0214162 0.0179353 -0.99961 0 -0.21487 -0.615837 0.0802473 1 
0.998471 0.0509498 -0.0209772 0 0.0505882 -0.998558 -0.0174203 0 -0.0218349 0.0163328 -0.999628 0 -0.216123 -0.617906 0.0788339 1 
0.998511 0.050104 -0.0211095 0 0.0497548 -0.998611 -0.0167535 0 -0.02192 0.0156785 -0.999637 0 -0.217222 -0.619555 0.0769746 1 
0.998548 0.0492794 -0.0213058 0 0.0489445 -0.998664 -0.0159661 0 -0.0220646 0.0149004 -0.999646 0 -0.218328 -0.621275 0.0751221 1 
0.998579 0.0484425 -0.0217679 0 0.0481327 -0.998726 -0.0145341 0 -0.0224446 0.013466 -0.999657 0 -0.219486 -0.62314 0.0737276 1 
0.998612 0.0476294 -0.022029 0 0.0473371 -0.998777 -0.0136065 0 -0.0226506 0.012545 -0.999665 0 -0.220546 -0.624733 0.0721459 1 
0.998648 0.0468277 -0.0221423 0 0.0465474 -0.998822 -0.0130094 0 -0.0227259 0.0119614 -0.99967 0 -0.221549 -0.626197 0.0703553 1 
0.998678 0.0459881 -0.0225244 0 0.0457312 -0.998875 -0.0117884 0 -0.0230416 0.010743 -0.999677 0 -0.22265 -0.627866 0.0689182 1 
0.998704 0.0451989 -0.0229675 0 0.0449691 -0.998924 -0.0104237 0 -0.0234144 0.00937756 -0.999682 0 -0.2237 -0.629472 0.0677257 1 
0.998734 0.0443653 -0.023291 0 0.0441566 -0.998971 -0.00939824 0 -0.0236845 0.00835805 -0.999685 0 -0.224767 -0.631012 0.0662124 1 
0.998764 0.0435423 -0.023574 0 0.0433535 -0.999014 -0.00846114 0 -0.0239196 0.00742881 -0.999686 0 -0.225797 -0.632463 0.0647026 1 
0.998787 0.0427576 -0.024014 0 0.0425967 -0.999057 -0.00717131 0 -0.0242984 0.00613982 -0.999686 0 -0.226796 -0.633901 0.0636165 1 
0.998808 0.0419433 -0.0245668 0 0.0418182 -0.9991 -0.00558388 0 -0.0247793 0.00454997 -0.999683 0 -0.227843 -0.635425 0.0627096 1 
