0.999117 -0.0412182 0.00681766 0 -0.0409389 -0.998467 -0.0370009 0 0.00833248 0.0366899 -0.999292 0 -0.156649 -0.397195 0.533484 1 
0.999118 -0.0412077 0.00681928 0 -0.0409282 -0.998467 -0.0370138 0 0.00833424 0.0367027 -0.999291 0 -0.156644 -0.397195 0.533478 1 
0.999118 -0.041191 0.00681617 0 -0.0409117 -0.998468 -0.0370045 0 0.00833014 0.0366937 -0.999292 0 -0.156638 -0.397199 0.533482 1 
0.999118 -0.0412056 0.00681392 0 -0.0409264 -0.998467 -0.0369972 0 0.00832812 0.0366864 -0.999292 0 -0.156643 -0.397197 0.533487 1 
0.999118 -0.0412096 0.00681731 0 -0.0409303 -0.998467 -0.0369998 0 0.00833177 0.0366888 -0.999292 0 -0.156646 -0.397195 0.533485 1 
0.999118 -0.0412076 0.00681902 0 -0.0409282 -0.998467 -0.0370079 0 0.00833373 0.0366969 -0.999292 0 -0.156646 -0.397195 0.533482 1 
0.999118 -0.0412068 0.00681729 0 -0.0409274 -0.998467 -0.0370032 0 0.00833178 0.0366923 -0.999292 0 -0.156646 -0.397195 0.533482 1 
0.999118 -0.0411999 0.00681469 0 -0.0409207 -0.998467 -0.0369998 0 0.00832879 0.036689 -0.999292 0 -0.156643 -0.397197 0.533484 1 
0.999118 -0.0412112 0.00681585 0 -0.040932 -0.998467 -0.036998 0 0.00833029 0.036687 -0.999292 0 -0.156645 -0.397196 0.533485 1 
0.999118 -0.0412031 0.00681724 0 -0.0409238 -0.998467 -0.0370071 0 0.00833176 0.0366962 -0.999292 0 -0.156644 -0.397195 0.533482 1 
0.999118 -0.0412063 0.0068193 0 -0.0409269 -0.998467 -0.0370069 0 0.00833393 0.0366959 -0.999292 0 -0.156644 -0.397196 0.533481 1 
0.999118 -0.0412077 0.00681821 0 -0.0409283 -0.998467 -0.0370041 0 0.00833277 0.0366931 -0.999292 0 -0.156644 -0.397195 0.533482 1 
0.999118 -0.0412099 0.00681584 0 -0.0409306 -0.998467 -0.0370044 0 0.0083305 0.0366935 -0.999292 0 -0.156644 -0.397194 0.533483 1 
0.999118 -0.0412081 0.00681734 0 -0.0409288 -0.998467 -0.0370014 0 0.00833181 0.0366905 -0.999292 0 -0.156646 -0.397195 0.533483 1 
0.999118 -0.0412028 0.00681453 0 -0.0409236 -0.998467 -0.0370041 0 0.00832892 0.0366933 -0.999292 0 -0.156641 -0.397197 0.533483 1 
0.999118 -0.0412091 0.0068194 0 -0.0409297 -0.998467 -0.0370073 0 0.00833414 0.0366963 -0.999292 0 -0.156645 -0.397196 0.533481 1 
0.999118 -0.0412096 0.0068166 0 -0.0409303 -0.998467 -0.0370016 0 0.00833113 0.0366906 -0.999292 0 -0.156646 -0.397195 0.533484 1 
0.999118 -0.0412018 0.0068147 0 -0.0409226 -0.998467 -0.0369977 0 0.00832878 0.0366869 -0.999292 0 -0.156644 -0.397197 0.533485 1 
0.999118 -0.0412033 0.00681645 0 -0.040924 -0.998467 -0.0370029 0 0.0083308 0.036692 -0.999292 0 -0.156644 -0.397196 0.533483 1 
0.999118 -0.0412059 0.00681702 0 -0.0409266 -0.998467 -0.037003 0 0.00833147 0.036692 -0.999292 0 -0.156644 -0.397196 0.533483 1 
0.999118 -0.0412063 0.00681882 0 -0.0409269 -0.998467 -0.037008 0 0.00833349 0.0366969 -0.999292 0 -0.156646 -0.397195 0.533482 1 
0.999118 -0.0412018 0.00681872 0 -0.0409224 -0.998467 -0.0370087 0 0.00833326 0.0366977 -0.999292 0 -0.156644 -0.397197 0.53348 1 
0.999117 -0.041213 0.00681607 0 -0.0409338 -0.998467 -0.0369965 0 0.00833053 0.0366856 -0.999292 0 -0.156646 -0.397196 0.533486 1 
0.999118 -0.0412034 0.00681796 0 -0.0409241 -0.998467 -0.0370016 0 0.00833226 0.0366907 -0.999292 0 -0.156645 -0.397196 0.533483 1 
0.999118 -0.0412049 0.00681717 0 -0.0409256 -0.998467 -0.0370039 0 0.00833163 0.036693 -0.999292 0 -0.156644 -0.397196 0.533482 1 
0.999118 -0.0412042 0.00681454 0 -0.040925 -0.998467 -0.0370013 0 0.00832886 0.0366904 -0.999292 0 -0.156643 -0.397197 0.533484 1 
0.999118 -0.0412004 0.00681805 0 -0.0409211 -0.998467 -0.0370051 0 0.00833238 0.0366942 -0.999292 0 -0.156644 -0.397196 0.533482 1 
0.999118 -0.0412042 0.00681674 0 -0.0409249 -0.998467 -0.037002 0 0.00833109 0.0366911 -0.999292 0 -0.156644 -0.397196 0.533483 1 
0.999118 -0.0412034 0.00681808 0 -0.040924 -0.998467 -0.0370035 0 0.00833246 0.0366926 -0.999292 0 -0.156643 -0.397197 0.533483 1 
0.999118 -0.0412108 0.00681831 0 -0.0409314 -0.998467 -0.0370085 0 0.00833317 0.0366975 -0.999292 0 -0.156645 -0.397195 0.533481 1 
0.999118 -0.0412088 0.006816 0 -0.0409295 -0.998467 -0.0370078 0 0.00833075 0.0366969 -0.999292 0 -0.156645 -0.397194 0.533482 1 
0.999117 -0.0412129 0.00681699 0 -0.0409336 -0.998467 -0.0370044 0 0.00833176 0.0366934 -0.999292 0 -0.156647 -0.397194 0.533483 1 
0.999118 -0.0411988 0.00681692 0 -0.0409194 -0.998467 -0.0370078 0 0.00833131 0.0366969 -0.999292 0 -0.156643 -0.397196 0.533481 1 
0.999118 -0.0412018 0.00681702 0 -0.0409225 -0.998467 -0.0370058 0 0.00833143 0.0366949 -0.999292 0 -0.156643 -0.397197 0.533482 1 
0.999118 -0.0412014 0.00681723 0 -0.0409221 -0.998467 -0.0370028 0 0.00833151 0.0366919 -0.999292 0 -0.156644 -0.397196 0.533483 1 
0.999118 -0.0411998 0.00681888 0 -0.0409204 -0.998467 -0.0370094 0 0.00833336 0.0366984 -0.999292 0 -0.156643 -0.397195 0.533481 1 
0.999118 -0.041209 0.00681676 0 -0.0409297 -0.998467 -0.037004 0 0.00833137 0.0366931 -0.999292 0 -0.156644 -0.397196 0.533482 1 
0.999118 -0.041208 0.00681636 0 -0.0409287 -0.998467 -0.0370046 0 0.00833096 0.0366937 -0.999292 0 -0.156645 -0.397195 0.533482 1 
0.999117 -0.041214 0.00681745 0 -0.0409347 -0.998467 -0.0370042 0 0.00833225 0.0366932 -0.999292 0 -0.156646 -0.397194 0.533484 1 
0.999118 -0.0412048 0.00681724 0 -0.0409255 -0.998467 -0.0370031 0 0.00833166 0.0366922 -0.999292 0 -0.156645 -0.397196 0.533483 1 
0.999118 -0.0412039 0.00682067 0 -0.0409244 -0.998467 -0.0370082 0 0.00833526 0.0366971 -0.999292 0 -0.156645 -0.397195 0.533481 1 
0.999118 -0.0412068 0.00681568 0 -0.0409276 -0.998467 -0.037001 0 0.00833009 0.0366902 -0.999292 0 -0.156644 -0.397195 0.533484 1 
0.999118 -0.0412115 0.00681733 0 -0.0409321 -0.998467 -0.0370018 0 0.00833193 0.0366908 -0.999292 0 -0.156645 -0.397195 0.533483 1 
0.999118 -0.0412073 0.00681945 0 -0.0409279 -0.998467 -0.0370054 0 0.00833405 0.0366944 -0.999292 0 -0.156646 -0.397195 0.533482 1 
0.999118 -0.0412035 0.00681612 0 -0.0409242 -0.998467 -0.0370017 0 0.00833043 0.0366908 -0.999292 0 -0.156644 -0.397196 0.533483 1 
0.999118 -0.0412021 0.00681618 0 -0.0409228 -0.998467 -0.0370053 0 0.00833058 0.0366944 -0.999292 0 -0.156645 -0.397196 0.533482 1 
0.999118 -0.0412046 0.00681791 0 -0.0409253 -0.998467 -0.0370047 0 0.00833238 0.0366937 -0.999292 0 -0.156646 -0.397195 0.533482 1 
0.999118 -0.041211 0.00681991 0 -0.0409315 -0.998467 -0.0370091 0 0.00833479 0.036698 -0.999292 0 -0.156646 -0.397195 0.533479 1 
0.999118 -0.0412067 0.00681637 0 -0.0409275 -0.998467 -0.0370016 0 0.0083308 0.0366907 -0.999292 0 -0.156644 -0.397197 0.533484 1 
0.999118 -0.0412056 0.0068167 0 -0.0409263 -0.998467 -0.0370035 0 0.00833116 0.0366926 -0.999292 0 -0.156645 -0.397196 0.533483 1 
0.999117 -0.0412129 0.00681756 0 -0.0409335 -0.998467 -0.0370079 0 0.00833247 0.0366969 -0.999292 0 -0.156645 -0.397196 0.533482 1 
0.999118 -0.0412105 0.00681564 0 -0.0409312 -0.998467 -0.0369994 0 0.00833011 0.0366884 -0.999292 0 -0.156644 -0.397196 0.533484 1 
0.999118 -0.0411999 0.00681668 0 -0.0409206 -0.998467 -0.0370058 0 0.00833103 0.0366949 -0.999292 0 -0.156643 -0.397197 0.533482 1 
0.999118 -0.0412052 0.0068182 0 -0.0409259 -0.998467 -0.0370024 0 0.0083326 0.0366915 -0.999292 0 -0.156646 -0.397196 0.533483 1 
0.999118 -0.0412124 0.00681706 0 -0.0409331 -0.998467 -0.037006 0 0.00833188 0.036695 -0.999292 0 -0.156644 -0.397195 0.533482 1 
0.999118 -0.0412114 0.00681874 0 -0.040932 -0.998467 -0.0370033 0 0.0083334 0.0366923 -0.999292 0 -0.156647 -0.397195 0.533482 1 
0.999118 -0.0412053 0.00681767 0 -0.0409259 -0.998467 -0.0370039 0 0.00833214 0.036693 -0.999292 0 -0.156646 -0.397196 0.533482 1 
0.999118 -0.0412108 0.00681785 0 -0.0409314 -0.998467 -0.0370024 0 0.00833245 0.0366913 -0.999292 0 -0.156644 -0.397195 0.533483 1 
0.999118 -0.0412036 0.00681465 0 -0.0409244 -0.998467 -0.0370031 0 0.00832902 0.0366922 -0.999292 0 -0.156646 -0.397196 0.533483 1 
0.999118 -0.0412065 0.00681911 0 -0.0409271 -0.998467 -0.0370059 0 0.00833369 0.0366948 -0.999292 0 -0.156647 -0.397195 0.533482 1 
0.999118 -0.0412082 0.00681671 0 -0.0409289 -0.998467 -0.0370017 0 0.00833119 0.0366907 -0.999292 0 -0.156645 -0.397197 0.533483 1 
0.999118 -0.041202 0.00681678 0 -0.0409227 -0.998467 -0.0370014 0 0.00833102 0.0366905 -0.999292 0 -0.156644 -0.397197 0.533484 1 
0.999118 -0.0412073 0.00681829 0 -0.0409279 -0.998467 -0.0370061 0 0.00833292 0.0366951 -0.999292 0 -0.156646 -0.397195 0.533481 1 
0.999118 -0.0412074 0.00681916 0 -0.0409279 -0.998467 -0.0370088 0 0.0083339 0.0366977 -0.999292 0 -0.156644 -0.397195 0.533482 1 
0.999118 -0.0412121 0.00681756 0 -0.0409328 -0.998467 -0.0370062 0 0.00833237 0.0366952 -0.999292 0 -0.156647 -0.397195 0.533481 1 
0.999118 -0.0412098 0.00681735 0 -0.0409304 -0.998467 -0.0370034 0 0.00833196 0.0366924 -0.999292 0 -0.156646 -0.397195 0.533483 1 
0.999118 -0.0412087 0.00681804 0 -0.0409293 -0.998467 -0.0370058 0 0.0083327 0.0366948 -0.999292 0 -0.156645 -0.397194 0.533483 1 
0.999118 -0.0412052 0.00681775 0 -0.0409259 -0.998467 -0.0370048 0 0.00833225 0.0366938 -0.999292 0 -0.156644 -0.397197 0.533482 1 
0.999118 -0.0412037 0.00681819 0 -0.0409244 -0.998467 -0.0370018 0 0.00833251 0.0366908 -0.999292 0 -0.156644 -0.397197 0.533483 1 
0.999118 -0.0412078 0.00681762 0 -0.0409284 -0.998467 -0.0370054 0 0.00833224 0.0366944 -0.999292 0 -0.156644 -0.397196 0.533482 1 
0.999118 -0.0412061 0.00681574 0 -0.0409269 -0.998467 -0.037003 0 0.0083302 0.0366921 -0.999292 0 -0.156644 -0.397195 0.533483 1 
0.999117 -0.041215 0.0068178 0 -0.0409356 -0.998467 -0.0370032 0 0.00833259 0.0366921 -0.999292 0 -0.156647 -0.397195 0.533483 1 
0.999118 -0.0412111 0.00681864 0 -0.0409317 -0.998467 -0.0370074 0 0.00833346 0.0366964 -0.999292 0 -0.156646 -0.397195 0.533482 1 
0.999117 -0.0412164 0.00681795 0 -0.0409371 -0.998467 -0.0370049 0 0.00833287 0.0366939 -0.999292 0 -0.156646 -0.397194 0.533483 1 
0.999118 -0.0412046 0.0068173 0 -0.0409253 -0.998467 -0.0370013 0 0.00833164 0.0366903 -0.999292 0 -0.156644 -0.397197 0.533483 1 
0.999118 -0.0412054 0.00681704 0 -0.0409261 -0.998467 -0.0370025 0 0.00833145 0.0366916 -0.999292 0 -0.156643 -0.397197 0.533483 1 
0.999118 -0.0412102 0.00681797 0 -0.0409308 -0.998467 -0.0370053 0 0.00833267 0.0366942 -0.999292 0 -0.156645 -0.397196 0.533482 1 
0.999118 -0.0412085 0.00681911 0 -0.0409291 -0.998467 -0.0370041 0 0.0083337 0.036693 -0.999292 0 -0.156647 -0.397195 0.533482 1 
0.999119 -0.0411845 0.00681352 0 -0.0409053 -0.998468 -0.0370025 0 0.00832717 0.0366919 -0.999292 0 -0.156637 -0.3972 0.533484 1 
0.999119 -0.0411804 0.00681145 0 -0.0409013 -0.998468 -0.0369986 0 0.0083248 0.0366881 -0.999292 0 -0.156634 -0.3972 0.533485 1 
0.999119 -0.0411855 0.00681189 0 -0.0409065 -0.998468 -0.0369989 0 0.00832544 0.0366884 -0.999292 0 -0.156636 -0.3972 0.533485 1 
0.999117 -0.0412265 0.00681846 0 -0.0409472 -0.998466 -0.0369974 0 0.00833344 0.0366862 -0.999292 0 -0.156654 -0.397192 0.533485 1 
0.999115 -0.0412666 0.00682554 0 -0.040987 -0.998465 -0.0369972 0 0.00834197 0.0366854 -0.999292 0 -0.15667 -0.397186 0.533484 1 
0.999116 -0.0412555 0.00682264 0 -0.040976 -0.998466 -0.0369903 0 0.00833838 0.0366788 -0.999292 0 -0.156665 -0.397188 0.533487 1 
0.999117 -0.0412185 0.00681444 0 -0.0409393 -0.998467 -0.0369917 0 0.0083289 0.0366807 -0.999292 0 -0.156651 -0.397194 0.533488 1 
0.999117 -0.0412327 0.00681437 0 -0.0409536 -0.998467 -0.0369879 0 0.00832919 0.0366768 -0.999292 0 -0.156656 -0.397192 0.533489 1 
0.999116 -0.0412579 0.006821 0 -0.0409785 -0.998466 -0.0369876 0 0.00833672 0.0366761 -0.999292 0 -0.156667 -0.39719 0.533488 1 
0.999115 -0.0412699 0.00681651 0 -0.0409908 -0.998465 -0.0369762 0 0.00833222 0.0366648 -0.999293 0 -0.156673 -0.397189 0.533492 1 
0.999115 -0.0412718 0.00681239 0 -0.040993 -0.998466 -0.0369611 0 0.00832756 0.0366498 -0.999293 0 -0.156675 -0.397189 0.533498 1 
0.999115 -0.0412719 0.00681516 0 -0.0409929 -0.998466 -0.036968 0 0.00833061 0.0366567 -0.999293 0 -0.156675 -0.39719 0.533495 1 
0.999115 -0.041282 0.00681861 0 -0.0410028 -0.998465 -0.0369776 0 0.00833481 0.036666 -0.999293 0 -0.156678 -0.397189 0.533491 1 
0.999115 -0.0412839 0.00681747 0 -0.0410048 -0.998465 -0.0369727 0 0.00833354 0.0366611 -0.999293 0 -0.156679 -0.397186 0.533495 1 
0.999115 -0.0412818 0.00681578 0 -0.0410028 -0.998466 -0.0369609 0 0.00833129 0.0366494 -0.999293 0 -0.156679 -0.397186 0.533498 1 
0.999115 -0.041266 0.00681369 0 -0.0409871 -0.998466 -0.0369674 0 0.00832889 0.0366561 -0.999293 0 -0.156672 -0.397189 0.533495 1 
0.999116 -0.0412576 0.00681736 0 -0.0409784 -0.998465 -0.0369896 0 0.00833317 0.0366782 -0.999292 0 -0.156666 -0.397191 0.533487 1 
0.999116 -0.0412578 0.00681305 0 -0.0409789 -0.998466 -0.0369747 0 0.00832825 0.0366635 -0.999293 0 -0.156667 -0.397191 0.533493 1 
0.999115 -0.0412629 0.00681665 0 -0.0409838 -0.998466 -0.0369792 0 0.00833222 0.0366678 -0.999293 0 -0.156671 -0.39719 0.533491 1 
0.999115 -0.0412729 0.00681741 0 -0.0409938 -0.998465 -0.036975 0 0.00833317 0.0366636 -0.999293 0 -0.156675 -0.397189 0.533492 1 
0.999115 -0.041271 0.00681274 0 -0.040992 -0.998465 -0.0369766 0 0.00832851 0.0366654 -0.999293 0 -0.156672 -0.39719 0.533492 1 
0.999117 -0.0412314 0.00681021 0 -0.0409525 -0.998467 -0.0369825 0 0.00832477 0.0366716 -0.999293 0 -0.156654 -0.397197 0.53349 1 
0.999117 -0.0412201 0.00680792 0 -0.0409413 -0.998467 -0.0369773 0 0.00832185 0.0366666 -0.999293 0 -0.156651 -0.397197 0.533492 1 
0.999117 -0.0412169 0.0068092 0 -0.0409381 -0.998467 -0.03698 0 0.00832312 0.0366693 -0.999293 0 -0.156653 -0.397198 0.533491 1 
0.999117 -0.0412314 0.00681156 0 -0.0409525 -0.998467 -0.0369742 0 0.00832577 0.0366633 -0.999293 0 -0.156657 -0.397195 0.533494 1 
0.999116 -0.0412425 0.00681147 0 -0.0409637 -0.998467 -0.0369743 0 0.0083261 0.0366633 -0.999293 0 -0.156662 -0.397193 0.533494 1 
0.999117 -0.0412357 0.00681336 0 -0.0409567 -0.998467 -0.0369764 0 0.00832782 0.0366653 -0.999293 0 -0.156659 -0.397194 0.533492 1 
0.999118 -0.041197 0.00680585 0 -0.0409183 -0.998468 -0.0369825 0 0.00831915 0.0366721 -0.999293 0 -0.156643 -0.397201 0.53349 1 
0.999118 -0.0412089 0.00680437 0 -0.0409303 -0.998468 -0.0369721 0 0.00831768 0.0366617 -0.999293 0 -0.156647 -0.397199 0.533495 1 
0.999116 -0.0412416 0.00681336 0 -0.0409626 -0.998467 -0.0369707 0 0.0083278 0.0366596 -0.999293 0 -0.156665 -0.397194 0.533494 1 
0.999115 -0.0412648 0.00681908 0 -0.0409855 -0.998465 -0.0369838 0 0.0083349 0.0366723 -0.999293 0 -0.156673 -0.39719 0.533488 1 
0.999116 -0.0412499 0.00681103 0 -0.0409711 -0.998467 -0.0369639 0 0.00832551 0.0366529 -0.999293 0 -0.156668 -0.397192 0.533498 1 
0.999116 -0.0412551 0.00680503 0 -0.0409766 -0.998467 -0.036953 0 0.00831926 0.0366422 -0.999294 0 -0.156668 -0.397193 0.533502 1 
0.999114 -0.0412882 0.00681652 0 -0.0410091 -0.998465 -0.0369701 0 0.00833265 0.0366586 -0.999293 0 -0.156684 -0.397188 0.533493 1 
0.999115 -0.0412733 0.00682302 0 -0.0409939 -0.998465 -0.0369914 0 0.00833946 0.0366797 -0.999292 0 -0.156678 -0.397192 0.533483 1 
0.999117 -0.0412286 0.00680924 0 -0.0409497 -0.998467 -0.0369844 0 0.00832378 0.0366736 -0.999293 0 -0.156658 -0.3972 0.533488 1 
0.999114 -0.0413042 0.00682447 0 -0.0410247 -0.998463 -0.0369951 0 0.00834219 0.036683 -0.999292 0 -0.156689 -0.397186 0.533481 1 
0.999111 -0.0413613 0.00684894 0 -0.0410806 -0.99846 -0.0370237 0 0.0083699 0.0367101 -0.999291 0 -0.156717 -0.397178 0.533466 1 
0.999112 -0.0413376 0.0068335 0 -0.0410574 -0.998461 -0.0370257 0 0.0083537 0.0367129 -0.999291 0 -0.156706 -0.397182 0.533468 1 
0.999116 -0.0412576 0.00679893 0 -0.0409793 -0.998467 -0.0369604 0 0.00831356 0.0366498 -0.999294 0 -0.156669 -0.397193 0.533499 1 
0.999114 -0.0412976 0.0067909 0 -0.0410198 -0.998466 -0.0369316 0 0.00830583 0.036621 -0.999295 0 -0.156687 -0.397183 0.533512 1 
0.999109 -0.0414077 0.00682061 0 -0.0411285 -0.99846 -0.0369683 0 0.00834104 0.0366555 -0.999293 0 -0.156735 -0.397167 0.533493 1 
0.999109 -0.0414206 0.00683497 0 -0.0411403 -0.998457 -0.0370261 0 0.00835823 0.0367126 -0.999291 0 -0.156741 -0.397169 0.533468 1 
0.999111 -0.0413727 0.00682172 0 -0.041093 -0.99846 -0.0370116 0 0.00834264 0.0366991 -0.999292 0 -0.156722 -0.397174 0.533476 1 
0.999112 -0.0413501 0.00681125 0 -0.041071 -0.998462 -0.0369939 0 0.00833063 0.036682 -0.999292 0 -0.156711 -0.397176 0.533484 1 
0.999111 -0.0413753 0.00683163 0 -0.0410951 -0.998459 -0.0370335 0 0.00835354 0.0367205 -0.999291 0 -0.156722 -0.397176 0.533464 1 
0.999109 -0.041421 0.00685221 0 -0.0411397 -0.998456 -0.0370668 0 0.00837714 0.0367526 -0.999289 0 -0.156741 -0.39717 0.533448 1 
0.99911 -0.0413902 0.00684074 0 -0.0411094 -0.998458 -0.0370518 0 0.00836393 0.0367383 -0.99929 0 -0.156729 -0.397175 0.533455 1 
0.999112 -0.0413472 0.00685102 0 -0.0410657 -0.998458 -0.037104 0 0.00837477 0.0367904 -0.999288 0 -0.15671 -0.397182 0.533432 1 
0.999111 -0.0413599 0.00689978 0 -0.0410755 -0.998452 -0.0372344 0 0.00842927 0.0369186 -0.999283 0 -0.156719 -0.397183 0.533372 1 
0.999108 -0.041414 0.00695306 0 -0.0411266 -0.998446 -0.0373516 0 0.0084893 0.0370331 -0.999278 0 -0.156745 -0.397183 0.533315 1 
0.999107 -0.0414323 0.00697877 0 -0.0411432 -0.998442 -0.0374394 0 0.00851926 0.0371195 -0.999275 0 -0.156761 -0.397199 0.533276 1 
0.999108 -0.0414158 0.00698386 0 -0.0411263 -0.998442 -0.0374658 0 0.00852481 0.0371458 -0.999273 0 -0.156754 -0.397207 0.533264 1 
0.999108 -0.0414214 0.0069846 0 -0.0411319 -0.998442 -0.0374606 0 0.00852555 0.0371406 -0.999274 0 -0.156756 -0.397206 0.533267 1 
0.999108 -0.0414467 0.00678913 0 -0.0411652 -0.998444 -0.0373719 0 0.00832767 0.0370598 -0.999278 0 -0.156814 -0.397232 0.533259 1 
0.999109 -0.0416309 0.00532229 0 -0.0414118 -0.998477 -0.0361826 0 0.00682063 0.0359306 -0.999331 0 -0.15724 -0.39749 0.533336 1 
0.999115 -0.041685 0.00357772 0 -0.0415394 -0.998547 -0.0340354 0 0.00499139 0.0338573 -0.999414 0 -0.157694 -0.397998 0.533477 1 
0.999116 -0.0417478 0.00234095 0 -0.0416508 -0.998602 -0.0322459 0 0.00368394 0.0321205 -0.999477 0 -0.158057 -0.39848 0.533535 1 
0.999111 -0.041916 0.00133133 0 -0.0418543 -0.998629 -0.0311283 0 0.00263433 0.0310455 -0.999515 0 -0.158429 -0.398866 0.533478 1 
0.999107 -0.0420225 0.000445228 0 -0.0419896 -0.998647 -0.0303456 0 0.00171985 0.0303004 -0.999539 0 -0.158781 -0.399261 0.53333 1 
0.999103 -0.0421165 -0.000513372 0 -0.042113 -0.998655 -0.0299391 0 0.000748262 0.0299344 -0.999552 0 -0.159158 -0.399642 0.533097 1 
0.9991 -0.0421576 -0.00153254 0 -0.0421846 -0.998646 -0.0301362 0 -0.000259999 0.0301744 -0.999545 0 -0.159537 -0.399956 0.532774 1 
0.999101 -0.0420918 -0.00262607 0 -0.0421533 -0.998615 -0.0311632 0 -0.00131074 0.0312465 -0.999511 0 -0.159949 -0.400256 0.532248 1 
0.9991 -0.0420251 -0.00363656 0 -0.0421225 -0.998556 -0.0330494 0 -0.00224245 0.0331735 -0.999447 0 -0.160377 -0.400491 0.531521 1 
0.999098 -0.0419867 -0.00457242 0 -0.0421223 -0.998478 -0.0353356 0 -0.00308189 0.035497 -0.999365 0 -0.160832 -0.400707 0.530663 1 
0.999098 -0.0419375 -0.00505039 0 -0.0420999 -0.998376 -0.0381221 0 -0.0034435 0.0383011 -0.99926 0 -0.161247 -0.400958 0.529584 1 
0.999101 -0.0418834 -0.00493028 0 -0.0420503 -0.998269 -0.0408868 0 -0.00320933 0.0410581 -0.999152 0 -0.161555 -0.401277 0.528422 1 
0.999106 -0.0418099 -0.00451844 0 -0.0419676 -0.998154 -0.0436794 0 -0.00268392 0.0438308 -0.999035 0 -0.161822 -0.401662 0.527211 1 
0.999111 -0.0417528 -0.0037665 0 -0.0418831 -0.998027 -0.0465671 0 -0.00181479 0.0466844 -0.998908 0 -0.162046 -0.402098 0.525913 1 
0.999116 -0.0417222 -0.00282585 0 -0.0418108 -0.997898 -0.0493087 0 -0.000762656 0.0493842 -0.99878 0 -0.162259 -0.402592 0.524625 1 
0.999122 -0.0416286 -0.00193065 0 -0.0416727 -0.997784 -0.0516917 0 0.000225486 0.0517278 -0.998661 0 -0.162501 -0.403258 0.523324 1 
0.999131 -0.0414435 -0.00115531 0 -0.0414456 -0.997681 -0.0538035 0 0.00107719 0.0538056 -0.998551 0 -0.162762 -0.404065 0.521979 1 
0.999141 -0.0411961 -0.000457207 0 -0.0411578 -0.997594 -0.0556063 0 0.00183469 0.0555784 -0.998453 0 -0.163064 -0.405046 0.520542 1 
0.999155 -0.0408538 0.000196059 0 -0.0407756 -0.997518 -0.0572378 0 0.002534 0.0571826 -0.998361 0 -0.163429 -0.406281 0.51891 1 
0.999175 -0.0403799 0.000550593 0 -0.04028 -0.997494 -0.0580026 0 0.00289141 0.0579337 -0.998316 0 -0.163817 -0.407722 0.517315 1 
0.999204 -0.0396555 0.000295782 0 -0.039574 -0.997578 -0.0570338 0 0.00255682 0.0569778 -0.998372 0 -0.164334 -0.409731 0.51562 1 
0.99924 -0.0387264 -0.000296396 0 -0.0386838 -0.997721 -0.0551071 0 0.00183841 0.0550777 -0.99848 0 -0.164813 -0.411891 0.51404 1 
0.99928 -0.0376655 -0.00104181 0 -0.037668 -0.997889 -0.0527157 0 0.000945968 0.0527181 -0.998609 0 -0.165286 -0.414201 0.512504 1 
0.999323 -0.0364842 -0.00193341 0 -0.0365353 -0.998075 -0.0499162 0 -0.000108536 0.049954 -0.998752 0 -0.165778 -0.416733 0.510906 1 
0.999369 -0.0351585 -0.00253573 0 -0.0352396 -0.99822 -0.0479059 0 -0.000846934 0.047966 -0.998849 0 -0.166238 -0.419358 0.509007 1 
0.999414 -0.0338111 -0.0030151 0 -0.0339144 -0.998346 -0.0462084 0 -0.00144779 0.0462844 -0.998927 0 -0.166628 -0.42186 0.507126 1 
0.999463 -0.0322823 -0.00364855 0 -0.0324119 -0.998493 -0.0440769 0 -0.00222019 0.0441723 -0.999021 0 -0.166988 -0.424533 0.505214 1 
0.99951 -0.0307188 -0.00418184 0 -0.0308682 -0.99862 -0.0422628 0 -0.00287787 0.042372 -0.999098 0 -0.167252 -0.427034 0.503393 1 
0.999562 -0.0288885 -0.00470874 0 -0.0290553 -0.998753 -0.0403606 0 -0.00353698 0.0404806 -0.999174 0 -0.167571 -0.430028 0.501065 1 
0.999598 -0.0275933 -0.00485166 0 -0.027764 -0.998821 -0.0395869 0 -0.00375368 0.0397064 -0.999204 0 -0.167847 -0.432655 0.498742 1 
0.999609 -0.0271528 -0.0050469 0 -0.0273285 -0.998863 -0.0388129 0 -0.00398736 0.0389364 -0.999234 0 -0.168083 -0.434908 0.496744 1 
0.999613 -0.0268543 -0.00581177 0 -0.0270481 -0.998964 -0.0363268 0 -0.00483032 0.0364706 -0.999323 0 -0.168431 -0.438265 0.494152 1 
0.99961 -0.0268214 -0.00636079 0 -0.0270252 -0.99903 -0.0344749 0 -0.00543006 0.034634 -0.999385 0 -0.168734 -0.44129 0.491671 1 
0.999603 -0.0269736 -0.00682881 0 -0.0271838 -0.999082 -0.0328168 0 -0.00593747 0.03299 -0.999438 0 -0.169127 -0.444538 0.488823 1 
0.999598 -0.0270356 -0.00735176 0 -0.027251 -0.999139 -0.030969 0 -0.00650829 0.0311575 -0.999493 0 -0.169463 -0.447738 0.486087 1 
0.999596 -0.0268829 -0.00808388 0 -0.0271028 -0.999218 -0.0284532 0 -0.0073128 0.0286614 -0.999562 0 -0.169842 -0.450991 0.483411 1 
0.999611 -0.0262171 -0.00842271 0 -0.0264359 -0.999276 -0.0270042 0 -0.00770878 0.0272169 -0.9996 0 -0.170177 -0.454328 0.480279 1 
0.99963 -0.0254268 -0.00861591 0 -0.0256427 -0.999325 -0.0259519 0 -0.00795037 0.0261637 -0.999626 0 -0.170488 -0.457614 0.477032 1 
0.999643 -0.0248094 -0.00886849 0 -0.0250223 -0.999371 -0.0247554 0 -0.00824889 0.024969 -0.999654 0 -0.170776 -0.460748 0.473989 1 
0.999643 -0.0247586 -0.00908113 0 -0.0249673 -0.999399 -0.0236303 0 -0.00849078 0.0238491 -0.99968 0 -0.171086 -0.464032 0.470623 1 
0.999627 -0.0253647 -0.00908083 0 -0.0255693 -0.999395 -0.0231754 0 -0.00848766 0.0233994 -0.99969 0 -0.171444 -0.467336 0.466923 1 
0.99961 -0.0260656 -0.00903276 0 -0.0262667 -0.999383 -0.0229061 0 -0.00843029 0.0231349 -0.999697 0 -0.17162 -0.470301 0.463613 1 
0.999586 -0.0270342 -0.0088708 0 -0.0272314 -0.999357 -0.0229288 0 -0.00824539 0.0231613 -0.999698 0 -0.171858 -0.473414 0.459929 1 
0.999577 -0.0275087 -0.00835736 0 -0.0277019 -0.999319 -0.0239569 0 -0.0076928 0.0241787 -0.999678 0 -0.172117 -0.476558 0.4557 1 
0.999579 -0.0275248 -0.0080975 0 -0.027714 -0.999312 -0.024255 0 -0.00742446 0.0244697 -0.999673 0 -0.17227 -0.479363 0.452142 1 
0.99958 -0.0276172 -0.00762498 0 -0.027801 -0.999287 -0.0251514 0 -0.00692507 0.0253533 -0.999655 0 -0.172496 -0.482299 0.448112 1 
0.99959 -0.0274062 -0.00708836 0 -0.0275831 -0.999267 -0.0261988 0 -0.00636528 0.026384 -0.999632 0 -0.17276 -0.485245 0.443894 1 
0.999608 -0.0268334 -0.00673786 0 -0.0270045 -0.999268 -0.0267373 0 -0.00601559 0.0269093 -0.99962 0 -0.172935 -0.487921 0.440243 1 
0.999616 -0.0266509 -0.00626229 0 -0.0268139 -0.99925 -0.0275781 0 -0.00552273 0.0277359 -0.9996 0 -0.173256 -0.490814 0.436032 1 
0.999601 -0.0272 -0.0061786 0 -0.0273589 -0.999244 -0.0272667 0 -0.00543238 0.0274254 -0.999609 0 -0.173706 -0.493879 0.431857 1 
0.999569 -0.0283255 -0.00629241 0 -0.0284823 -0.999236 -0.0264089 0 -0.00553966 0.0265773 -0.999631 0 -0.174068 -0.496732 0.428203 1 
0.999517 -0.0301265 -0.00626581 0 -0.0302792 -0.999196 -0.0258945 0 -0.00548077 0.0260722 -0.999645 0 -0.174562 -0.500109 0.423506 1 
0.999455 -0.0320795 -0.00646108 0 -0.0322303 -0.999163 -0.0247845 0 -0.00566071 0.0249797 -0.999672 0 -0.175018 -0.503165 0.419427 1 
0.999416 -0.0331726 -0.00688004 0 -0.0333217 -0.999174 -0.0228305 0 -0.00611713 0.0230469 -0.999716 0 -0.175523 -0.506378 0.415346 1 
0.999406 -0.0334797 -0.00686183 0 -0.0336245 -0.999178 -0.0222086 0 -0.00611277 0.0224265 -0.99973 0 -0.176042 -0.509231 0.411147 1 
0.999395 -0.0337757 -0.00700647 0 -0.0339169 -0.999192 -0.0211287 0 -0.00628729 0.0213539 -0.999752 0 -0.176562 -0.5118 0.407531 1 
0.999365 -0.0346052 -0.00725986 0 -0.0347415 -0.999195 -0.0195839 0 -0.00657644 0.0198241 -0.999782 0 -0.177215 -0.514703 0.403465 1 
0.999319 -0.0358954 -0.00735299 0 -0.0360267 -0.999168 -0.0185856 0 -0.00667987 0.0188382 -0.9998 0 -0.1779 -0.517418 0.399284 1 
0.999232 -0.0381774 -0.00762666 0 -0.0383028 -0.999111 -0.0170405 0 -0.00696946 0.0173198 -0.999826 0 -0.178539 -0.520158 0.395313 1 
0.999076 -0.0420476 -0.00774791 0 -0.0421678 -0.998972 -0.016065 0 -0.00706459 0.0163771 -0.999841 0 -0.179156 -0.522728 0.391312 1 
0.998876 -0.046581 -0.00763931 0 -0.0466977 -0.998773 -0.0158774 0 -0.00689048 0.0162166 -0.999845 0 -0.179767 -0.525112 0.387063 1 
0.998644 -0.0513041 -0.00767231 0 -0.0514162 -0.998552 -0.0152144 0 -0.00688078 0.0155885 -0.999855 0 -0.180351 -0.527487 0.383013 1 
0.998428 -0.0553685 -0.00747858 0 -0.055478 -0.998333 -0.0153242 0 -0.00661775 0.0157154 -0.999855 0 -0.180875 -0.529692 0.378824 1 
0.998224 -0.0590072 -0.00693188 0 -0.0591159 -0.998102 -0.0166839 0 -0.00593437 0.0170644 -0.999837 0 -0.181361 -0.531722 0.374239 1 
0.99803 -0.0622592 -0.00639532 0 -0.0623657 -0.99788 -0.0180867 0 -0.00525579 0.0184503 -0.999816 0 -0.181749 -0.533525 0.370035 1 
0.99784 -0.0652599 -0.0060213 0 -0.0653628 -0.997674 -0.0188584 0 -0.00477668 0.0192116 -0.999804 0 -0.182249 -0.535457 0.365679 1 
0.997692 -0.0675404 -0.00552116 0 -0.0676384 -0.997498 -0.0200733 0 -0.00415166 0.0204008 -0.999783 0 -0.18274 -0.537286 0.361239 1 
0.997543 -0.0697195 -0.00522406 0 -0.0698127 -0.997339 -0.0205175 0 -0.00377976 0.0208322 -0.999776 0 -0.183263 -0.539202 0.357001 1 
0.997374 -0.0721158 -0.00498875 0 -0.0722041 -0.997166 -0.0206754 0 -0.00348365 0.0209817 -0.999774 0 -0.183925 -0.541169 0.352567 1 
0.997133 -0.0753886 -0.00482931 0 -0.0754729 -0.996925 -0.0206394 0 -0.00325855 0.0209451 -0.999775 0 -0.184638 -0.543108 0.348139 1 
0.996798 -0.0796694 -0.00513103 0 -0.0797526 -0.996627 -0.0188271 0 -0.00361385 0.0191764 -0.99981 0 -0.185433 -0.545342 0.343948 1 
0.996509 -0.0832029 -0.00525098 0 -0.0832832 -0.996361 -0.0175705 0 -0.00377003 0.0179468 -0.999832 0 -0.186227 -0.547563 0.339364 1 
0.996388 -0.0846307 -0.00542796 0 -0.0847073 -0.996269 -0.0159245 0 -0.00406009 0.016327 -0.999858 0 -0.186982 -0.54978 0.33494 1 
0.996369 -0.0848194 -0.00596531 0 -0.0848897 -0.996299 -0.0127299 0 -0.00486358 0.0131904 -0.999901 0 -0.187808 -0.552222 0.330785 1 
0.99636 -0.0849014 -0.00633824 0 -0.0849625 -0.996323 -0.0100987 0 -0.00545765 0.0106006 -0.999929 0 -0.188706 -0.554657 0.326099 1 
0.996343 -0.0850544 -0.00679219 0 -0.0851019 -0.996338 -0.00704042 0 -0.00616861 0.00759285 -0.999952 0 -0.189717 -0.557277 0.321099 1 
0.996328 -0.0851989 -0.00726967 0 -0.0852301 -0.996343 -0.00409846 0 -0.00689403 0.0047031 -0.999965 0 -0.190583 -0.559509 0.31696 1 
0.996308 -0.0854125 -0.00741522 0 -0.0854338 -0.996331 -0.00260536 0 -0.00716562 0.00322932 -0.999969 0 -0.191372 -0.561373 0.312612 1 
0.996269 -0.0858676 -0.00750815 0 -0.0858779 -0.996295 -0.00105591 0 -0.00738981 0.00169679 -0.999971 0 -0.192441 -0.563595 0.307111 1 
0.996224 -0.0864113 -0.00721378 0 -0.0864228 -0.996248 -0.00130578 0 -0.00707401 0.00192432 -0.999973 0 -0.193291 -0.565016 0.302521 1 
0.996173 -0.0870449 -0.00658402 0 -0.0870654 -0.996189 -0.0028866 0 -0.00630779 0.00344886 -0.999974 0 -0.194133 -0.56624 0.297222 1 
0.996122 -0.0876756 -0.00594853 0 -0.0877042 -0.996126 -0.00472925 0 -0.00551095 0.00523272 -0.999971 0 -0.194919 -0.567256 0.292306 1 
0.996067 -0.0883587 -0.0049631 0 -0.0883978 -0.996041 -0.008289 0 -0.00421113 0.00869529 -0.999953 0 -0.195645 -0.567878 0.287108 1 
0.996005 -0.0891104 -0.00366561 0 -0.0891509 -0.995923 -0.0130228 0 -0.00249024 0.0132979 -0.999908 0 -0.196315 -0.568248 0.281621 1 
0.995936 -0.0899254 -0.00226529 0 -0.0899517 -0.995775 -0.0179558 0 -0.000641042 0.018087 -0.999836 0 -0.19692 -0.568438 0.276475 1 
0.99586 -0.0907969 -0.000344193 0 -0.0907771 -0.995548 -0.0250027 0 0.00192755 0.0249309 -0.999687 0 -0.197409 -0.568199 0.270891 1 
0.995779 -0.0916664 0.00170777 0 -0.0915624 -0.995256 -0.032596 0 0.00468771 0.0323026 -0.999467 0 -0.197822 -0.567791 0.265303 1 
0.995701 -0.0924498 0.00371774 0 -0.0922282 -0.994924 -0.0400189 0 0.00739875 0.0395047 -0.999192 0 -0.198154 -0.567356 0.259931 1 
0.995624 -0.0931578 0.00585945 0 -0.0927702 -0.994512 -0.0481707 0 0.010315 0.0474172 -0.998822 0 -0.198427 -0.566811 0.254072 1 
0.995555 -0.0937743 0.00759008 0 -0.0932206 -0.994121 -0.0549035 0 0.0126942 0.053953 -0.998463 0 -0.198721 -0.566423 0.248841 1 
0.99549 -0.0943378 0.0089465 0 -0.0936378 -0.993789 -0.0599595 0 0.0145477 0.0588525 -0.998161 0 -0.199087 -0.566362 0.243641 1 
0.995442 -0.0947597 0.00984832 0 -0.0939515 -0.993544 -0.0634364 0 0.0157963 0.0622232 -0.997937 0 -0.199535 -0.566607 0.238442 1 
0.995416 -0.0950064 0.0100675 0 -0.0941662 -0.993452 -0.0645416 0 0.0161337 0.063299 -0.997864 0 -0.200081 -0.567251 0.233894 1 
0.995403 -0.0951526 0.00998239 0 -0.0943157 -0.993431 -0.0646532 0 0.016069 0.0634157 -0.997858 0 -0.20071 -0.568135 0.228991 1 
0.995413 -0.0951036 0.00938248 0 -0.0943207 -0.993497 -0.0636252 0 0.0153727 0.0624496 -0.99793 0 -0.201462 -0.569238 0.22406 1 
0.995463 -0.0947192 0.00786141 0 -0.0940789 -0.993732 -0.0602172 0 0.0135161 0.0592056 -0.998154 0 -0.202389 -0.570713 0.219743 1 
0.995569 -0.0937395 0.00591943 0 -0.0932548 -0.99401 -0.0568247 0 0.0112109 0.0560221 -0.998367 0 -0.203361 -0.572207 0.215086 1 
0.995713 -0.0923288 0.00349734 0 -0.0920119 -0.994317 -0.0533723 0 0.00840543 0.0528227 -0.998569 0 -0.204345 -0.573707 0.210438 1 
0.99584 -0.0910078 0.000766143 0 -0.0908636 -0.994671 -0.0485247 0 0.00517828 0.0482541 -0.998822 0 -0.205345 -0.57539 0.20635 1 
0.995949 -0.0898049 -0.00153561 0 -0.0897839 -0.994952 -0.0446033 0 0.00247778 0.0445613 -0.999004 0 -0.206253 -0.576888 0.201809 1 
0.996032 -0.0888274 -0.00335077 0 -0.0888901 -0.995184 -0.0410936 0 0.000315616 0.0412292 -0.99915 0 -0.207013 -0.578272 0.197364 1 
0.996073 -0.0883017 -0.0047233 0 -0.0884164 -0.995384 -0.0370671 0 -0.00142843 0.0373399 -0.999302 0 -0.207652 -0.579648 0.193573 1 
0.99609 -0.0880707 -0.00541923 0 -0.0882053 -0.995503 -0.0342619 0 -0.00237744 0.0346066 -0.999398 0 -0.208166 -0.580787 0.189142 1 
0.996099 -0.0879478 -0.00566659 0 -0.0880862 -0.995572 -0.032517 0 -0.00278175 0.03289 -0.999455 0 -0.208532 -0.581695 0.184656 1 
0.9961 -0.0879359 -0.00578933 0 -0.0880737 -0.995623 -0.0309465 0 -0.00304275 0.0313363 -0.999504 0 -0.208868 -0.582572 0.18051 1 
0.996094 -0.0880059 -0.00574626 0 -0.0881389 -0.995651 -0.0298395 0 -0.00309528 0.03023 -0.999538 0 -0.209195 -0.583333 0.176029 1 
0.996098 -0.0879761 -0.00552531 0 -0.088102 -0.995659 -0.0296822 0 -0.00289006 0.0300537 -0.999544 0 -0.209403 -0.583855 0.171666 1 
0.996098 -0.0879747 -0.00539957 0 -0.0880956 -0.995673 -0.0292428 0 -0.00280363 0.029605 -0.999558 0 -0.209619 -0.58443 0.168007 1 
0.996099 -0.087982 -0.00508358 0 -0.0880941 -0.995668 -0.0294309 0 -0.00247221 0.0297645 -0.999554 0 -0.209802 -0.584931 0.164073 1 
0.996107 -0.0879342 -0.00439989 0 -0.0880288 -0.995622 -0.0311136 0 -0.00164471 0.0313803 -0.999506 0 -0.20985 -0.585147 0.15979 1 
0.99612 -0.0878138 -0.00391567 0 -0.0878943 -0.995605 -0.032029 0 -0.00108589 0.0322495 -0.999479 0 -0.20993 -0.58559 0.155892 1 
0.996133 -0.087672 -0.00354962 0 -0.087741 -0.995608 -0.0323567 0 -0.000697276 0.0325436 -0.99947 0 -0.210049 -0.586244 0.152003 1 
0.996153 -0.0874748 -0.00291706 0 -0.0875234 -0.995578 -0.0338304 0 5.51495e-05 0.0339562 -0.999423 0 -0.210053 -0.586662 0.148065 1 
0.996183 -0.0871448 -0.00230289 0 -0.0871717 -0.995558 -0.0353021 0 0.000783754 0.0353688 -0.999374 0 -0.209991 -0.587172 0.144615 1 
0.996223 -0.0866977 -0.00179112 0 -0.0867053 -0.995556 -0.0364739 0 0.00137906 0.0364921 -0.999333 0 -0.209898 -0.587828 0.141717 1 
0.996276 -0.0861013 -0.00112299 0 -0.086081 -0.995542 -0.0383049 0 0.00218016 0.0382597 -0.999265 0 -0.209709 -0.588502 0.13844 1 
0.996348 -0.0852739 -0.000390804 0 -0.0852199 -0.995531 -0.0404483 0 0.00306019 0.0403347 -0.999182 0 -0.209396 -0.589263 0.135389 1 
0.996438 -0.0842145 0.000183695 0 -0.0841319 -0.995553 -0.0421543 0 0.00373296 0.0419895 -0.999111 0 -0.209003 -0.590212 0.132983 1 
0.996552 -0.0828485 0.000842635 0 -0.0827304 -0.995581 -0.0442246 0 0.00450294 0.0440033 -0.999021 0 -0.208486 -0.591357 0.130316 1 
0.996667 -0.0814522 0.00143501 0 -0.0812999 -0.995615 -0.0460633 0 0.00518078 0.045794 -0.998937 0 -0.207976 -0.592617 0.127734 1 
0.996793 -0.0798853 0.00165355 0 -0.0797213 -0.995714 -0.0466888 0 0.00537631 0.0464081 -0.998908 0 -0.207518 -0.594215 0.125858 1 
0.996955 -0.0778445 0.00159317 0 -0.0776854 -0.995873 -0.0467171 0 0.00522336 0.0464519 -0.998907 0 -0.20707 -0.596153 0.124172 1 
0.997143 -0.0753889 0.00150412 0 -0.0752343 -0.99604 -0.047163 0 0.00505383 0.046916 -0.998886 0 -0.206632 -0.598073 0.122141 1 
0.997334 -0.0728359 0.000986615 0 -0.0727098 -0.996242 -0.0468541 0 0.00439565 0.0466583 -0.998901 0 -0.20628 -0.600297 0.120467 1 
0.997527 -0.070142 -0.000187077 0 -0.0700777 -0.996492 -0.045547 0 0.0030084 0.0454484 -0.998962 0 -0.20615 -0.602767 0.119416 1 
0.997759 -0.0667404 -0.00185805 0 -0.0667568 -0.996765 -0.0445413 0 0.00112068 0.0445664 -0.999006 0 -0.206095 -0.605423 0.117982 1 
0.997999 -0.0629392 -0.00408919 0 -0.0630577 -0.997051 -0.0435152 0 -0.00133834 0.0436869 -0.999044 0 -0.206176 -0.608091 0.116601 1 
0.998236 -0.0587779 -0.00708764 0 -0.0590241 -0.997369 -0.0418618 0 -0.00460853 0.0422071 -0.999098 0 -0.206439 -0.610838 0.115748 1 
0.998486 -0.0537098 -0.0110147 0 -0.0541112 -0.997719 -0.0401224 0 -0.00883481 0.0406585 -0.999134 0 -0.206904 -0.613888 0.114775 1 
0.99869 -0.0487432 -0.0149295 0 -0.0492915 -0.998018 -0.0388717 0 -0.0130054 0.0395575 -0.999133 0 -0.20746 -0.616761 0.113512 1 
0.998839 -0.044106 -0.0188645 0 -0.0447813 -0.998301 -0.0370157 0 -0.0172002 0.0378182 -0.999137 0 -0.208069 -0.619639 0.112728 1 
0.99894 -0.0397642 -0.0227638 0 -0.0405333 -0.998577 -0.0343878 0 -0.0213644 0.0352747 -0.999149 0 -0.208756 -0.622909 0.112137 1 
0.999005 -0.0362229 -0.0256466 0 -0.037052 -0.998771 -0.0326254 0 -0.0244338 0.0335438 -0.999139 0 -0.209261 -0.625897 0.110876 1 
0.999036 -0.0334934 -0.0280264 0 -0.0343202 -0.998964 -0.0295577 0 -0.0270079 0.0304917 -0.99917 0 -0.209684 -0.629244 0.110236 1 
0.99905 -0.0317558 -0.0295146 0 -0.0325271 -0.999122 -0.0260302 0 -0.0286627 0.026966 -0.999225 0 -0.209963 -0.632673 0.1097 1 
0.999066 -0.0304968 -0.030289 0 -0.0312043 -0.999235 -0.0231668 0 -0.0295599 0.0240908 -0.999273 0 -0.210096 -0.635913 0.108612 1 
0.999081 -0.0291301 -0.0311199 0 -0.0297567 -0.99935 -0.0198672 0 -0.0305216 0.0207754 -0.999318 0 -0.210204 -0.639118 0.10796 1 
0.999093 -0.0276178 -0.0321133 0 -0.0281432 -0.999466 -0.0160247 0 -0.0316542 0.0169143 -0.999356 0 -0.210354 -0.642558 0.107505 1 
0.999104 -0.0262689 -0.0328793 0 -0.0267064 -0.99955 -0.0129382 0 -0.0325253 0.013805 -0.999376 0 -0.210482 -0.645789 0.106523 1 
0.999111 -0.0249217 -0.0337109 0 -0.0252621 -0.999624 -0.00971074 0 -0.0334568 0.0105539 -0.999384 0 -0.210624 -0.648871 0.105825 1 
0.999105 -0.0235892 -0.0348311 0 -0.0237976 -0.999692 -0.00558106 0 -0.0346893 0.00640508 -0.999378 0 -0.210936 -0.652297 0.105538 1 
0.999112 -0.0221116 -0.0355937 0 -0.0222217 -0.99974 -0.00270189 0 -0.0355253 0.00349051 -0.999363 0 -0.211239 -0.65529 0.104526 1 
0.999114 -0.0206058 -0.0364466 0 -0.0206094 -0.999778 0.000279079 0 -0.036445 0.00047232 -0.999336 0 -0.211593 -0.658186 0.10375 1 
0.999098 -0.019512 -0.0374571 0 -0.0193856 -0.999795 0.00373652 0 -0.0375231 -0.00300708 -0.999291 0 -0.212107 -0.661231 0.103278 1 
0.999085 -0.0185103 -0.0383077 0 -0.0182758 -0.999802 0.0064636 0 -0.0384205 -0.00575769 -0.999245 0 -0.21274 -0.664151 0.102304 1 
0.999085 -0.0170489 -0.0389762 0 -0.016745 -0.999817 0.00810952 0 -0.0391081 -0.00744959 -0.999207 0 -0.213341 -0.666604 0.101137 1 
0.999065 -0.0160633 -0.0398909 0 -0.0156428 -0.999809 0.0108315 0 -0.040058 -0.0101976 -0.999145 0 -0.214088 -0.669178 0.100574 1 
0.999043 -0.0156624 -0.0406094 0 -0.0151324 -0.999787 0.0133273 0 -0.0408103 -0.0127003 -0.999086 0 -0.21489 -0.671707 0.0995731 1 
0.999028 -0.0154845 -0.041045 0 -0.0148837 -0.999769 0.0149027 0 -0.041267 -0.0142776 -0.999046 0 -0.215604 -0.673908 0.0981361 1 
0.998992 -0.0157289 -0.0418129 0 -0.0150018 -0.999722 0.0176462 0 -0.0420796 -0.0170015 -0.99897 0 -0.21646 -0.676284 0.097436 1 
0.998952 -0.0162343 -0.0425574 0 -0.0153863 -0.999668 0.0201795 0 -0.0428717 -0.0195039 -0.99889 0 -0.217446 -0.678569 0.0965248 1 
0.99893 -0.0164845 -0.0429871 0 -0.0155659 -0.999635 0.0216177 0 -0.0433286 -0.0209258 -0.998842 0 -0.218342 -0.68055 0.0951609 1 
0.998913 -0.016351 -0.0434369 0 -0.0153842 -0.999619 0.0224989 0 -0.043789 -0.0218066 -0.998803 0 -0.219229 -0.68231 0.0941914 1 
0.998896 -0.0163197 -0.0438319 0 -0.0153097 -0.999602 0.023282 0 -0.0441953 -0.0225856 -0.998768 0 -0.220222 -0.684095 0.0934749 1 
0.998889 -0.0166166 -0.0438802 0 -0.0156172 -0.999603 0.0230202 0 -0.0442462 -0.0223097 -0.998772 0 -0.221207 -0.68557 0.0923461 1 
0.99889 -0.0171156 -0.0436663 0 -0.0161738 -0.999621 0.0218313 0 -0.0440243 -0.0211012 -0.998808 0 -0.222144 -0.686643 0.0910753 1 
0.998876 -0.0180138 -0.0436299 0 -0.0170909 -0.999615 0.0214337 0 -0.044 -0.0206643 -0.998818 0 -0.223303 -0.687911 0.090356 1 
0.998859 -0.0189891 -0.0436048 0 -0.0180916 -0.999609 0.0208856 0 -0.0439852 -0.0200732 -0.99883 0 -0.224554 -0.689104 0.0897571 1 
0.998863 -0.0198814 -0.0431142 0 -0.0190976 -0.999637 0.0185149 0 -0.0434674 -0.0176708 -0.998899 0 -0.225753 -0.689728 0.0887913 1 
0.998882 -0.0206589 -0.0422936 0 -0.020047 -0.999679 0.0148397 0 -0.0425874 -0.0139755 -0.998995 0 -0.227074 -0.69009 0.0878365 1 
0.998901 -0.0217369 -0.0412986 0 -0.0213229 -0.999709 0.0104376 0 -0.0415143 -0.00954567 -0.999092 0 -0.228455 -0.690272 0.0871994 1 
0.998913 -0.0232624 -0.0401612 0 -0.0230656 -0.99971 0.00535674 0 -0.040275 -0.00442465 -0.999179 0 -0.22983 -0.690249 0.0868516 1 
0.998911 -0.0250714 -0.0391113 0 -0.0250688 -0.999676 0.000557943 0 -0.0391134 0.000423147 -0.999235 0 -0.231431 -0.690329 0.0867281 1 
0.998918 -0.0268455 -0.0377221 0 -0.0270684 -0.999609 -0.00541134 0 -0.0375628 0.00642668 -0.999274 0 -0.232988 -0.690053 0.0863538 1 
0.998927 -0.0285556 -0.0361893 0 -0.0290078 -0.999497 -0.0120325 0 -0.0358282 0.0130696 -0.999272 0 -0.234516 -0.689537 0.0859794 1 
0.998938 -0.0299011 -0.034775 0 -0.0305432 -0.99936 -0.0180806 0 -0.0342127 0.0191239 -0.999232 0 -0.236115 -0.689107 0.08602 1 
0.998959 -0.0303052 -0.0338059 0 -0.0310716 -0.999257 -0.02238 0 -0.0331032 0.0234076 -0.999178 0 -0.237768 -0.688908 0.0862629 1 
0.998969 -0.0305823 -0.0332654 0 -0.031418 -0.999187 -0.0248991 0 -0.0324775 0.025919 -0.999136 0 -0.239395 -0.688934 0.08667 1 
0.998958 -0.0309227 -0.0332716 0 -0.0317744 -0.999163 -0.0253825 0 -0.0324595 0.0264138 -0.999124 0 -0.241235 -0.689321 0.0873186 1 
0.998967 -0.0303644 -0.0335109 0 -0.0312015 -0.999197 -0.024747 0 -0.0327332 0.0257676 -0.999132 0 -0.243167 -0.689795 0.0879299 1 
