0.997868 0.0335968 -0.0557749 0 0.0331574 -0.999402 -0.00878416 0 -0.0560377 0.00691621 -0.998405 0 -0.23014 -0.431891 0.545761 1 
0.997868 0.0336014 -0.0557738 0 0.033162 -0.999402 -0.00878462 0 -0.0560367 0.00691646 -0.998405 0 -0.230136 -0.431892 0.54576 1 
0.997868 0.0336066 -0.0557777 0 0.0331675 -0.999402 -0.00877944 0 -0.0560404 0.00691085 -0.998405 0 -0.230138 -0.431891 0.545762 1 
0.997869 0.0335937 -0.055773 0 0.0331544 -0.999402 -0.0087843 0 -0.0560359 0.00691659 -0.998405 0 -0.230141 -0.431889 0.54576 1 
0.997868 0.0336093 -0.0557739 0 0.0331699 -0.999401 -0.00878481 0 -0.0560369 0.0069162 -0.998405 0 -0.230134 -0.431893 0.54576 1 
0.997868 0.0335967 -0.0557717 0 0.0331572 -0.999402 -0.00878799 0 -0.0560347 0.00692015 -0.998405 0 -0.23014 -0.431891 0.545759 1 
0.997868 0.0336111 -0.0557788 0 0.033172 -0.999401 -0.00877989 0 -0.0560416 0.00691101 -0.998405 0 -0.230134 -0.431892 0.545764 1 
0.997868 0.0336023 -0.055779 0 0.0331632 -0.999402 -0.00877873 0 -0.0560417 0.00691034 -0.998405 0 -0.230136 -0.431892 0.545763 1 
0.997868 0.033605 -0.0557762 0 0.0331657 -0.999402 -0.00878353 0 -0.0560391 0.00691508 -0.998405 0 -0.230135 -0.431893 0.545761 1 
0.997868 0.0335982 -0.0557756 0 0.033159 -0.999402 -0.00878296 0 -0.0560384 0.00691491 -0.998405 0 -0.230138 -0.43189 0.545762 1 
0.997868 0.0336088 -0.0557819 0 0.0331697 -0.999402 -0.00877941 0 -0.0560446 0.00691055 -0.998404 0 -0.230138 -0.431892 0.545763 1 
0.997868 0.0336038 -0.0557759 0 0.0331645 -0.999402 -0.00878443 0 -0.0560388 0.00691605 -0.998405 0 -0.230136 -0.431892 0.545761 1 
0.997868 0.033606 -0.0557746 0 0.0331667 -0.999402 -0.00878437 0 -0.0560375 0.00691591 -0.998405 0 -0.230138 -0.431892 0.54576 1 
0.997868 0.0336022 -0.0557777 0 0.0331632 -0.999402 -0.00877922 0 -0.0560404 0.00691087 -0.998405 0 -0.230136 -0.431892 0.545763 1 
0.997868 0.0335963 -0.0557815 0 0.0331571 -0.999402 -0.0087807 0 -0.0560442 0.00691256 -0.998404 0 -0.23014 -0.431891 0.545762 1 
0.997868 0.0336073 -0.0557779 0 0.0331682 -0.999402 -0.0087794 0 -0.0560407 0.00691076 -0.998405 0 -0.230138 -0.431891 0.545763 1 
0.997868 0.0336074 -0.055777 0 0.0331681 -0.999402 -0.00878411 0 -0.0560399 0.00691549 -0.998405 0 -0.230137 -0.431892 0.545761 1 
0.997868 0.0335992 -0.0557791 0 0.0331603 -0.999402 -0.00877558 0 -0.0560417 0.00690735 -0.998405 0 -0.230137 -0.431892 0.545764 1 
0.997868 0.0336016 -0.055776 0 0.0331623 -0.999402 -0.00878267 0 -0.0560388 0.00691442 -0.998405 0 -0.230138 -0.431891 0.545762 1 
0.997868 0.0336072 -0.0557763 0 0.0331679 -0.999402 -0.00878187 0 -0.0560391 0.0069133 -0.998405 0 -0.230136 -0.431893 0.545761 1 
0.997868 0.0336147 -0.0557702 0 0.0331748 -0.999401 -0.0087941 0 -0.0560335 0.00692532 -0.998405 0 -0.230134 -0.431894 0.545756 1 
0.997867 0.0336051 -0.0557853 0 0.0331667 -0.999402 -0.0087656 0 -0.0560475 0.00689683 -0.998404 0 -0.230138 -0.43189 0.54577 1 
0.997868 0.0336048 -0.0557712 0 0.0331651 -0.999402 -0.0087904 0 -0.0560343 0.00692214 -0.998405 0 -0.230139 -0.431893 0.545756 1 
0.997868 0.0336077 -0.0557803 0 0.0331688 -0.999402 -0.00877509 0 -0.0560429 0.00690635 -0.998404 0 -0.230137 -0.431891 0.545765 1 
0.997868 0.033613 -0.0557729 0 0.0331733 -0.999401 -0.00878995 0 -0.0560361 0.00692117 -0.998405 0 -0.230135 -0.431892 0.545758 1 
0.997868 0.0335946 -0.0557785 0 0.0331557 -0.999402 -0.00877667 0 -0.0560411 0.00690872 -0.998405 0 -0.230141 -0.431889 0.545763 1 
0.997868 0.0336135 -0.0557754 0 0.0331742 -0.999401 -0.00878381 0 -0.0560383 0.00691492 -0.998405 0 -0.230136 -0.431894 0.54576 1 
0.997868 0.0336069 -0.0557781 0 0.0331678 -0.999402 -0.00877983 0 -0.0560409 0.0069112 -0.998405 0 -0.230136 -0.431893 0.545762 1 
0.997868 0.0336003 -0.0557778 0 0.0331613 -0.999402 -0.00877722 0 -0.0560404 0.00690897 -0.998405 0 -0.230138 -0.431892 0.545763 1 
0.997868 0.0336005 -0.0557766 0 0.0331608 -0.999402 -0.00879052 0 -0.0560397 0.00692232 -0.998405 0 -0.230139 -0.43189 0.545759 1 
0.997868 0.0336053 -0.0557752 0 0.0331659 -0.999402 -0.00878516 0 -0.0560381 0.00691673 -0.998405 0 -0.230136 -0.431892 0.545761 1 
0.997868 0.0335997 -0.0557792 0 0.0331608 -0.999402 -0.00877616 0 -0.0560418 0.0069079 -0.998405 0 -0.23014 -0.431891 0.545764 1 
0.997868 0.0335939 -0.0557736 0 0.0331546 -0.999402 -0.00878284 0 -0.0560364 0.0069151 -0.998405 0 -0.230142 -0.43189 0.54576 1 
0.997868 0.0336072 -0.0557791 0 0.0331682 -0.999402 -0.00877681 0 -0.0560417 0.00690813 -0.998405 0 -0.230138 -0.431891 0.545763 1 
0.997868 0.0336003 -0.0557745 0 0.0331609 -0.999402 -0.00878513 0 -0.0560374 0.006917 -0.998405 0 -0.230138 -0.431892 0.54576 1 
0.997868 0.0335982 -0.0557761 0 0.033159 -0.999402 -0.00878186 0 -0.0560389 0.00691379 -0.998405 0 -0.230139 -0.431891 0.545762 1 
0.997868 0.0336034 -0.055776 0 0.0331641 -0.999402 -0.00878308 0 -0.0560389 0.00691473 -0.998405 0 -0.230137 -0.431892 0.545761 1 
0.997868 0.0336021 -0.0557763 0 0.0331629 -0.999402 -0.00878095 0 -0.0560391 0.00691266 -0.998405 0 -0.230138 -0.431891 0.545762 1 
0.997868 0.0336018 -0.0557774 0 0.0331625 -0.999402 -0.00878242 0 -0.0560402 0.00691411 -0.998405 0 -0.230138 -0.431891 0.545761 1 
0.997868 0.0336006 -0.0557795 0 0.0331617 -0.999402 -0.00877499 0 -0.0560421 0.00690667 -0.998405 0 -0.230139 -0.431891 0.545764 1 
0.997868 0.0335962 -0.0557773 0 0.0331571 -0.999402 -0.00877805 0 -0.0560399 0.00691006 -0.998405 0 -0.23014 -0.431889 0.545764 1 
0.997868 0.0336075 -0.0557789 0 0.0331685 -0.999402 -0.00877771 0 -0.0560416 0.00690902 -0.998405 0 -0.230136 -0.431892 0.545764 1 
0.997868 0.0336092 -0.0557775 0 0.0331702 -0.999402 -0.00877795 0 -0.0560402 0.00690921 -0.998405 0 -0.230137 -0.431892 0.545763 1 
0.997868 0.0336029 -0.0557776 0 0.0331638 -0.999402 -0.00878002 0 -0.0560403 0.00691164 -0.998405 0 -0.230137 -0.431893 0.545762 1 
0.997868 0.0336021 -0.0557794 0 0.0331633 -0.999402 -0.00877452 0 -0.0560419 0.00690612 -0.998405 0 -0.230138 -0.431891 0.545764 1 
0.997868 0.0335934 -0.0557773 0 0.0331545 -0.999402 -0.00877621 0 -0.0560399 0.00690837 -0.998405 0 -0.230139 -0.431891 0.545764 1 
0.997867 0.0336142 -0.0557806 0 0.0331753 -0.999401 -0.00877678 0 -0.0560433 0.00690766 -0.998404 0 -0.230136 -0.431894 0.545763 1 
0.997868 0.0335935 -0.0557775 0 0.0331545 -0.999402 -0.00877754 0 -0.0560401 0.00690969 -0.998405 0 -0.230141 -0.43189 0.545763 1 
0.997868 0.0336035 -0.0557768 0 0.0331642 -0.999402 -0.0087832 0 -0.0560396 0.00691481 -0.998405 0 -0.230138 -0.431892 0.545762 1 
0.997868 0.0336037 -0.0557798 0 0.0331649 -0.999402 -0.00877506 0 -0.0560424 0.00690655 -0.998405 0 -0.230139 -0.43189 0.545766 1 
0.997868 0.0336086 -0.0557773 0 0.0331695 -0.999402 -0.00878067 0 -0.0560401 0.00691197 -0.998405 0 -0.230136 -0.431893 0.545762 1 
0.997868 0.0336042 -0.0557791 0 0.0331651 -0.999402 -0.00878045 0 -0.0560419 0.00691194 -0.998404 0 -0.230139 -0.431891 0.545762 1 
0.997868 0.0336044 -0.0557813 0 0.0331657 -0.999402 -0.0087726 0 -0.0560438 0.00690401 -0.998404 0 -0.230138 -0.431893 0.545766 1 
0.997868 0.0336077 -0.0557756 0 0.0331685 -0.999402 -0.00878098 0 -0.0560384 0.00691239 -0.998405 0 -0.230138 -0.431893 0.545761 1 
0.997868 0.0336006 -0.0557783 0 0.0331618 -0.999402 -0.00877513 0 -0.0560409 0.00690684 -0.998405 0 -0.230137 -0.431891 0.545765 1 
0.997868 0.033602 -0.0557756 0 0.0331627 -0.999402 -0.00878427 0 -0.0560385 0.00691601 -0.998405 0 -0.230138 -0.431892 0.545761 1 
0.997868 0.0336017 -0.055776 0 0.0331625 -0.999402 -0.00878086 0 -0.0560387 0.0069126 -0.998405 0 -0.23014 -0.43189 0.545762 1 
0.997868 0.033598 -0.0557759 0 0.0331587 -0.999402 -0.00878343 0 -0.0560387 0.00691538 -0.998405 0 -0.230139 -0.43189 0.545761 1 
0.997868 0.0336022 -0.0557841 0 0.0331636 -0.999402 -0.00876975 0 -0.0560465 0.00690118 -0.998404 0 -0.23014 -0.43189 0.545769 1 
0.997867 0.033614 -0.0557869 0 0.0331758 -0.999401 -0.008763 0 -0.0560491 0.00689367 -0.998404 0 -0.230135 -0.431893 0.54577 1 
0.997868 0.033604 -0.0557826 0 0.0331655 -0.999402 -0.00876742 0 -0.0560449 0.0068988 -0.998404 0 -0.230138 -0.431892 0.545767 1 
0.997868 0.0336033 -0.0557769 0 0.033164 -0.999402 -0.00878227 0 -0.0560397 0.00691389 -0.998405 0 -0.230137 -0.431892 0.545761 1 
0.997869 0.0335939 -0.0557646 0 0.0331534 -0.999402 -0.00880554 0 -0.0560281 0.00693812 -0.998405 0 -0.230145 -0.431887 0.54575 1 
0.997869 0.0336004 -0.0557669 0 0.0331603 -0.999402 -0.00879808 0 -0.0560302 0.00693022 -0.998405 0 -0.230139 -0.431892 0.545752 1 
0.997866 0.0336576 -0.0557838 0 0.0332189 -0.9994 -0.00877322 0 -0.0560467 0.00690155 -0.998404 0 -0.230115 -0.431908 0.545763 1 
0.997869 0.03358 -0.0557791 0 0.0331412 -0.999403 -0.00877433 0 -0.0560415 0.00690718 -0.998405 0 -0.230148 -0.43189 0.545763 1 
0.99787 0.0335267 -0.0557885 0 0.0330888 -0.999404 -0.00875374 0 -0.0560498 0.00688925 -0.998404 0 -0.230174 -0.431875 0.545773 1 
0.997868 0.0335762 -0.0557993 0 0.0331394 -0.999403 -0.00873553 0 -0.0560604 0.00686788 -0.998404 0 -0.230151 -0.431886 0.545782 1 
0.997869 0.0335404 -0.0557989 0 0.0331034 -0.999404 -0.00873755 0 -0.0560598 0.00687193 -0.998404 0 -0.230165 -0.43188 0.545781 1 
0.99787 0.0334974 -0.0557997 0 0.0330608 -0.999406 -0.00872867 0 -0.05606 0.00686543 -0.998404 0 -0.230188 -0.43187 0.545783 1 
0.997869 0.0335947 -0.0557618 0 0.0331538 -0.999402 -0.00881251 0 -0.0560256 0.00694515 -0.998405 0 -0.230147 -0.431898 0.545742 1 
0.997873 0.0334938 -0.0557592 0 0.0330535 -0.999405 -0.00880097 0 -0.0560219 0.00693935 -0.998405 0 -0.230195 -0.431874 0.545745 1 
0.997869 0.0336165 -0.0557511 0 0.0331747 -0.999401 -0.00883128 0 -0.0560157 0.00696307 -0.998406 0 -0.230138 -0.431906 0.545731 1 
0.997869 0.0335485 -0.0557857 0 0.0331104 -0.999404 -0.00875858 0 -0.0560474 0.00689296 -0.998404 0 -0.230169 -0.431894 0.545762 1 
0.997878 0.033378 -0.0557383 0 0.0329362 -0.999409 -0.00882714 0 -0.0560011 0.00697274 -0.998406 0 -0.230253 -0.431865 0.545718 1 
0.99779 0.0334111 -0.0572643 0 0.0331101 -0.999423 -0.00619736 0 -0.0574394 0.00428772 -0.99834 0 -0.230526 -0.432531 0.546311 1 
0.997733 0.0334839 -0.0582061 0 0.0332788 -0.999426 -0.00448959 0 -0.0583242 0.00254243 -0.998294 0 -0.230662 -0.433016 0.547228 1 
0.997687 0.03369 -0.0588794 0 0.0335542 -0.999422 -0.00329379 0 -0.0589574 0.00131055 -0.99826 0 -0.230739 -0.433492 0.54786 1 
0.997692 0.0337853 -0.05874 0 0.0336335 -0.999418 -0.00357117 0 -0.0588276 0.00158733 -0.998267 0 -0.230907 -0.433927 0.547689 1 
0.997743 0.0338149 -0.0578398 0 0.0335631 -0.999413 -0.00532015 0 -0.0579869 0.00336692 -0.998312 0 -0.231269 -0.434565 0.546424 1 
0.997824 0.0329676 -0.0569312 0 0.0326158 -0.999433 -0.00709795 0 -0.057134 0.00522575 -0.998353 0 -0.23249 -0.435916 0.54414 1 
0.997912 0.0304478 -0.0567907 0 0.0300697 -0.99951 -0.00750115 0 -0.0569924 0.00577792 -0.998358 0 -0.234655 -0.43834 0.540957 1 
0.998017 0.0254024 -0.0574249 0 0.0250731 -0.999655 -0.00644748 0 -0.05757 0.00499497 -0.998329 0 -0.237522 -0.441721 0.537014 1 
0.998145 0.0177172 -0.058083 0 0.017438 -0.999824 -0.00530996 0 -0.058168 0.00428735 -0.998298 0 -0.241271 -0.446206 0.531537 1 
0.9982 0.0103446 -0.0589164 0 0.0101337 -0.999932 -0.00387791 0 -0.0589536 0.00327395 -0.998255 0 -0.245702 -0.45134 0.525142 1 
0.9982 0.00606065 -0.0594991 0 0.00588615 -0.999968 -0.00310765 0 -0.0595172 0.00275189 -0.998223 0 -0.250595 -0.456971 0.51757 1 
0.998192 0.00287888 -0.0598699 0 0.00271439 -0.999983 -0.00282846 0 -0.0598782 0.00266089 -0.998202 0 -0.256013 -0.46291 0.509028 1 
0.99818 -0.000673771 -0.0601441 0 -0.000838627 -0.999986 -0.00271578 0 -0.0601426 0.00276133 -0.998186 0 -0.261994 -0.46918 0.499386 1 
0.998153 -0.00461059 -0.0604118 0 -0.00477548 -0.999976 -0.00258537 0 -0.0603996 0.00286914 -0.99817 0 -0.268464 -0.47567 0.488821 1 
0.99811 -0.00886275 -0.0606562 0 -0.00902776 -0.999947 -0.00244695 0 -0.0606324 0.00298997 -0.998156 0 -0.275213 -0.482075 0.477605 1 
0.998063 -0.0132956 -0.0606128 0 -0.01349 -0.999895 -0.00279893 0 -0.0605704 0.00361124 -0.998157 0 -0.282407 -0.488763 0.464966 1 
0.998016 -0.0172094 -0.0604004 0 -0.0174459 -0.999832 -0.00338938 0 -0.0603331 0.00443648 -0.998168 0 -0.289368 -0.495385 0.451757 1 
0.997957 -0.0202945 -0.0604231 0 -0.0205406 -0.999773 -0.00345467 0 -0.0603405 0.00468883 -0.998167 0 -0.295954 -0.502115 0.438102 1 
0.997894 -0.0227935 -0.0605635 0 -0.0230298 -0.99972 -0.0032064 0 -0.0604747 0.00459451 -0.998159 0 -0.302049 -0.508586 0.424726 1 
0.997825 -0.0246745 -0.060965 0 -0.0248685 -0.999678 -0.00242409 0 -0.0608868 0.003935 -0.998137 0 -0.307774 -0.515077 0.411376 1 
0.997768 -0.0261981 -0.0612702 0 -0.0263563 -0.999641 -0.0017763 0 -0.0612029 0.00338726 -0.99812 0 -0.313085 -0.521231 0.398391 1 
0.997712 -0.0276667 -0.0615342 0 -0.0277939 -0.999603 -0.00121232 0 -0.0614775 0.00291988 -0.998104 0 -0.31818 -0.527108 0.386021 1 
0.997651 -0.0291688 -0.061831 0 -0.0292619 -0.999562 -0.000600324 0 -0.0617876 0.00240825 -0.998086 0 -0.323826 -0.533774 0.372594 1 
0.99759 -0.0304269 -0.0622075 0 -0.0304761 -0.999526 0.000158166 0 -0.062184 0.00173809 -0.998063 0 -0.328863 -0.53984 0.360943 1 
0.997562 -0.0315137 -0.0621023 0 -0.0315797 -0.999492 -8.17794e-05 0 -0.0620693 0.00204279 -0.99807 0 -0.33395 -0.546176 0.348989 1 
0.997531 -0.0321724 -0.0622704 0 -0.0322265 -0.999471 0.000135694 0 -0.062243 0.00187143 -0.998059 0 -0.338678 -0.552517 0.338092 1 
0.997505 -0.032244 -0.0626414 0 -0.0322657 -0.999469 0.000665031 0 -0.0626308 0.00135782 -0.998036 0 -0.343204 -0.55934 0.32751 1 
0.997521 -0.0316175 -0.0627111 0 -0.0316434 -0.999489 0.000580691 0 -0.0626986 0.00140517 -0.998032 0 -0.34731 -0.566415 0.317191 1 
0.997564 -0.0301164 -0.0627632 0 -0.0301451 -0.999536 0.000489557 0 -0.06275 0.00140366 -0.998028 0 -0.350786 -0.573615 0.306941 1 
0.997663 -0.0278392 -0.0622417 0 -0.0279307 -0.9996 -0.00059963 0 -0.0622013 0.00233673 -0.998061 0 -0.353505 -0.580693 0.296666 1 
0.997757 -0.0247154 -0.0620543 0 -0.0248219 -0.999682 -0.000944292 0 -0.0620124 0.00248253 -0.998072 0 -0.355686 -0.588161 0.28663 1 
0.997879 -0.0209273 -0.0614764 0 -0.0210932 -0.999766 -0.00205184 0 -0.0614202 0.00334429 -0.998106 0 -0.357104 -0.595429 0.277009 1 
0.998007 -0.0161183 -0.0608531 0 -0.0163469 -0.999851 -0.00326058 0 -0.0607927 0.00424892 -0.998141 0 -0.357649 -0.602702 0.267391 1 
0.998109 -0.0106116 -0.0603951 0 -0.0108704 -0.999923 -0.00395861 0 -0.0603496 0.00460773 -0.998167 0 -0.357492 -0.609898 0.257689 1 
0.998198 -0.00478924 -0.0596562 0 -0.00510977 -0.999964 -0.00522153 0 -0.0596301 0.00551705 -0.998205 0 -0.356688 -0.616477 0.24816 1 
0.99826 0.00164359 -0.0587829 0 0.00124747 -0.999967 -0.00677469 0 -0.0587932 0.0066897 -0.998248 0 -0.355281 -0.622901 0.238243 1 
0.998253 0.0088955 -0.0582517 0 0.00848089 -0.999927 -0.0073608 0 -0.058314 0.00685404 -0.998275 0 -0.353108 -0.629366 0.228075 1 
0.99819 0.0160578 -0.0577965 0 0.015641 -0.999839 -0.00765671 0 -0.0579112 0.00673898 -0.998299 0 -0.35057 -0.63531 0.218838 1 
0.998039 0.0228009 -0.0581302 0 0.0224688 -0.999718 -0.00635953 0 -0.0582599 0.00504103 -0.998289 0 -0.348091 -0.640963 0.210433 1 
0.997877 0.0294735 -0.0579066 0 0.0291878 -0.999548 -0.0057727 0 -0.0580516 0.00407036 -0.998305 0 -0.345031 -0.646699 0.201394 1 
0.997835 0.0327205 -0.056885 0 0.0324233 -0.999446 -0.00614064 0 -0.0570555 0.00428303 -0.998362 0 -0.341513 -0.651818 0.1929 1 
0.99787 0.0334984 -0.0558031 0 0.0331628 -0.999416 -0.00693079 0 -0.0560037 0.00506554 -0.998418 0 -0.337581 -0.656603 0.184979 1 
0.997865 0.0345116 -0.0552778 0 0.0341605 -0.99938 -0.00728327 0 -0.0554959 0.00537951 -0.998444 0 -0.333324 -0.661366 0.17783 1 
0.997836 0.036444 -0.0545579 0 0.0360434 -0.999306 -0.00830911 0 -0.0548239 0.0063248 -0.998476 0 -0.328208 -0.666094 0.170508 1 
0.997815 0.038211 -0.0537236 0 0.0377494 -0.999232 -0.00958071 0 -0.0540495 0.00753189 -0.99851 0 -0.322563 -0.670473 0.162886 1 
0.99779 0.038937 -0.0536625 0 0.0384937 -0.999206 -0.00926947 0 -0.0539819 0.00718345 -0.998516 0 -0.317128 -0.674573 0.156283 1 
0.997867 0.0385235 -0.0525179 0 0.0379922 -0.999207 -0.0110776 0 -0.0529041 0.00905891 -0.998559 0 -0.311421 -0.67755 0.148858 1 
0.997847 0.0403549 -0.051517 0 0.0397492 -0.999119 -0.0127285 0 -0.0519862 0.0106536 -0.998591 0 -0.305738 -0.680041 0.141978 1 
0.997872 0.0415057 -0.0500938 0 0.0407914 -0.999042 -0.0151997 0 -0.0506777 0.0131243 -0.998629 0 -0.300053 -0.681947 0.133409 1 
0.997836 0.0430348 -0.0495141 0 0.0422955 -0.998969 -0.0158847 0 -0.0501476 0.0137564 -0.998647 0 -0.29534 -0.683777 0.126352 1 
0.997701 0.0467762 -0.0488364 0 0.0460018 -0.998789 -0.016863 0 -0.049567 0.014578 -0.998664 0 -0.29097 -0.685219 0.118676 1 
0.997481 0.0520116 -0.0480279 0 0.0511947 -0.998515 -0.018085 0 -0.0488982 0.015581 -0.998682 0 -0.287023 -0.686221 0.110839 1 
0.997273 0.0564274 -0.0473689 0 0.0555786 -0.998263 -0.0190497 0 -0.0483625 0.0163653 -0.998696 0 -0.283871 -0.68695 0.103603 1 
0.997065 0.0604816 -0.0467342 0 0.0596123 -0.998016 -0.0197755 0 -0.0478385 0.0169318 -0.998712 0 -0.281117 -0.68726 0.0958462 1 
0.996857 0.0641187 -0.0463305 0 0.0632535 -0.997789 -0.0199066 0 -0.0475054 0.0169138 -0.998728 0 -0.278585 -0.687452 0.0885942 1 
0.99669 0.0671054 -0.0456697 0 0.066218 -0.997581 -0.0206741 0 -0.0469475 0.0175819 -0.998743 0 -0.276374 -0.687299 0.0815278 1 
0.996532 0.0697479 -0.0451564 0 0.0688517 -0.997394 -0.0211078 0 -0.0465119 0.0179259 -0.998757 0 -0.274278 -0.68709 0.0748862 1 
0.996449 0.0707981 -0.0453592 0 0.0699558 -0.997342 -0.0198978 0 -0.0466483 0.0166544 -0.998773 0 -0.272341 -0.687134 0.0690449 1 
0.996652 0.0682842 -0.0447428 0 0.0674147 -0.997501 -0.0206654 0 -0.046043 0.0175802 -0.998785 0 -0.270385 -0.686558 0.0636437 1 
0.996997 0.063398 -0.0442485 0 0.0625126 -0.997811 -0.0211163 0 -0.0454912 0.0182872 -0.998797 0 -0.268269 -0.685735 0.0586863 1 
0.997281 0.0592345 -0.043625 0 0.0583103 -0.998043 -0.0221619 0 -0.0448533 0.0195583 -0.998802 0 -0.265962 -0.684396 0.0543304 1 
0.997537 0.0547029 -0.0436947 0 0.0538131 -0.998314 -0.0212876 0 -0.0447864 0.0188842 -0.998818 0 -0.264056 -0.68321 0.0511549 1 
0.997881 0.048193 -0.0434907 0 0.0473046 -0.998645 -0.0212306 0 -0.0444558 0.0191287 -0.998828 0 -0.262486 -0.681806 0.0483935 1 
0.998215 0.0408333 -0.0433699 0 0.039944 -0.998968 -0.0211772 0 -0.0441907 0.0194074 -0.998835 0 -0.261289 -0.680318 0.045878 1 
0.998454 0.0345255 -0.0433302 0 0.0336369 -0.999202 -0.0210731 0 -0.044024 0.0195834 -0.998839 0 -0.260449 -0.678925 0.0438046 1 
0.998516 0.0327001 -0.0433298 0 0.0318086 -0.999261 -0.0211083 0 -0.0439889 0.0196991 -0.998838 0 -0.259977 -0.67751 0.0420016 1 
0.998511 0.0324914 -0.0435951 0 0.0316437 -0.99929 -0.0199965 0 -0.0442147 0.0185876 -0.998849 0 -0.259762 -0.67633 0.0403966 1 
0.998526 0.0321587 -0.0435127 0 0.0313189 -0.999303 -0.0198464 0 -0.0441214 0.0184548 -0.998856 0 -0.259671 -0.675114 0.0390229 1 
0.998555 0.0314995 -0.0433074 0 0.0306581 -0.999321 -0.0199564 0 -0.0439075 0.0186002 -0.998862 0 -0.259692 -0.67406 0.0378626 1 
0.998617 0.0294878 -0.0432981 0 0.0286608 -0.999387 -0.0195989 0 -0.0438504 0.0183312 -0.99887 0 -0.25969 -0.673297 0.0367964 1 
0.998685 0.0271232 -0.0432759 0 0.026302 -0.999455 -0.0194337 0 -0.0437802 0.0182702 -0.998874 0 -0.259558 -0.672765 0.0358988 1 
0.998729 0.0258208 -0.0430645 0 0.0249869 -0.999482 -0.0197919 0 -0.0435541 0.018691 -0.998876 0 -0.259354 -0.672284 0.035213 1 
0.998761 0.0247432 -0.0429555 0 0.023906 -0.999507 -0.0198958 0 -0.0434274 0.0188446 -0.998879 0 -0.259159 -0.671902 0.034594 1 
0.998831 0.0218134 -0.0429177 0 0.0209754 -0.999573 -0.0198817 0 -0.0433339 0.0189586 -0.998881 0 -0.25901 -0.671565 0.0340633 1 
0.998898 0.0186318 -0.0428419 0 0.017788 -0.999632 -0.0199919 0 -0.0431995 0.0192082 -0.998882 0 -0.258861 -0.671204 0.0335344 1 
0.998941 0.0167753 -0.0426078 0 0.0159079 -0.999651 -0.0206157 0 -0.0429396 0.0199164 -0.998879 0 -0.258698 -0.670754 0.0329729 1 
0.998966 0.0158879 -0.0423659 0 0.0149966 -0.999652 -0.0212725 0 -0.0426899 0.0206156 -0.998876 0 -0.25856 -0.670307 0.0324328 1 
0.998985 0.0150804 -0.0422113 0 0.0141749 -0.999655 -0.0216704 0 -0.0425243 0.0210504 -0.998874 0 -0.258456 -0.669904 0.031909 1 
0.998998 0.0146975 -0.0420425 0 0.0137731 -0.999649 -0.0221918 0 -0.0423548 0.0215909 -0.998869 0 -0.258344 -0.669468 0.0313561 1 
0.999001 0.0146411 -0.0419875 0 0.0136994 -0.99964 -0.0226274 0 -0.0423045 0.0220301 -0.998862 0 -0.258315 -0.669012 0.0308122 1 
0.999003 0.0145734 -0.0419776 0 0.0136138 -0.999632 -0.0230547 0 -0.042299 0.0224606 -0.998853 0 -0.258361 -0.668433 0.030227 1 
0.999007 0.0144492 -0.0419234 0 0.0134664 -0.99962 -0.023632 0 -0.0422498 0.0230444 -0.998841 0 -0.258423 -0.667653 0.0295627 1 
0.998993 0.0144117 -0.0422552 0 0.0134387 -0.99963 -0.0232197 0 -0.042575 0.0226289 -0.998837 0 -0.258495 -0.666923 0.0290386 1 
0.998976 0.01434 -0.0426959 0 0.0134048 -0.999656 -0.0221097 0 -0.0429991 0.0215152 -0.998843 0 -0.258512 -0.666285 0.0286479 1 
0.998961 0.0143974 -0.0430151 0 0.0135018 -0.999678 -0.0210383 0 -0.0433049 0.0204361 -0.998853 0 -0.258369 -0.665758 0.0282901 1 
0.99895 0.0147164 -0.0431567 0 0.013837 -0.999682 -0.0206034 0 -0.0434471 0.019985 -0.998856 0 -0.258089 -0.665351 0.0280969 1 
0.998944 0.0152001 -0.0431439 0 0.0143186 -0.999674 -0.0206667 0 -0.0434448 0.0200275 -0.998855 0 -0.257685 -0.665038 0.0281385 1 
0.998934 0.015801 -0.0431476 0 0.0149107 -0.999661 -0.0208768 0 -0.0434637 0.0202116 -0.998851 0 -0.257282 -0.664929 0.0284134 1 
0.99892 0.0163442 -0.0432703 0 0.0154547 -0.999654 -0.0208111 0 -0.0435963 0.0201203 -0.998847 0 -0.256962 -0.664936 0.0288257 1 
0.998913 0.0167515 -0.0432782 0 0.0158545 -0.999644 -0.0209862 0 -0.0436152 0.0202777 -0.998843 0 -0.256654 -0.664754 0.02926 1 
0.998917 0.016951 -0.0431166 0 0.0160331 -0.99963 -0.0215468 0 -0.0434668 0.0208325 -0.998838 0 -0.256394 -0.664272 0.029703 1 
0.998929 0.0170196 -0.0427902 0 0.0160619 -0.999605 -0.0226261 0 -0.0431592 0.021915 -0.998828 0 -0.256132 -0.663406 0.0301885 1 
0.998936 0.0170381 -0.0426322 0 0.0160569 -0.999591 -0.0232531 0 -0.0430118 0.0225442 -0.99882 0 -0.255903 -0.662476 0.0308485 1 
0.998941 0.0169784 -0.042543 0 0.0159983 -0.999591 -0.0232732 0 -0.0429216 0.0225684 -0.998824 0 -0.255639 -0.661563 0.0315638 1 
0.998933 0.0169396 -0.042747 0 0.0159904 -0.99961 -0.0224497 0 -0.0431115 0.0217427 -0.998834 0 -0.255478 -0.661035 0.0321671 1 
0.99891 0.0169149 -0.043291 0 0.0160259 -0.999646 -0.0208011 0 -0.0436284 0.020085 -0.998846 0 -0.255496 -0.661105 0.032659 1 
0.998879 0.0169594 -0.0439756 0 0.0161447 -0.999683 -0.0188161 0 -0.0442816 0.0180854 -0.998855 0 -0.255612 -0.66156 0.0328364 1 
0.998866 0.0169702 -0.0442602 0 0.0161894 -0.999698 -0.0179404 0 -0.0445522 0.0172038 -0.998859 0 -0.25565 -0.661733 0.0327847 1 
0.998863 0.0169948 -0.0443238 0 0.0162235 -0.999702 -0.0177029 0 -0.0446123 0.016964 -0.99886 0 -0.255631 -0.661753 0.0325515 1 
0.99887 0.0170721 -0.0441471 0 0.0162839 -0.999693 -0.0181518 0 -0.0444443 0.0174128 -0.99886 0 -0.255541 -0.66161 0.0321418 1 
0.998878 0.0170968 -0.0439478 0 0.0162901 -0.999684 -0.0186493 0 -0.0442536 0.0179128 -0.99886 0 -0.255471 -0.661447 0.031762 1 
0.998878 0.0172892 -0.0438717 0 0.0164759 -0.999677 -0.018832 0 -0.044184 0.0180884 -0.99886 0 -0.255329 -0.661428 0.0315675 1 
0.998874 0.0175272 -0.0438713 0 0.0167161 -0.999674 -0.0187874 0 -0.0441872 0.0180332 -0.99886 0 -0.255167 -0.661501 0.031563 1 
0.998861 0.0177476 -0.0440709 0 0.0169606 -0.999681 -0.0181677 0 -0.0443802 0.0173999 -0.998863 0 -0.255023 -0.661716 0.0316558 1 
0.998856 0.0177248 -0.0441951 0 0.0169542 -0.999689 -0.0177497 0 -0.0444968 0.0169804 -0.998865 0 -0.25489 -0.661856 0.0316596 1 
0.99886 0.0176224 -0.0441453 0 0.0168503 -0.99969 -0.0178019 0 -0.0444462 0.0170381 -0.998866 0 -0.25475 -0.66188 0.0315892 1 
0.998877 0.016727 -0.0441086 0 0.01595 -0.999703 -0.017907 0 -0.0443959 0.0171837 -0.998866 0 -0.254675 -0.661855 0.0314747 1 
0.998908 0.0150136 -0.0440143 0 0.0142236 -0.999723 -0.0182069 0 -0.0442764 0.0175613 -0.998865 0 -0.254669 -0.661726 0.0312003 1 
0.998936 0.0134918 -0.0438859 0 0.0126845 -0.999737 -0.0186212 0 -0.0441264 0.018045 -0.998863 0 -0.254703 -0.661547 0.0308229 1 
0.998957 0.0119847 -0.0438442 0 0.011169 -0.999751 -0.0188013 0 -0.0440595 0.0182924 -0.998861 0 -0.254827 -0.661383 0.0304105 1 
0.998964 0.0108973 -0.0439646 0 0.0100959 -0.99977 -0.0184076 0 -0.0441559 0.017945 -0.998863 0 -0.255009 -0.661335 0.0300512 1 
0.998971 0.00951776 -0.0441343 0 0.00873535 -0.999792 -0.0178867 0 -0.0442962 0.0174831 -0.998865 0 -0.255162 -0.661327 0.0297293 1 
0.998983 0.00798059 -0.0441682 0 0.00720151 -0.999807 -0.01777 0 -0.0443023 0.0174342 -0.998866 0 -0.255211 -0.661271 0.0294253 1 
0.998999 0.00593269 -0.0441181 0 0.00514743 -0.999817 -0.0178914 0 -0.044217 0.0176467 -0.998866 0 -0.25518 -0.661188 0.0291655 1 
0.999014 0.003701 -0.0440288 0 0.00290577 -0.999822 -0.0181118 0 -0.0440889 0.0179663 -0.998866 0 -0.255091 -0.661082 0.0289058 1 
0.999019 0.00115786 -0.0440554 0 0.000362205 -0.999827 -0.0180638 0 -0.0440695 0.0180305 -0.998866 0 -0.255105 -0.661 0.0287383 1 
0.999017 -0.00120336 -0.0440894 0 -0.00199835 -0.999827 -0.0179914 0 -0.044061 0.0180621 -0.998866 0 -0.255138 -0.660957 0.0286178 1 
0.999014 -0.0026088 -0.0441081 0 -0.00340452 -0.999823 -0.0179745 0 -0.0440542 0.0181073 -0.998865 0 -0.255228 -0.660899 0.0285222 1 
0.999009 -0.00357676 -0.0441404 0 -0.00437098 -0.99982 -0.0179094 0 -0.0440693 0.018085 -0.998865 0 -0.255394 -0.660821 0.0283895 1 
0.99901 -0.00404754 -0.0440826 0 -0.00484805 -0.999815 -0.0180673 0 -0.0440022 0.0182635 -0.998864 0 -0.255567 -0.660676 0.0281383 1 
0.999012 -0.00434921 -0.044002 0 -0.005159 -0.999809 -0.0183067 0 -0.0439148 0.0185159 -0.998864 0 -0.255729 -0.660494 0.0277332 1 
0.999015 -0.00441309 -0.0439242 0 -0.00522937 -0.999806 -0.0184863 0 -0.043835 0.0186981 -0.998864 0 -0.255756 -0.660359 0.0272294 1 
0.999019 -0.00435165 -0.0438404 0 -0.00517432 -0.999803 -0.0186688 0 -0.0437513 0.0188777 -0.998864 0 -0.255699 -0.660258 0.0267412 1 
0.99902 -0.00421839 -0.0438466 0 -0.00504227 -0.999803 -0.0186962 0 -0.04376 0.0188993 -0.998863 0 -0.255632 -0.660219 0.0263851 1 
0.999012 -0.00410499 -0.0440252 0 -0.00492755 -0.999805 -0.0185916 0 -0.0439412 0.0187905 -0.998857 0 -0.255683 -0.66022 0.0262981 1 
0.999 -0.00377657 -0.0443444 0 -0.00460596 -0.999806 -0.0186159 0 -0.0442663 0.0188019 -0.998843 0 -0.255741 -0.660227 0.0263272 1 
0.998983 -0.00326519 -0.0447545 0 -0.00410972 -0.999805 -0.0187912 0 -0.0446853 0.0189564 -0.998821 0 -0.255787 -0.660202 0.0263006 1 
0.998975 -0.00293117 -0.0449531 0 -0.0037861 -0.999804 -0.0189447 0 -0.0448897 0.0190959 -0.998809 0 -0.255772 -0.660184 0.026239 1 
0.998976 -0.00277233 -0.0449351 0 -0.00363634 -0.9998 -0.0191575 0 -0.0448738 0.0193017 -0.998806 0 -0.255707 -0.660137 0.0260613 1 
0.998982 -0.0026984 -0.0448157 0 -0.00357267 -0.999795 -0.0194393 0 -0.044755 0.01958 -0.998806 0 -0.255629 -0.660047 0.0257268 1 
0.998984 -0.00274266 -0.0447611 0 -0.00361955 -0.999793 -0.0195211 0 -0.0446991 0.0196636 -0.998807 0 -0.25563 -0.659945 0.0252396 1 
0.998977 -0.00277863 -0.0449142 0 -0.00363489 -0.999803 -0.0189939 0 -0.0448535 0.0191381 -0.99881 0 -0.255677 -0.659935 0.0245923 1 
0.99897 -0.00296762 -0.045065 0 -0.00380014 -0.999814 -0.0183991 0 -0.0450029 0.0185517 -0.998815 0 -0.255814 -0.659887 0.0238573 1 
0.998963 -0.00323543 -0.0452043 0 -0.0040451 -0.999823 -0.0178313 0 -0.0451395 0.017996 -0.998819 0 -0.255987 -0.659821 0.0231451 1 
0.998947 -0.00347895 -0.0455263 0 -0.00424508 -0.999841 -0.0167423 0 -0.0454617 0.0169182 -0.998823 0 -0.256185 -0.659876 0.0224982 1 
0.998927 -0.00392065 -0.0459452 0 -0.00463021 -0.999862 -0.0153472 0 -0.0458796 0.0155438 -0.998826 0 -0.256388 -0.659993 0.0218609 1 
0.998915 -0.0042136 -0.0461728 0 -0.0048901 -0.999873 -0.0145482 0 -0.0461065 0.0147585 -0.998828 0 -0.256532 -0.660026 0.0213349 1 
0.998901 -0.00471968 -0.0464204 0 -0.00536003 -0.999882 -0.0136798 0 -0.0463513 0.0139138 -0.998828 0 -0.256615 -0.660109 0.0209202 1 
0.99889 -0.00623594 -0.0464829 0 -0.00686598 -0.999877 -0.0134068 0 -0.0463945 0.0137114 -0.998829 0 -0.25663 -0.660091 0.0205295 1 
0.998879 -0.00792896 -0.0464653 0 -0.00855993 -0.999864 -0.0133959 0 -0.0463536 0.0137789 -0.99883 0 -0.256602 -0.660043 0.0201411 1 
0.998874 -0.00854632 -0.0464544 0 -0.00917567 -0.999859 -0.0133512 0 -0.0463347 0.0137627 -0.998831 0 -0.256569 -0.66005 0.0198146 1 
0.998872 -0.00882369 -0.0464582 0 -0.00944906 -0.999858 -0.0132584 0 -0.0463355 0.0136827 -0.998832 0 -0.256545 -0.660111 0.0196492 1 
0.998866 -0.00886933 -0.0465655 0 -0.00948341 -0.999861 -0.0129831 0 -0.0464447 0.0134102 -0.998831 0 -0.256548 -0.660244 0.0197485 1 
0.99886 -0.0089734 -0.0466786 0 -0.00957688 -0.999864 -0.0127206 0 -0.046559 0.0131534 -0.998829 0 -0.256636 -0.660346 0.0198489 1 
0.998856 -0.0090819 -0.0467537 0 -0.00967885 -0.999865 -0.0125573 0 -0.0466342 0.0129957 -0.998827 0 -0.256731 -0.660399 0.0199114 1 
0.998856 -0.00915815 -0.0467329 0 -0.00975686 -0.999863 -0.0125992 0 -0.046612 0.013041 -0.998828 0 -0.256752 -0.660383 0.0198464 1 
0.998857 -0.00909704 -0.0467187 0 -0.00969385 -0.999864 -0.0125638 0 -0.0465989 0.0130026 -0.998829 0 -0.256685 -0.660433 0.0198172 1 
0.998852 -0.00954995 -0.0467252 0 -0.010145 -0.999861 -0.0125146 0 -0.0466001 0.0129746 -0.998829 0 -0.256642 -0.660486 0.0197629 1 
0.998843 -0.0103413 -0.0467529 0 -0.0109303 -0.999854 -0.0123608 0 -0.0466191 0.0128578 -0.99883 0 -0.256636 -0.660567 0.0197533 1 
0.998823 -0.0119229 -0.0468112 0 -0.0125051 -0.999838 -0.0121642 0 -0.0466595 0.0127355 -0.99883 0 -0.25658 -0.660664 0.0197608 1 
0.998773 -0.015418 -0.0468638 0 -0.0159951 -0.999791 -0.0119631 0 -0.0466705 0.0126982 -0.99883 0 -0.256463 -0.660734 0.0197484 1 
0.998735 -0.0176448 -0.0468886 0 -0.0182212 -0.999754 -0.0118949 0 -0.0466681 0.0127345 -0.998829 0 -0.256339 -0.660768 0.0197163 1 
0.998729 -0.0179361 -0.0469006 0 -0.0185125 -0.999748 -0.0118857 0 -0.0466765 0.0127391 -0.998829 0 -0.256341 -0.660766 0.0197101 1 
0.998728 -0.0179402 -0.0469139 0 -0.0185179 -0.999748 -0.0119084 0 -0.0466893 0.0127623 -0.998828 0 -0.256356 -0.660754 0.0197024 1 
0.998728 -0.017925 -0.0469178 0 -0.0185033 -0.999748 -0.0119201 0 -0.0466932 0.0127733 -0.998828 0 -0.256356 -0.660751 0.0196966 1 
0.998728 -0.0179088 -0.046927 0 -0.018488 -0.999748 -0.0119358 0 -0.0467023 0.0127885 -0.998827 0 -0.25636 -0.660745 0.0196901 1 
0.998727 -0.017845 -0.0469676 0 -0.0184258 -0.999749 -0.0119609 0 -0.0467432 0.0128114 -0.998825 0 -0.256376 -0.660736 0.0196859 1 
0.998725 -0.0176219 -0.0471052 0 -0.0182076 -0.999752 -0.0120329 0 -0.0468824 0.0128754 -0.998817 0 -0.256382 -0.660728 0.019678 1 
0.998723 -0.0171107 -0.0473298 0 -0.0177042 -0.99976 -0.0121504 0 -0.0471114 0.0129731 -0.998805 0 -0.256378 -0.660721 0.0196659 1 
0.998724 -0.015966 -0.0477006 0 -0.0165727 -0.999777 -0.01235 0 -0.0474937 0.013125 -0.998785 0 -0.2564 -0.660704 0.0196539 1 
0.99874 -0.0144542 -0.0478579 0 -0.0150883 -0.999793 -0.0129168 0 -0.0476622 0.0136229 -0.998771 0 -0.25628 -0.66058 0.0194166 1 
0.998749 -0.0140178 -0.047803 0 -0.0147168 -0.99978 -0.0143021 0 -0.0475929 0.014988 -0.998754 0 -0.256233 -0.660121 0.0185733 1 
0.998753 -0.0138104 -0.0477728 0 -0.0145409 -0.999772 -0.014978 0 -0.047556 0.0156543 -0.998746 0 -0.256292 -0.659758 0.0173143 1 
0.998745 -0.013596 -0.0479998 0 -0.0142812 -0.999791 -0.0139604 0 -0.0478009 0.0146286 -0.99875 0 -0.256193 -0.659799 0.0160608 1 
0.998737 -0.0134907 -0.0481909 0 -0.0141385 -0.999804 -0.0131272 0 -0.0480053 0.0137922 -0.998752 0 -0.256143 -0.659826 0.0150788 1 
0.998728 -0.0136252 -0.0483395 0 -0.0142532 -0.999809 -0.0126705 0 -0.0481586 0.0133437 -0.998751 0 -0.256257 -0.659814 0.0145811 1 
0.998726 -0.013663 -0.0483832 0 -0.0142836 -0.99981 -0.0125057 0 -0.0482041 0.0131811 -0.998751 0 -0.256288 -0.659859 0.0146348 1 
0.998725 -0.013665 -0.0483944 0 -0.0142839 -0.999811 -0.0124651 0 -0.0482158 0.0131407 -0.99875 0 -0.256288 -0.659881 0.0146491 1 
0.998727 -0.0136705 -0.0483516 0 -0.0142944 -0.999809 -0.012581 0 -0.0481713 0.0132564 -0.998751 0 -0.256267 -0.659841 0.0145724 1 
0.99873 -0.0136576 -0.04829 0 -0.0142878 -0.999807 -0.0127286 0 -0.0481078 0.0134027 -0.998752 0 -0.256239 -0.659796 0.0144539 1 
0.998732 -0.0136835 -0.0482549 0 -0.0143191 -0.999805 -0.0128507 0 -0.0480706 0.0135257 -0.998752 0 -0.256237 -0.659738 0.0142646 1 
0.99873 -0.0136847 -0.0482825 0 -0.0143138 -0.999807 -0.0127082 0 -0.0481002 0.0133834 -0.998753 0 -0.25624 -0.659718 0.0140122 1 
0.998729 -0.0136692 -0.048317 0 -0.014289 -0.99981 -0.0125053 0 -0.0481379 0.01318 -0.998754 0 -0.256222 -0.659704 0.0136776 1 
0.998726 -0.013657 -0.0483876 0 -0.0142622 -0.999814 -0.0121855 0 -0.0482131 0.0128603 -0.998754 0 -0.256215 -0.659698 0.0132665 1 
0.998721 -0.0136438 -0.0484797 0 -0.01423 -0.99982 -0.0117666 0 -0.0483113 0.0124417 -0.998755 0 -0.256198 -0.659689 0.0127057 1 
0.998713 -0.0140715 -0.0485282 0 -0.0146423 -0.999818 -0.0114272 0 -0.0483595 0.0121233 -0.998756 0 -0.256162 -0.659639 0.0120283 1 
0.998709 -0.0141002 -0.0486112 0 -0.0146517 -0.999822 -0.0110075 0 -0.0484483 0.0117058 -0.998757 0 -0.25612 -0.659618 0.0113744 1 
0.9987 -0.0140889 -0.0487926 0 -0.0146066 -0.999831 -0.0102692 0 -0.0486406 0.0109688 -0.998756 0 -0.256129 -0.659635 0.0106542 1 
0.998692 -0.0141695 -0.0489219 0 -0.0146594 -0.999836 -0.00966852 0 -0.0487778 0.0103732 -0.998756 0 -0.25614 -0.659638 0.00992745 1 
0.998694 -0.0141428 -0.0489038 0 -0.0146195 -0.999839 -0.009404 0 -0.0487639 0.0101069 -0.998759 0 -0.256057 -0.659646 0.00925425 1 
0.998688 -0.0140983 -0.0490234 0 -0.0145521 -0.999845 -0.00891176 0 -0.0488911 0.00961365 -0.998758 0 -0.256037 -0.659845 0.00889381 1 
0.99869 -0.0141822 -0.04897 0 -0.0146407 -0.999843 -0.00901714 0 -0.0488353 0.00972247 -0.99876 0 -0.256022 -0.6599 0.0085882 1 
0.998694 -0.0143381 -0.0488404 0 -0.0148192 -0.999835 -0.00950424 0 -0.048697 0.0102158 -0.998761 0 -0.256078 -0.659764 0.0080439 1 
0.9987 -0.0144074 -0.0487008 0 -0.0149042 -0.999831 -0.00985401 0 -0.0485515 0.0105673 -0.998765 0 -0.256132 -0.65973 0.00728687 1 
0.998709 -0.0142686 -0.0485488 0 -0.0147786 -0.99983 -0.0101623 0 -0.0483965 0.0108669 -0.998769 0 -0.256059 -0.65978 0.00647439 1 
0.998725 -0.0140203 -0.0482965 0 -0.0145687 -0.999824 -0.0110202 0 -0.0481344 0.01171 -0.998772 0 -0.255875 -0.65965 0.00556564 1 
0.998725 -0.0140132 -0.0483039 0 -0.0145517 -0.999826 -0.0108148 0 -0.0481449 0.0115041 -0.998774 0 -0.25588 -0.659633 0.0046654 1 
0.998725 -0.0139549 -0.0483173 0 -0.0144889 -0.999828 -0.0107199 0 -0.0481604 0.0114066 -0.998774 0 -0.255889 -0.659692 0.00385955 1 
0.998726 -0.01396 -0.0482913 0 -0.0144952 -0.999828 -0.0107499 0 -0.0481338 0.0114364 -0.998775 0 -0.255918 -0.659702 0.00317707 1 
0.998729 -0.0138813 -0.0482557 0 -0.0144182 -0.999828 -0.010794 0 -0.0480985 0.0114762 -0.998777 0 -0.255884 -0.659725 0.002611 1 
0.998731 -0.0138517 -0.0482281 0 -0.0143886 -0.999828 -0.0108046 0 -0.0480711 0.011485 -0.998778 0 -0.255872 -0.659713 0.00205585 1 
0.998731 -0.0138131 -0.0482363 0 -0.0143443 -0.99983 -0.0106832 0 -0.0480815 0.0113618 -0.998779 0 -0.255858 -0.659696 0.001487 1 
0.998733 -0.0136986 -0.0482164 0 -0.0142243 -0.999833 -0.0105768 0 -0.0480644 0.0112495 -0.998781 0 -0.25577 -0.65964 0.000897567 1 
0.998735 -0.0135327 -0.048239 0 -0.0140473 -0.999838 -0.0103454 0 -0.0480921 0.0110101 -0.998782 0 -0.255647 -0.659611 0.000310633 1 
0.998734 -0.0133557 -0.0482988 0 -0.0138538 -0.999844 -0.00999228 0 -0.0481588 0.010649 -0.998783 0 -0.255523 -0.659617 -0.000221065 1 
0.998734 -0.0131641 -0.0483596 0 -0.0136449 -0.999851 -0.00962372 0 -0.0482266 0.0102716 -0.998784 0 -0.255399 -0.659616 -0.000799745 1 
0.998731 -0.0130709 -0.0484438 0 -0.0135333 -0.999856 -0.00922894 0 -0.0483171 0.00987302 -0.998783 0 -0.255343 -0.659578 -0.00146553 1 
0.998724 -0.0130219 -0.0485859 0 -0.0134538 -0.999863 -0.0085721 0 -0.0484685 0.00921501 -0.998782 0 -0.255318 -0.659561 -0.00226121 1 
0.998718 -0.012884 -0.0487597 0 -0.0132735 -0.999873 -0.00767324 0 -0.0486556 0.00831077 -0.998781 0 -0.255235 -0.659567 -0.00330758 1 
0.998714 -0.0127088 -0.0488794 0 -0.0130605 -0.999881 -0.00688434 0 -0.0487871 0.00751402 -0.998781 0 -0.255116 -0.659556 -0.00452188 1 
0.99872 -0.0123918 -0.0488433 0 -0.0127395 -0.999886 -0.00681285 0 -0.0487543 0.00742651 -0.998783 0 -0.254932 -0.659592 -0.00578713 1 
0.998729 -0.0122687 -0.0486926 0 -0.0126372 -0.999884 -0.0072662 0 -0.0485988 0.00787245 -0.998787 0 -0.254857 -0.659489 -0.00706496 1 
0.998712 -0.012462 -0.0489965 0 -0.0127919 -0.999888 -0.00642533 0 -0.0489119 0.00704395 -0.998778 0 -0.255062 -0.659714 -0.00671507 1 
0.998714 -0.0126119 -0.0489186 0 -0.0129488 -0.999885 -0.00657718 0 -0.048831 0.00720229 -0.998781 0 -0.255136 -0.659614 -0.0068188 1 
0.998715 -0.0126742 -0.0488759 0 -0.0130138 -0.999884 -0.00663781 0 -0.048787 0.00726548 -0.998783 0 -0.255146 -0.65958 -0.00686125 1 
0.998722 -0.0129862 -0.0486519 0 -0.013326 -0.999879 -0.00666563 0 -0.0485604 0.00730558 -0.998794 0 -0.255134 -0.659543 -0.00693369 1 
0.99872 -0.0149925 -0.0481009 0 -0.0153266 -0.999851 -0.00658447 0 -0.0479959 0.0073134 -0.998821 0 -0.255107 -0.659469 -0.00701768 1 
0.998653 -0.0212776 -0.0471268 0 -0.0215936 -0.999738 -0.00620679 0 -0.0469833 0.00721621 -0.99887 0 -0.25506 -0.659378 -0.00709785 1 
0.998309 -0.0348823 -0.0462917 0 -0.0351803 -0.999355 -0.00563686 0 -0.0460661 0.00725602 -0.998912 0 -0.255127 -0.659198 -0.00717274 1 
0.997427 -0.0551934 -0.0455463 0 -0.0554713 -0.998439 -0.00485941 0 -0.0452078 0.00737356 -0.99895 0 -0.255114 -0.659029 -0.00720663 1 
0.995384 -0.0847291 -0.0448686 0 -0.084984 -0.996365 -0.00380136 0 -0.0443843 0.00759707 -0.998986 0 -0.255267 -0.65879 -0.00725394 1 
0.992344 -0.115006 -0.0448132 0 -0.115253 -0.993322 -0.0029524 0 -0.0441752 0.00809479 -0.998991 0 -0.255462 -0.658547 -0.00727563 1 
0.988214 -0.14631 -0.0447998 0 -0.14654 -0.989193 -0.00188262 0 -0.044041 0.00842555 -0.998994 0 -0.255491 -0.65842 -0.00727409 1 
0.982399 -0.181291 -0.044787 0 -0.181489 -0.983383 -0.000360562 0 -0.0439783 0.00848272 -0.998996 0 -0.255493 -0.658393 -0.00729557 1 
0.975581 -0.214987 -0.0447476 0 -0.215153 -0.97657 0.00112288 0 -0.0439414 0.0085323 -0.998998 0 -0.255512 -0.658375 -0.00729677 1 
0.967897 -0.247315 -0.0446231 0 -0.247452 -0.968887 0.0025156 0 -0.0438578 0.00860741 -0.999001 0 -0.255451 -0.658372 -0.00730894 1 
0.958444 -0.281765 -0.0444371 0 -0.281873 -0.959434 0.00395595 0 -0.0437499 0.00873423 -0.999004 0 -0.25551 -0.658322 -0.00730804 1 
0.947787 -0.315804 -0.0441368 0 -0.315878 -0.948774 0.00546704 0 -0.0436032 0.00876044 -0.999011 0 -0.255454 -0.658327 -0.00731449 1 
0.935537 -0.350474 -0.0437963 0 -0.350519 -0.93652 0.00690948 0 -0.0434385 0.00888753 -0.999017 0 -0.255399 -0.658314 -0.00731933 1 
0.921986 -0.384749 -0.0434771 0 -0.384766 -0.922966 0.00831257 0 -0.043327 0.00906458 -0.99902 0 -0.2552 -0.658349 -0.00731368 1 
0.907396 -0.418043 -0.0430423 0 -0.418024 -0.908372 0.00985858 0 -0.0432205 0.00904724 -0.999025 0 -0.254873 -0.658476 -0.00731788 1 
0.891055 -0.45186 -0.0427027 0 -0.451832 -0.892026 0.0108675 0 -0.0430034 0.0096111 -0.999029 0 -0.254627 -0.658433 -0.00735236 1 
0.875105 -0.482054 -0.0423682 0 -0.482007 -0.876074 0.011991 0 -0.0428988 0.0099286 -0.99903 0 -0.254372 -0.658455 -0.00734558 1 
0.860586 -0.507547 -0.0420543 0 -0.507474 -0.861555 0.0131964 0 -0.0429307 0.00998495 -0.999028 0 -0.254396 -0.658436 -0.00735042 1 
0.845302 -0.532639 -0.0417282 0 -0.532539 -0.846272 0.0144029 0 -0.0429858 0.0100473 -0.999025 0 -0.254767 -0.658287 -0.00735817 1 
0.829582 -0.556837 -0.041308 0 -0.556712 -0.830549 0.0155331 0 -0.0429586 0.0101109 -0.999026 0 -0.255435 -0.658015 -0.00737154 1 
0.816051 -0.576512 -0.0409376 0 -0.576367 -0.817014 0.0164552 0 -0.042934 0.010167 -0.999026 0 -0.255874 -0.657831 -0.00738088 1 
0.801161 -0.597059 -0.04053 0 -0.596891 -0.80212 0.0174465 0 -0.0429273 0.0102148 -0.999026 0 -0.256316 -0.657649 -0.0073823 1 
0.784369 -0.618983 -0.0400681 0 -0.618792 -0.785324 0.0184968 0 -0.0429165 0.0102857 -0.999026 0 -0.256767 -0.657456 -0.00739165 1 
