0.99805 0.0324185 -0.0531667 0 0.0317919 -0.999406 -0.0125898 0 -0.0535442 0.0108752 -0.998506 0 -0.230621 -0.432135 0.543448 1 
0.99805 0.0324263 -0.0531627 0 0.0317995 -0.999405 -0.0125955 0 -0.0535406 0.0108806 -0.998506 0 -0.230616 -0.432137 0.543445 1 
0.998049 0.0324227 -0.0531678 0 0.0317962 -0.999405 -0.0125869 0 -0.0535453 0.010872 -0.998506 0 -0.230619 -0.432135 0.54345 1 
0.998049 0.032426 -0.0531675 0 0.0317995 -0.999405 -0.0125876 0 -0.0535451 0.0108725 -0.998506 0 -0.230615 -0.432137 0.54345 1 
0.99805 0.0324217 -0.0531657 0 0.0317951 -0.999405 -0.0125891 0 -0.0535433 0.0108744 -0.998506 0 -0.230619 -0.432134 0.543449 1 
0.998049 0.0324294 -0.0531699 0 0.031803 -0.999405 -0.0125841 0 -0.0535474 0.0108688 -0.998506 0 -0.230616 -0.432136 0.543452 1 
0.998049 0.0324241 -0.053168 0 0.0317975 -0.999405 -0.0125879 0 -0.0535455 0.010873 -0.998506 0 -0.230616 -0.432136 0.54345 1 
0.998049 0.0324282 -0.053167 0 0.0318016 -0.999405 -0.0125887 0 -0.0535447 0.0108735 -0.998506 0 -0.230616 -0.432137 0.543449 1 
0.998049 0.0324258 -0.0531709 0 0.031799 -0.999405 -0.0125912 0 -0.0535486 0.0108761 -0.998506 0 -0.230619 -0.432136 0.543449 1 
0.998049 0.0324268 -0.0531653 0 0.0318001 -0.999405 -0.0125916 0 -0.053543 0.0108766 -0.998506 0 -0.230617 -0.432136 0.543448 1 
0.99805 0.0324223 -0.0531669 0 0.0317958 -0.999405 -0.0125879 0 -0.0535444 0.0108731 -0.998506 0 -0.230617 -0.432136 0.543449 1 
0.998049 0.0324273 -0.0531677 0 0.0318008 -0.999405 -0.012587 0 -0.0535453 0.0108718 -0.998506 0 -0.230617 -0.432135 0.54345 1 
0.99805 0.0324182 -0.0531678 0 0.0317915 -0.999406 -0.0125907 0 -0.0535454 0.0108761 -0.998506 0 -0.230619 -0.432135 0.543449 1 
0.998049 0.032422 -0.0531685 0 0.0317957 -0.999406 -0.0125847 0 -0.053546 0.0108698 -0.998506 0 -0.230618 -0.432135 0.543451 1 
0.99805 0.0324207 -0.0531677 0 0.0317942 -0.999406 -0.0125876 0 -0.0535452 0.0108729 -0.998506 0 -0.230617 -0.432136 0.543449 1 
0.998049 0.0324268 -0.0531675 0 0.0318002 -0.999405 -0.0125889 0 -0.0535452 0.0108738 -0.998506 0 -0.230616 -0.432137 0.543449 1 
0.99805 0.0324212 -0.0531676 0 0.0317947 -0.999406 -0.0125865 0 -0.0535451 0.0108717 -0.998506 0 -0.230619 -0.432136 0.54345 1 
0.998049 0.0324228 -0.05317 0 0.031796 -0.999405 -0.0125911 0 -0.0535476 0.0108761 -0.998506 0 -0.230617 -0.432136 0.543449 1 
0.99805 0.0324176 -0.0531678 0 0.0317912 -0.999406 -0.012586 0 -0.0535452 0.0108714 -0.998506 0 -0.230619 -0.432135 0.54345 1 
0.998049 0.032431 -0.0531702 0 0.0318048 -0.999405 -0.0125825 0 -0.0535477 0.0108671 -0.998506 0 -0.230618 -0.432135 0.543453 1 
0.99805 0.0324194 -0.0531648 0 0.0317928 -0.999406 -0.0125902 0 -0.0535424 0.0108756 -0.998506 0 -0.230618 -0.432136 0.543448 1 
0.99805 0.032421 -0.0531676 0 0.0317945 -0.999406 -0.0125874 0 -0.0535451 0.0108726 -0.998506 0 -0.230618 -0.432135 0.54345 1 
0.99805 0.0324161 -0.0531682 0 0.0317897 -0.999406 -0.0125858 0 -0.0535456 0.0108712 -0.998506 0 -0.230622 -0.432134 0.543451 1 
0.998051 0.0323748 -0.0531706 0 0.0317487 -0.999407 -0.0125782 0 -0.0535473 0.0108658 -0.998506 0 -0.230639 -0.432124 0.543455 1 
0.99805 0.0324118 -0.0531654 0 0.0317848 -0.999406 -0.0125956 0 -0.0535431 0.0108814 -0.998506 0 -0.230626 -0.432132 0.543447 1 
0.998051 0.0323731 -0.0531624 0 0.0317463 -0.999407 -0.012592 0 -0.0535396 0.0108799 -0.998506 0 -0.230639 -0.432124 0.543447 1 
0.99805 0.0324304 -0.0531518 0 0.0318022 -0.999405 -0.0126231 0 -0.0535306 0.0109083 -0.998507 0 -0.230617 -0.432138 0.543431 1 
0.998052 0.0323801 -0.0531547 0 0.0317525 -0.999407 -0.0126098 0 -0.0535325 0.0108976 -0.998507 0 -0.23064 -0.432125 0.543438 1 
0.998055 0.0322806 -0.0531443 0 0.0316526 -0.99941 -0.0126179 0 -0.0535213 0.0109114 -0.998507 0 -0.230684 -0.432102 0.543432 1 
0.998057 0.0322203 -0.0531467 0 0.0315921 -0.999412 -0.0126182 0 -0.053523 0.0109149 -0.998507 0 -0.230716 -0.432087 0.543432 1 
0.998055 0.0322824 -0.0531426 0 0.0316536 -0.999409 -0.0126314 0 -0.0535201 0.0109249 -0.998507 0 -0.23069 -0.432108 0.543422 1 
0.998054 0.032284 -0.0531602 0 0.0316565 -0.99941 -0.0126045 0 -0.0535368 0.0108974 -0.998506 0 -0.230695 -0.432123 0.543428 1 
0.998055 0.0323455 -0.0531045 0 0.0317128 -0.999407 -0.0127147 0 -0.0534853 0.0110061 -0.998508 0 -0.230676 -0.432148 0.543369 1 
0.998051 0.0326479 -0.0530029 0 0.0320053 -0.999394 -0.0129266 0 -0.0533939 0.0112052 -0.998511 0 -0.230555 -0.432243 0.543255 1 
0.997936 0.034407 -0.0540372 0 0.0338588 -0.999356 -0.0110279 0 -0.0543829 0.00917571 -0.998478 0 -0.23007 -0.433268 0.543268 1 
0.997823 0.0380035 -0.0537122 0 0.0374289 -0.999222 -0.0116642 0 -0.0541148 0.00962862 -0.998488 0 -0.228537 -0.434336 0.542832 1 
0.997698 0.0418345 -0.0531943 0 0.0412197 -0.999061 -0.0126031 0 -0.0536726 0.0103816 -0.998505 0 -0.226266 -0.435915 0.542138 1 
0.997467 0.0479616 -0.0523381 0 0.0472823 -0.998772 -0.0141424 0 -0.0529531 0.0116322 -0.998529 0 -0.222776 -0.438429 0.540865 1 
0.99719 0.0541183 -0.0516103 0 0.053387 -0.998445 -0.015446 0 -0.052367 0.0126475 -0.998548 0 -0.21841 -0.441809 0.539034 1 
0.99702 0.0577728 -0.0509327 0 0.0569898 -0.998226 -0.0166944 0 -0.0518078 0.0137422 -0.998563 0 -0.213303 -0.445842 0.536632 1 
0.996966 0.0592449 -0.0502876 0 0.0584116 -0.998123 -0.0178835 0 -0.0512537 0.0148922 -0.998575 0 -0.207544 -0.450486 0.533857 1 
0.996866 0.0608625 -0.0503438 0 0.0600364 -0.998028 -0.0177628 0 -0.0513266 0.014685 -0.998574 0 -0.201426 -0.455934 0.530892 1 
0.996697 0.0634442 -0.0504992 0 0.0626323 -0.997874 -0.0175021 0 -0.0515032 0.0142817 -0.998571 0 -0.195396 -0.461997 0.526869 1 
0.996394 0.0682244 -0.05025 0 0.0673896 -0.997552 -0.0181245 0 -0.0513645 0.0146731 -0.998572 0 -0.188975 -0.468351 0.521802 1 
0.995846 0.0759724 -0.0499935 0 0.0751092 -0.996986 -0.0189257 0 -0.0512816 0.0150925 -0.99857 0 -0.182928 -0.474643 0.516109 1 
0.995385 0.081832 -0.0499341 0 0.0809589 -0.996522 -0.0192672 0 -0.0513381 0.015136 -0.998567 0 -0.17759 -0.481453 0.509367 1 
0.995202 0.0838474 -0.0502231 0 0.0829954 -0.996363 -0.0188188 0 -0.0516193 0.0145605 -0.998561 0 -0.173219 -0.488367 0.501841 1 
0.995267 0.0829932 -0.0503547 0 0.0821457 -0.996436 -0.0186765 0 -0.0517262 0.014452 -0.998557 0 -0.169517 -0.495745 0.493186 1 
0.995454 0.0804206 -0.050846 0 0.0796179 -0.99666 -0.0176229 0 -0.0520944 0.0134948 -0.998551 0 -0.166753 -0.503509 0.483684 1 
0.996046 0.0726786 -0.0508924 0 0.0718655 -0.997249 -0.0176295 0 -0.0520347 0.0139027 -0.998548 0 -0.16469 -0.51161 0.472619 1 
0.996688 0.0632981 -0.0508602 0 0.0624633 -0.997878 -0.0178392 0 -0.0518825 0.0146035 -0.998546 0 -0.163267 -0.519741 0.461004 1 
0.997147 0.0555381 -0.050927 0 0.0546959 -0.998335 -0.0177848 0 -0.0518309 0.0149488 -0.998544 0 -0.162449 -0.528233 0.44833 1 
0.997538 0.0475871 -0.0513333 0 0.0467874 -0.998756 -0.01667 0 -0.0520637 0.0142275 -0.998542 0 -0.162405 -0.537173 0.434956 1 
0.997646 0.045112 -0.0514682 0 0.0443258 -0.998874 -0.0163171 0 -0.0521473 0.0139976 -0.998541 0 -0.163131 -0.545506 0.421965 1 
0.997644 0.0448917 -0.0516852 0 0.044139 -0.998894 -0.0156145 0 -0.05233 0.0132966 -0.998541 0 -0.164923 -0.553706 0.408397 1 
0.997606 0.0453952 -0.0519783 0 0.0446942 -0.998885 -0.0145719 0 -0.0525828 0.0122141 -0.998542 0 -0.167465 -0.561576 0.3943 1 
0.997608 0.0449051 -0.0523751 0 0.0442726 -0.998923 -0.013175 0 -0.0529113 0.0108249 -0.998541 0 -0.170533 -0.568966 0.380097 1 
0.997655 0.0433064 -0.0528112 0 0.0427592 -0.99901 -0.0114482 0 -0.0532558 0.00916332 -0.998539 0 -0.174253 -0.576101 0.365377 1 
0.99776 0.0409583 -0.0527036 0 0.0404242 -0.999111 -0.0111593 0 -0.0531148 0.00900394 -0.998548 0 -0.178415 -0.582843 0.349498 1 
0.997883 0.0380774 -0.0525316 0 0.0375532 -0.999225 -0.0109312 0 -0.0529081 0.00893551 -0.998559 0 -0.182872 -0.589272 0.333229 1 
0.997996 0.0347547 -0.0526881 0 0.034294 -0.999356 -0.00962363 0 -0.0529896 0.00779762 -0.998565 0 -0.187649 -0.595708 0.31713 1 
0.998087 0.0312843 -0.0531517 0 0.030932 -0.999484 -0.00743899 0 -0.053358 0.00578078 -0.998559 0 -0.192603 -0.602363 0.301466 1 
0.998168 0.0286384 -0.0531222 0 0.0283103 -0.999566 -0.00691844 0 -0.0532983 0.00540196 -0.998564 0 -0.196997 -0.60889 0.286189 1 
0.998201 0.0267922 -0.0534654 0 0.0265393 -0.999623 -0.00543398 0 -0.0535918 0.00400534 -0.998555 0 -0.201011 -0.61599 0.27183 1 
0.998227 0.0257108 -0.0534998 0 0.0254587 -0.999652 -0.00538853 0 -0.0536207 0.00401702 -0.998553 0 -0.20444 -0.623012 0.258637 1 
0.998236 0.0254693 -0.0534551 0 0.0252013 -0.999657 -0.00568108 0 -0.0535825 0.004324 -0.998554 0 -0.207245 -0.629957 0.246299 1 
0.998249 0.025447 -0.053212 0 0.0251144 -0.999651 -0.0069102 0 -0.0533703 0.00556182 -0.998559 0 -0.209797 -0.636463 0.23506 1 
0.998247 0.0262056 -0.052888 0 0.0257771 -0.99962 -0.00876899 0 -0.0530987 0.00739046 -0.998562 0 -0.212087 -0.64245 0.224207 1 
0.998219 0.0282562 -0.0523594 0 0.0277104 -0.999545 -0.0111203 0 -0.0526508 0.00964974 -0.998566 0 -0.214025 -0.647896 0.213481 1 
0.99818 0.0291785 -0.0525944 0 0.0286345 -0.999519 -0.0110662 0 -0.0528931 0.00954025 -0.998555 0 -0.216012 -0.653368 0.202965 1 
0.998147 0.030081 -0.0527061 0 0.0295315 -0.999492 -0.0111728 0 -0.0530165 0.00959578 -0.998548 0 -0.217696 -0.65813 0.192812 1 
0.998056 0.0334432 -0.052402 0 0.0328267 -0.999372 -0.0125817 0 -0.0527909 0.0108373 -0.998547 0 -0.218945 -0.662015 0.182651 1 
0.997946 0.0375697 -0.05171 0 0.0368463 -0.999201 -0.014873 0 -0.0522284 0.0129374 -0.998551 0 -0.219868 -0.665179 0.171957 1 
0.997791 0.0419949 -0.0512836 0 0.041214 -0.99901 -0.0161913 0 -0.0519137 0.0140422 -0.998553 0 -0.220601 -0.667864 0.16124 1 
0.997636 0.0462098 -0.0506678 0 0.0453462 -0.998798 -0.0180641 0 -0.0514427 0.0157241 -0.998552 0 -0.221168 -0.669549 0.150293 1 
0.997507 0.0494584 -0.0501426 0 0.0485379 -0.998623 -0.019414 0 -0.0510347 0.0169322 -0.998553 0 -0.221715 -0.670345 0.139726 1 
0.997449 0.0510546 -0.0496921 0 0.0500887 -0.998525 -0.0204921 0 -0.050666 0.0179511 -0.998554 0 -0.222412 -0.670176 0.129375 1 
0.997445 0.0519568 -0.0488307 0 0.0508659 -0.998423 -0.0233252 0 -0.0499666 0.0207822 -0.998535 0 -0.223543 -0.668924 0.118819 1 
0.997392 0.0533695 -0.0483984 0 0.0522276 -0.998324 -0.0245597 0 -0.049629 0.0219684 -0.998526 0 -0.225165 -0.66746 0.109873 1 
0.997319 0.0550351 -0.0480309 0 0.0538426 -0.998207 -0.0257799 0 -0.0493645 0.0231251 -0.998513 0 -0.227392 -0.665342 0.100896 1 
0.997298 0.0555231 -0.0478946 0 0.0542741 -0.998151 -0.0269968 0 -0.049306 0.0243249 -0.998487 0 -0.229987 -0.662802 0.0932665 1 
0.99736 0.0544148 -0.0478768 0 0.0531203 -0.998188 -0.0279075 0 -0.0493096 0.0252911 -0.998463 0 -0.232741 -0.6601 0.0870466 1 
0.997394 0.0539721 -0.0476826 0 0.052656 -0.998198 -0.0284404 0 -0.0491327 0.025856 -0.998458 0 -0.235552 -0.656811 0.0812083 1 
0.997434 0.0537124 -0.047124 0 0.0523496 -0.998178 -0.029694 0 -0.048634 0.0271515 -0.998448 0 -0.237931 -0.652958 0.0767352 1 
0.997434 0.0541821 -0.0465958 0 0.0528161 -0.998142 -0.0300642 0 -0.0481391 0.0275266 -0.998461 0 -0.240191 -0.64905 0.0730735 1 
0.997582 0.0516897 -0.0462395 0 0.0503678 -0.998291 -0.0293095 0 -0.0476764 0.0269102 -0.9985 0 -0.242382 -0.64502 0.0696668 1 
0.997772 0.0482667 -0.0458415 0 0.0469753 -0.99847 -0.0288416 0 -0.0471644 0.0266244 -0.998532 0 -0.243956 -0.641437 0.0664832 1 
0.997939 0.0451762 -0.0453597 0 0.0439051 -0.998616 -0.0286384 0 -0.0465916 0.0265883 -0.99856 0 -0.245175 -0.63797 0.0631321 1 
0.998068 0.0424271 -0.0451725 0 0.0412133 -0.998763 -0.0274714 0 -0.0462831 0.0255571 -0.998601 0 -0.246199 -0.634789 0.0596733 1 
0.998166 0.0404104 -0.0448591 0 0.0392449 -0.998867 -0.0265644 0 -0.0458826 0.0247557 -0.99864 0 -0.246674 -0.631688 0.0559434 1 
0.99821 0.0395692 -0.0446391 0 0.0384645 -0.998929 -0.025341 0 -0.0455949 0.0235791 -0.998682 0 -0.246256 -0.629045 0.052363 1 
0.998235 0.0390712 -0.044517 0 0.0380399 -0.998984 -0.0237819 0 -0.0454018 0.022047 -0.998725 0 -0.24473 -0.627275 0.049356 1 
0.998187 0.0401628 -0.0446151 0 0.0392074 -0.998977 -0.0220882 0 -0.0454575 0.0202993 -0.99876 0 -0.242251 -0.626358 0.0469997 1 
0.998075 0.0427922 -0.0446788 0 0.0418849 -0.998891 -0.0210505 0 -0.045531 0.019139 -0.99878 0 -0.239099 -0.62636 0.0457951 1 
0.997903 0.0464294 -0.0448913 0 0.0455713 -0.998752 -0.0199517 0 -0.0457625 0.0178645 -0.998793 0 -0.235462 -0.627425 0.0460384 1 
0.997705 0.0497318 -0.0457393 0 0.0489714 -0.998636 -0.0175967 0 -0.0465529 0.0153167 -0.998798 0 -0.231341 -0.629549 0.047782 1 
0.997505 0.0520913 -0.0474362 0 0.0515182 -0.998575 -0.0132257 0 -0.0480584 0.010749 -0.998787 0 -0.226801 -0.632526 0.0509295 1 
0.997264 0.0550979 -0.0490947 0 0.054713 -0.998451 -0.00915201 0 -0.0495238 0.00644097 -0.998752 0 -0.222137 -0.635453 0.0554681 1 
0.996982 0.0590241 -0.0502343 0 0.058781 -0.998241 -0.00630339 0 -0.050519 0.00333161 -0.998718 0 -0.217041 -0.638038 0.0606502 1 
0.996867 0.0601389 -0.0511822 0 0.0600452 -0.99818 -0.00336617 0 -0.0512924 0.000282381 -0.998684 0 -0.211782 -0.640534 0.065508 1 
0.997035 0.0564061 -0.0521606 0 0.0564602 -0.998395 -0.000436432 0 -0.0521025 -0.00250991 -0.998639 0 -0.206879 -0.643043 0.0707718 1 
0.997359 0.050074 -0.0524327 0 0.0501911 -0.99873 0.000917448 0 -0.0523211 -0.00354674 -0.998624 0 -0.201853 -0.645256 0.0755165 1 
0.997686 0.0430488 -0.0524346 0 0.0431629 -0.999058 0.001044 0 -0.0523413 -0.00330488 -0.998624 0 -0.196656 -0.647235 0.0788827 1 
0.998003 0.0344121 -0.0527956 0 0.0345858 -0.999389 0.00237997 0 -0.0526825 -0.00420128 -0.998602 0 -0.19173 -0.649593 0.0817831 1 
0.998238 0.0262963 -0.0530174 0 0.0265026 -0.999634 0.00319199 0 -0.0529151 -0.00459155 -0.998588 0 -0.187266 -0.65193 0.0840134 1 
0.998388 0.0191902 -0.0532369 0 0.0194229 -0.999794 0.00385797 0 -0.0531529 -0.00488586 -0.998574 0 -0.183369 -0.654433 0.0857176 1 
0.998477 0.011753 -0.0537194 0 0.0120623 -0.999903 0.00543734 0 -0.0536513 -0.00607716 -0.998541 0 -0.180399 -0.657147 0.0873292 1 
0.998514 0.00324367 -0.054231 0 0.00363111 -0.999959 0.00704729 0 -0.054207 -0.00723388 -0.998504 0 -0.178868 -0.659659 0.0887523 1 
0.998468 -0.00722087 -0.054679 0 -0.00676849 -0.999932 0.00845403 0 -0.0547374 -0.00807114 -0.998468 0 -0.178774 -0.66184 0.0898484 1 
0.998355 -0.0159051 -0.0549123 0 -0.0154876 -0.999838 0.00802142 0 -0.0550321 -0.0071579 -0.998459 0 -0.180007 -0.663495 0.0905441 1 
0.998288 -0.0196046 -0.054927 0 -0.0192708 -0.999783 0.00659944 0 -0.0550455 -0.00552976 -0.998469 0 -0.182382 -0.664576 0.0903657 1 
0.998191 -0.0237312 -0.0550616 0 -0.0234649 -0.9997 0.0054767 0 -0.0551761 -0.00417486 -0.998468 0 -0.185635 -0.665253 0.0891867 1 
0.998044 -0.0289372 -0.0552449 0 -0.0287042 -0.999566 0.0050072 0 -0.0553668 -0.00341171 -0.99846 0 -0.189616 -0.665581 0.087363 1 
0.997849 -0.0347046 -0.0554367 0 -0.0345399 -0.999386 0.0039256 0 -0.0555399 -0.00200242 -0.998454 0 -0.194187 -0.665409 0.0846165 1 
0.99767 -0.0398987 -0.0551677 0 -0.0399288 -0.999193 0.000555859 0 -0.0551464 0.00164825 -0.998477 0 -0.199049 -0.664224 0.0804537 1 
0.997527 -0.0434192 -0.0550874 0 -0.0435906 -0.999038 -0.00191266 0 -0.0549524 0.00430931 -0.99848 0 -0.204251 -0.662957 0.0764691 1 
0.997378 -0.0465622 -0.0552184 0 -0.0468417 -0.998886 -0.00377728 0 -0.054982 0.00635402 -0.998467 0 -0.209837 -0.661566 0.0722127 1 
0.997301 -0.0476809 -0.0556636 0 -0.0480198 -0.998825 -0.00476582 0 -0.0553721 0.00742606 -0.998438 0 -0.215008 -0.660354 0.0677288 1 
0.997364 -0.0454191 -0.0564106 0 -0.0457872 -0.998928 -0.00524977 0 -0.0561127 0.00781897 -0.998394 0 -0.220053 -0.659632 0.0643352 1 
0.997532 -0.041047 -0.0568021 0 -0.0414553 -0.999113 -0.00602797 0 -0.0565054 0.008368 -0.998367 0 -0.225011 -0.659234 0.061215 1 
0.997819 -0.0333831 -0.0567728 0 -0.0338419 -0.999392 -0.00713937 0 -0.0565011 0.00904527 -0.998362 0 -0.229479 -0.659137 0.0581613 1 
0.998058 -0.0245715 -0.0570765 0 -0.0250124 -0.999653 -0.00702263 0 -0.0568853 0.00843678 -0.998345 0 -0.233187 -0.659746 0.0560372 1 
0.998215 -0.0166012 -0.0572066 0 -0.0170501 -0.999818 -0.0073664 0 -0.057075 0.00832879 -0.998335 0 -0.236998 -0.660398 0.05306 1 
0.998293 -0.011002 -0.0571828 0 -0.0114751 -0.999893 -0.00795246 0 -0.0570902 0.00859523 -0.998332 0 -0.239853 -0.660829 0.0503854 1 
0.998304 -0.010576 -0.0570731 0 -0.0110846 -0.999892 -0.00860253 0 -0.0569771 0.00922076 -0.998333 0 -0.242199 -0.660997 0.0479496 1 
0.998314 -0.0128899 -0.056418 0 -0.0135068 -0.999843 -0.0105661 0 -0.0562741 0.0113105 -0.998351 0 -0.243945 -0.660612 0.0447951 1 
0.99831 -0.0145993 -0.0560733 0 -0.0152711 -0.999807 -0.0115722 0 -0.0558946 0.0124092 -0.99836 0 -0.245236 -0.660331 0.0419824 1 
0.998289 -0.0160174 -0.0560566 0 -0.0166898 -0.999784 -0.0115467 0 -0.0558606 0.0124627 -0.998361 0 -0.246374 -0.660341 0.0398994 1 
0.998253 -0.0176875 -0.056212 0 -0.0183337 -0.999762 -0.0109994 0 -0.0560052 0.012011 -0.998358 0 -0.247729 -0.660485 0.0382102 1 
0.998218 -0.0194527 -0.0562394 0 -0.0200918 -0.99973 -0.010821 0 -0.0560147 0.0119319 -0.998359 0 -0.249079 -0.660422 0.0365392 1 
0.998194 -0.0208759 -0.0561555 0 -0.0215179 -0.9997 -0.0108528 0 -0.0559131 0.0120417 -0.998363 0 -0.250114 -0.660101 0.0349645 1 
0.998191 -0.0214606 -0.0559868 0 -0.0221232 -0.999682 -0.0112416 0 -0.0557289 0.0124601 -0.998368 0 -0.250792 -0.659588 0.0337664 1 
0.99823 -0.0198222 -0.0558912 0 -0.0204941 -0.999715 -0.011474 0 -0.0556489 0.0125994 -0.998371 0 -0.251315 -0.659247 0.0330076 1 
0.998332 -0.0141085 -0.0558097 0 -0.0147905 -0.999811 -0.0118252 0 -0.0556334 0.0126312 -0.998371 0 -0.25174 -0.659023 0.0325982 1 
0.998412 -0.00659421 -0.055778 0 -0.00727471 -0.999892 -0.0120058 0 -0.0556938 0.0123928 -0.998371 0 -0.25216 -0.6589 0.0324634 1 
0.998428 -0.00255237 -0.0558158 0 -0.00322554 -0.999913 -0.0119737 0 -0.0557814 0.0121352 -0.998369 0 -0.252617 -0.658804 0.0324999 1 
0.99843 -0.000732033 -0.0558409 0 -0.00139927 -0.999918 -0.0119105 0 -0.0558287 0.0119702 -0.998369 0 -0.253125 -0.658659 0.032511 1 
0.998433 -0.00096869 -0.0557738 0 -0.00164279 -0.999917 -0.0120416 0 -0.0557585 0.0121146 -0.998371 0 -0.253507 -0.658459 0.0323388 1 
0.998437 -0.0013496 -0.0556962 0 -0.00202668 -0.999915 -0.0121018 0 -0.0556763 0.012196 -0.998374 0 -0.253714 -0.658306 0.0319929 1 
0.998456 -0.00186544 -0.055343 0 -0.0025517 -0.999911 -0.0123319 0 -0.0553161 0.0124543 -0.998391 0 -0.253762 -0.658126 0.0314428 1 
0.998477 -0.00440495 -0.0548183 0 -0.00508586 -0.999902 -0.0122878 0 -0.0547599 0.0125482 -0.998421 0 -0.2537 -0.657988 0.0307609 1 
0.998454 -0.0106423 -0.054385 0 -0.0113103 -0.999855 -0.0119897 0 -0.0542505 0.0125865 -0.998448 0 -0.253682 -0.657858 0.0299399 1 
0.99837 -0.0175048 -0.054149 0 -0.0181534 -0.999759 -0.0115093 0 -0.0539356 0.0124737 -0.998467 0 -0.253688 -0.657883 0.0289863 1 
0.998221 -0.024451 -0.0541951 0 -0.0250879 -0.999614 -0.0111011 0 -0.0539037 0.0124412 -0.998469 0 -0.253759 -0.658118 0.0280267 1 
0.998088 -0.0290808 -0.0543553 0 -0.0296886 -0.999495 -0.0104083 0 -0.0540262 0.0120024 -0.998467 0 -0.253855 -0.658737 0.0272043 1 
0.998061 -0.0294477 -0.0546663 0 -0.0300212 -0.999493 -0.00969822 0 -0.054354 0.0113208 -0.998458 0 -0.254162 -0.659517 0.0263736 1 
0.998045 -0.0295434 -0.0549097 0 -0.0300908 -0.999495 -0.00916961 0 -0.0546121 0.0108042 -0.998449 0 -0.254515 -0.660172 0.0255274 1 
0.99805 -0.0292217 -0.0549827 0 -0.0297758 -0.999504 -0.0092854 0 -0.0546851 0.0109047 -0.998444 0 -0.254674 -0.660449 0.0247158 1 
0.998105 -0.027233 -0.0550071 0 -0.0278189 -0.999554 -0.00991421 0 -0.0547137 0.0114259 -0.998437 0 -0.254727 -0.660343 0.0242258 1 
0.998193 -0.0237433 -0.0550224 0 -0.024353 -0.999639 -0.010436 0 -0.0547559 0.0117573 -0.998431 0 -0.254709 -0.660249 0.0240155 1 
0.998259 -0.0208132 -0.0550059 0 -0.0214257 -0.999705 -0.0105687 0 -0.0547708 0.0117291 -0.99843 0 -0.254669 -0.660275 0.0240266 1 
0.998301 -0.0187924 -0.0549878 0 -0.0194081 -0.999745 -0.0106849 0 -0.054774 0.0117342 -0.99843 0 -0.254586 -0.660304 0.0240218 1 
0.998333 -0.0170226 -0.0549808 0 -0.0176416 -0.999776 -0.0107924 0 -0.0547859 0.0117446 -0.998429 0 -0.25457 -0.660307 0.0240136 1 
0.998352 -0.0159085 -0.054965 0 -0.0165293 -0.999795 -0.010859 0 -0.054782 0.0117498 -0.998429 0 -0.254565 -0.660307 0.0240069 1 
0.998352 -0.0158813 -0.054967 0 -0.0165037 -0.999795 -0.0108865 0 -0.0547839 0.011776 -0.998429 0 -0.254596 -0.660288 0.0239924 1 
0.998353 -0.0159352 -0.0549427 0 -0.0165609 -0.999793 -0.010952 0 -0.0547579 0.0118441 -0.998429 0 -0.254623 -0.660254 0.0239418 1 
0.998355 -0.0160328 -0.0548775 0 -0.0166666 -0.99979 -0.0111103 0 -0.0546889 0.0120068 -0.998431 0 -0.254642 -0.660189 0.0238173 1 
0.998354 -0.0165253 -0.0547468 0 -0.0171732 -0.999778 -0.0113843 0 -0.0545476 0.012306 -0.998435 0 -0.254694 -0.660063 0.0235872 1 
0.998323 -0.0189056 -0.0545361 0 -0.0195648 -0.999732 -0.0115774 0 -0.0543036 0.0126252 -0.998445 0 -0.254686 -0.65994 0.0233141 1 
0.998239 -0.0233768 -0.0543469 0 -0.024047 -0.999633 -0.0117105 0 -0.0540542 0.012997 -0.998453 0 -0.254566 -0.659841 0.0230041 1 
0.998198 -0.0253585 -0.0542057 0 -0.0260491 -0.999578 -0.0120717 0 -0.0538777 0.0134622 -0.998457 0 -0.254466 -0.659714 0.0226456 1 
0.998175 -0.0265216 -0.054071 0 -0.0272332 -0.999542 -0.0124658 0 -0.0537166 0.0139159 -0.998459 0 -0.254468 -0.659555 0.0222934 1 
0.998175 -0.0267057 -0.0539756 0 -0.0274332 -0.999532 -0.0127826 0 -0.05361 0.0142402 -0.99846 0 -0.254555 -0.659422 0.0220242 1 
0.998167 -0.0269964 -0.0539937 0 -0.0277228 -0.999525 -0.0127492 0 -0.0536249 0.0142229 -0.99846 0 -0.254775 -0.659401 0.0218868 1 
0.998153 -0.0272902 -0.0541034 0 -0.0280058 -0.99952 -0.0125124 0 -0.053737 0.0140048 -0.998457 0 -0.255053 -0.659451 0.02181 1 
0.998146 -0.027363 -0.0541945 0 -0.0280711 -0.99952 -0.0123471 0 -0.0538317 0.0138458 -0.998454 0 -0.255271 -0.65952 0.0217432 1 
0.998207 -0.0249071 -0.05425 0 -0.0256242 -0.999583 -0.0125618 0 -0.0539156 0.0139296 -0.998448 0 -0.25528 -0.659541 0.0215927 1 
0.998257 -0.0228545 -0.0542315 0 -0.0235872 -0.999629 -0.0129088 0 -0.0539174 0.0141657 -0.998445 0 -0.255196 -0.659501 0.0213675 1 
0.998322 -0.0200861 -0.0541349 0 -0.0208399 -0.999683 -0.0133956 0 -0.0538497 0.0145016 -0.998444 0 -0.25501 -0.659444 0.0210366 1 
0.998346 -0.0190352 -0.0540761 0 -0.019799 -0.999702 -0.0136252 0 -0.0538016 0.0146736 -0.998444 0 -0.255024 -0.659343 0.0206615 1 
0.998343 -0.019453 -0.053976 0 -0.0202301 -0.999689 -0.0138881 0 -0.0536901 0.0149574 -0.998446 0 -0.2553 -0.659132 0.0201089 1 
0.998332 -0.0198049 -0.0540563 0 -0.020564 -0.999687 -0.0135211 0 -0.0537726 0.0146104 -0.998446 0 -0.255603 -0.659183 0.0195196 1 
0.998324 -0.0198891 -0.0541695 0 -0.0206295 -0.999691 -0.0131435 0 -0.0538924 0.0142392 -0.998445 0 -0.255761 -0.659434 0.0189553 1 
0.998316 -0.0198138 -0.0543425 0 -0.0205284 -0.9997 -0.0126236 0 -0.0540771 0.0137182 -0.998443 0 -0.255875 -0.659903 0.0184405 1 
0.998304 -0.0198531 -0.0545472 0 -0.0205435 -0.999706 -0.0121265 0 -0.0542914 0.0132268 -0.998438 0 -0.25609 -0.660406 0.0179214 1 
0.998296 -0.0199148 -0.0546721 0 -0.0205864 -0.999709 -0.0117484 0 -0.0544233 0.0128541 -0.998435 0 -0.256308 -0.660892 0.0172419 1 
0.998303 -0.0196557 -0.0546323 0 -0.0203299 -0.999714 -0.0118131 0 -0.0543855 0.012904 -0.998437 0 -0.256246 -0.661232 0.0164262 1 
0.998324 -0.0195509 -0.0542969 0 -0.020274 -0.999703 -0.0127989 0 -0.0540316 0.0138785 -0.998443 0 -0.256116 -0.660989 0.0155238 1 
0.998337 -0.0195516 -0.054053 0 -0.0203118 -0.999692 -0.0135502 0 -0.0537724 0.0146259 -0.998446 0 -0.256065 -0.660739 0.0149587 1 
0.99834 -0.0195673 -0.0539996 0 -0.020335 -0.99969 -0.0137041 0 -0.0537157 0.0147797 -0.998447 0 -0.256058 -0.660685 0.0148367 1 
0.998339 -0.0195815 -0.0540052 0 -0.0203495 -0.999689 -0.0137074 0 -0.0537211 0.0147839 -0.998447 0 -0.256069 -0.66068 0.0148326 1 
0.998342 -0.019638 -0.0539275 0 -0.0204178 -0.999685 -0.0139483 0 -0.0536376 0.0150266 -0.998447 0 -0.256087 -0.660585 0.0146611 1 
0.998354 -0.0196807 -0.0536833 0 -0.0204951 -0.999673 -0.0146618 0 -0.0533782 0.0157382 -0.99845 0 -0.256056 -0.66033 0.0140794 1 
0.99837 -0.0197108 -0.0533841 0 -0.0205611 -0.99966 -0.0154264 0 -0.0530629 0.0164992 -0.998455 0 -0.255992 -0.659977 0.0129973 1 
0.998382 -0.0197297 -0.0531521 0 -0.0205992 -0.999652 -0.0158599 0 -0.0528218 0.0169294 -0.99846 0 -0.25593 -0.659627 0.011567 1 
0.998365 -0.0197434 -0.0534554 0 -0.0205397 -0.999676 -0.0143888 0 -0.053155 0.0154635 -0.998467 0 -0.255983 -0.659598 0.00990289 1 
0.998345 -0.0195216 -0.0539204 0 -0.0202065 -0.999712 -0.0121861 0 -0.053668 0.0132557 -0.998471 0 -0.255911 -0.659809 0.00830168 1 
0.998344 -0.0194389 -0.0539617 0 -0.020098 -0.99972 -0.0116971 0 -0.0537203 0.0127625 -0.998474 0 -0.255847 -0.659625 0.00659529 1 
0.998349 -0.0193068 -0.053921 0 -0.0199495 -0.999726 -0.0114069 0 -0.053687 0.0124641 -0.99848 0 -0.255733 -0.659548 0.00495571 1 
0.998343 -0.019203 -0.0540631 0 -0.0198049 -0.999738 -0.0106191 0 -0.0538461 0.0116724 -0.998481 0 -0.255722 -0.659665 0.0035316 1 
0.99834 -0.0191474 -0.0541344 0 -0.0197299 -0.999743 -0.0102464 0 -0.0539254 0.0112976 -0.998481 0 -0.255751 -0.659748 0.00229984 1 
0.998342 -0.0191851 -0.0540963 0 -0.0197678 -0.999742 -0.0102576 0 -0.0538866 0.0113102 -0.998483 0 -0.255814 -0.659752 0.00126845 1 
0.998344 -0.0192654 -0.0540281 0 -0.0198555 -0.999739 -0.0104072 0 -0.0538146 0.0114629 -0.998485 0 -0.255886 -0.659694 0.000456464 1 
0.998346 -0.0192522 -0.0539993 0 -0.0198418 -0.999739 -0.0104037 0 -0.053786 0.0114581 -0.998487 0 -0.255894 -0.65966 -0.000131996 1 
0.998348 -0.0191957 -0.0539848 0 -0.0197805 -0.999741 -0.010318 0 -0.0537738 0.011369 -0.998488 0 -0.255846 -0.659631 -0.000560866 1 
0.998349 -0.0191264 -0.0539831 0 -0.0197024 -0.999745 -0.0101567 0 -0.0537761 0.0112038 -0.99849 0 -0.255793 -0.659597 -0.000999293 1 
0.99835 -0.0190643 -0.0539914 0 -0.0196306 -0.999748 -0.00997742 0 -0.0537886 0.0110211 -0.998492 0 -0.255744 -0.659555 -0.00147336 1 
0.99835 -0.0189611 -0.0540292 0 -0.0195101 -0.999753 -0.00965171 0 -0.053834 0.0106901 -0.998493 0 -0.255687 -0.659556 -0.00218021 1 
0.998356 -0.018823 -0.0539594 0 -0.0193713 -0.999756 -0.00965646 0 -0.0537655 0.0106861 -0.998496 0 -0.255585 -0.659485 -0.00314873 1 
0.998358 -0.0185962 -0.0539976 0 -0.0191199 -0.999765 -0.00919879 0 -0.0538149 0.0102163 -0.998499 0 -0.255446 -0.65949 -0.00440653 1 
0.998366 -0.0183795 -0.0539316 0 -0.0188989 -0.99977 -0.00913761 0 -0.0537523 0.0101421 -0.998503 0 -0.255344 -0.659535 -0.00597328 1 
0.99835 -0.0187109 -0.0541059 0 -0.01916 -0.999776 -0.00779421 0 -0.053949 0.00881819 -0.998505 0 -0.25551 -0.660013 -0.00664694 1 
0.998348 -0.0189109 -0.0540694 0 -0.0193723 -0.999771 -0.0080215 0 -0.0539063 0.00905588 -0.998505 0 -0.255632 -0.659931 -0.00668314 1 
0.998349 -0.0191431 -0.0539864 0 -0.0196068 -0.999766 -0.00807352 0 -0.0538202 0.00911887 -0.998509 0 -0.255657 -0.659889 -0.00671851 1 
0.998341 -0.0197674 -0.0539004 0 -0.0202313 -0.999753 -0.00807578 0 -0.0537285 0.00915304 -0.998514 0 -0.255636 -0.65987 -0.00674342 1 
0.998314 -0.0222609 -0.0534174 0 -0.0227167 -0.999701 -0.00794089 0 -0.0532257 0.00914115 -0.998541 0 -0.255578 -0.659824 -0.0067969 1 
0.998199 -0.0285266 -0.0525914 0 -0.0289627 -0.999542 -0.00754835 0 -0.052353 0.00905811 -0.998588 0 -0.255455 -0.659788 -0.00684872 1 
0.997878 -0.0398327 -0.0513113 0 -0.0402408 -0.999156 -0.00694508 0 -0.0509923 0.00899532 -0.998659 0 -0.255239 -0.659759 -0.00690701 1 
0.997124 -0.0568073 -0.049969 0 -0.057177 -0.998336 -0.00599874 0 -0.049546 0.00883873 -0.998733 0 -0.255011 -0.659759 -0.0069523 1 
0.995738 -0.0779079 -0.0491524 0 -0.0782518 -0.996911 -0.00510774 0 -0.0486036 0.00893241 -0.998778 0 -0.254854 -0.659711 -0.0069804 1 
0.993678 -0.101056 -0.0487011 0 -0.101383 -0.994829 -0.00427546 0 -0.0480181 0.00918606 -0.998804 0 -0.254696 -0.659658 -0.00700705 1 
0.990903 -0.125423 -0.0485884 0 -0.125729 -0.99205 -0.00327264 0 -0.0477926 0.00935201 -0.998814 0 -0.254545 -0.659654 -0.00701049 1 
0.987322 -0.151102 -0.0484243 0 -0.15138 -0.988464 -0.00209544 0 -0.04755 0.00939951 -0.998825 0 -0.254294 -0.659712 -0.00702765 1 
0.982871 -0.177788 -0.048336 0 -0.178047 -0.984012 -0.00107204 0 -0.0473735 0.00965996 -0.998831 0 -0.253974 -0.65976 -0.00702673 1 
0.977069 -0.207332 -0.0482659 0 -0.20756 -0.978212 0.000297935 0 -0.047277 0.00972716 -0.998834 0 -0.253751 -0.659806 -0.00703098 1 
0.969923 -0.238554 -0.0481939 0 -0.238748 -0.97107 0.00177393 0 -0.0472237 0.00978582 -0.998836 0 -0.253807 -0.659763 -0.00704394 1 
0.961857 -0.269267 -0.048024 0 -0.269435 -0.963004 0.00308321 0 -0.0470784 0.0099739 -0.998841 0 -0.253876 -0.659679 -0.00706291 1 
0.952322 -0.301288 -0.0478466 0 -0.301426 -0.953469 0.00447742 0 -0.0469702 0.0101584 -0.998845 0 -0.253834 -0.659639 -0.00707418 1 
0.941307 -0.334171 -0.047455 0 -0.33428 -0.942445 0.00585681 0 -0.0466818 0.0103504 -0.998856 0 -0.253733 -0.659611 -0.00708886 1 
0.927889 -0.369838 -0.0471395 0 -0.369908 -0.929027 0.00753844 0 -0.0465828 0.0104427 -0.99886 0 -0.253595 -0.659635 -0.00709978 1 
0.912489 -0.406394 -0.0467913 0 -0.406429 -0.913626 0.00919005 0 -0.0464854 0.0106317 -0.998862 0 -0.253568 -0.659598 -0.00711055 1 
0.896373 -0.440841 -0.046417 0 -0.440835 -0.897511 0.0109168 0 -0.0464732 0.0106769 -0.998862 0 -0.253577 -0.659587 -0.00710407 1 
0.879561 -0.473534 -0.0460221 0 -0.4735 -0.880697 0.0123482 0 -0.0463797 0.0109307 -0.998864 0 -0.253539 -0.659543 -0.00710518 1 
0.863285 -0.502634 -0.0455918 0 -0.502561 -0.864419 0.0138741 0 -0.0463849 0.0109356 -0.998864 0 -0.253551 -0.65954 -0.00709852 1 
0.847472 -0.528894 -0.0451923 0 -0.528788 -0.848606 0.0152623 0 -0.0464235 0.010963 -0.998862 0 -0.253625 -0.65951 -0.00709833 1 
0.832262 -0.552551 -0.0448193 0 -0.552415 -0.833394 0.0164823 0 -0.0464604 0.0110415 -0.998859 0 -0.253927 -0.659387 -0.00708963 1 
0.817409 -0.574327 -0.044406 0 -0.574167 -0.818538 0.0175566 0 -0.0464322 0.0111457 -0.998859 0 -0.254404 -0.659186 -0.00709867 1 
0.802111 -0.595539 -0.0439552 0 -0.595352 -0.803237 0.018657 0 -0.0464183 0.011204 -0.998859 0 -0.254793 -0.659029 -0.00709976 1 
0.782546 -0.621058 -0.0434683 0 -0.620868 -0.783663 0.0193908 0 -0.0461082 0.0118141 -0.998867 0 -0.25523 -0.658719 -0.00712633 1 
0.760517 -0.647879 -0.0429704 0 -0.647682 -0.761629 0.0202509 0 -0.0458485 0.0124302 -0.998871 0 -0.255679 -0.658413 -0.0071262 1 
0.739147 -0.672186 -0.0425309 0 -0.67198 -0.740256 0.0210874 0 -0.0456593 0.0129934 -0.998873 0 -0.256199 -0.658097 -0.00712106 1 
0.719837 -0.692862 -0.0419255 0 -0.692627 -0.720939 0.0222601 0 -0.0456498 0.0130153 -0.998873 0 -0.256676 -0.65792 -0.0071032 1 
0.700848 -0.712101 -0.0412864 0 -0.711837 -0.701942 0.0233432 0 -0.0456043 0.0130294 -0.998875 0 -0.257102 -0.657758 -0.00710084 1 
0.682047 -0.730165 -0.0406526 0 -0.729875 -0.683132 0.0243538 0 -0.0455542 0.0130611 -0.998876 0 -0.25737 -0.657644 -0.00710655 1 
0.662702 -0.747801 -0.0399956 0 -0.747483 -0.66378 0.0254146 0 -0.0455542 0.013054 -0.998877 0 -0.257483 -0.657606 -0.00709679 1 
0.643108 -0.764752 -0.0393229 0 -0.764407 -0.644177 0.0264231 0 -0.0455389 0.0130661 -0.998877 0 -0.257517 -0.657591 -0.00709382 1 
0.625728 -0.77907 -0.0386738 0 -0.7787 -0.626787 0.0273085 0 -0.0455163 0.0130278 -0.998879 0 -0.257515 -0.657602 -0.00708196 1 
0.606797 -0.793938 -0.0379616 0 -0.793542 -0.607844 0.0282387 0 -0.0454954 0.0129893 -0.99888 0 -0.25751 -0.657615 -0.00706402 1 
0.588411 -0.807691 -0.0372494 0 -0.807273 -0.589446 0.0290556 0 -0.0454254 0.012974 -0.998883 0 -0.257495 -0.65762 -0.00705636 1 
0.570372 -0.82056 -0.0365754 0 -0.82012 -0.571396 0.0298458 0 -0.0453902 0.0129732 -0.998885 0 -0.257506 -0.657615 -0.00705095 1 
0.552003 -0.833062 -0.0357981 0 -0.832602 -0.553011 0.0305532 0 -0.0452503 0.0129404 -0.998892 0 -0.257623 -0.657572 -0.00703455 1 
0.532407 -0.845755 -0.0349489 0 -0.845283 -0.533395 0.0311025 0 -0.0449475 0.0129828 -0.998905 0 -0.257668 -0.657524 -0.00703844 1 
0.513028 -0.857679 -0.0341972 0 -0.857196 -0.514 0.03162 0 -0.044698 0.0130921 -0.998915 0 -0.257839 -0.657427 -0.00701406 1 
0.49647 -0.867397 -0.0334862 0 -0.866901 -0.497426 0.0321133 0 -0.0445127 0.0130862 -0.998923 0 -0.258043 -0.657344 -0.00699288 1 
0.476965 -0.878306 -0.0326225 0 -0.877797 -0.4779 0.0326398 0 -0.0442589 0.0130682 -0.998935 0 -0.258366 -0.657206 -0.00699441 1 
0.455691 -0.88956 -0.0317604 0 -0.88903 -0.456611 0.0333746 0 -0.0441917 0.0130277 -0.998938 0 -0.258832 -0.657043 -0.00696338 1 
0.435609 -0.899595 -0.0308852 0 -0.899048 -0.43651 0.0339389 0 -0.0440138 0.0129834 -0.998947 0 -0.259187 -0.656905 -0.00695467 1 
0.416216 -0.908759 -0.0300232 0 -0.908196 -0.417098 0.0344838 0 -0.0438609 0.0129145 -0.998954 0 -0.259313 -0.656864 -0.00693585 1 
0.399045 -0.916454 -0.0292485 0 -0.915876 -0.39991 0.0349904 0 -0.0437647 0.0128255 -0.99896 0 -0.259253 -0.656906 -0.00691564 1 
0.382594 -0.923463 -0.0285915 0 -0.922871 -0.383447 0.0354783 0 -0.0437271 0.0128127 -0.998961 0 -0.259209 -0.656922 -0.0069149 1 
0.366299 -0.930069 -0.0278926 0 -0.929461 -0.367138 0.0359612 0 -0.0436877 0.0127528 -0.998964 0 -0.259024 -0.657007 -0.00689808 1 
0.352485 -0.935409 -0.0273007 0 -0.934789 -0.353312 0.0363354 0 -0.0436349 0.012713 -0.998967 0 -0.258801 -0.657096 -0.00689893 1 
0.339293 -0.940289 -0.0267755 0 -0.939659 -0.340111 0.0366884 0 -0.0436052 0.0127119 -0.998968 0 -0.258461 -0.657216 -0.00690839 1 
0.328345 -0.94418 -0.0263402 0 -0.94354 -0.329155 0.0370227 0 -0.0436269 0.012697 -0.998967 0 -0.258231 -0.657307 -0.00690703 1 
0.31844 -0.947578 -0.025931 0 -0.946929 -0.319242 0.0372816 0 -0.0436064 0.0126831 -0.998968 0 -0.258254 -0.657302 -0.00690161 1 
0.308526 -0.950862 -0.0255549 0 -0.950206 -0.309322 0.0375391 0 -0.0436 0.0127008 -0.998968 0 -0.258341 -0.657263 -0.00690284 1 
0.297568 -0.954361 -0.0250679 0 -0.953698 -0.298353 0.0377761 0 -0.043532 0.0126665 -0.998972 0 -0.258513 -0.657202 -0.00689597 1 
0.286589 -0.95773 -0.0245082 0 -0.957062 -0.287359 0.0379141 0 -0.0433549 0.0125903 -0.99898 0 -0.258545 -0.657196 -0.00688836 1 
0.274926 -0.961155 -0.0240108 0 -0.96048 -0.275686 0.0381616 0 -0.0432995 0.0125704 -0.998983 0 -0.258566 -0.657191 -0.00688633 1 
0.261204 -0.96499 -0.0233837 0 -0.964307 -0.26195 0.0384139 0 -0.0431952 0.0125154 -0.998988 0 -0.258528 -0.657211 -0.00688292 1 
0.249914 -0.967987 -0.0229037 0 -0.967296 -0.25065 0.0386485 0 -0.0431529 0.0124961 -0.99899 0 -0.258485 -0.657228 -0.00688042 1 
0.240533 -0.970371 -0.022471 0 -0.969671 -0.24126 0.0388861 0 -0.0431562 0.0124363 -0.998991 0 -0.258494 -0.657245 -0.00686312 1 
0.23481 -0.971779 -0.0221353 0 -0.971076 -0.235528 0.0389768 0 -0.0430911 0.0123431 -0.998995 0 -0.258254 -0.657369 -0.00685797 1 
0.226212 -0.973827 -0.0216611 0 -0.973123 -0.226916 0.0390008 0 -0.0428961 0.0122567 -0.999004 0 -0.25801 -0.657466 -0.00685829 1 
0.216447 -0.976055 -0.0211903 0 -0.975349 -0.217139 0.0390638 0 -0.0427305 0.0122129 -0.999012 0 -0.257768 -0.65755 -0.00686619 1 
0.206279 -0.978264 -0.0207017 0 -0.977556 -0.206958 0.0391554 0 -0.0425895 0.0121604 -0.999019 0 -0.257618 -0.657606 -0.00686758 1 
0.194806 -0.980624 -0.0202049 0 -0.97991 -0.195475 0.0393408 0 -0.0425289 0.0121354 -0.999022 0 -0.257517 -0.657645 -0.00686506 1 
0.183059 -0.982896 -0.0196523 0 -0.982175 -0.183715 0.0395081 0 -0.0424436 0.0120699 -0.999026 0 -0.25742 -0.657692 -0.00686404 1 
0.173145 -0.984699 -0.0192399 0 -0.983972 -0.173793 0.0396965 0 -0.0424337 0.0120585 -0.999027 0 -0.257358 -0.657718 -0.00685709 1 
0.162235 -0.986566 -0.0186842 0 -0.985834 -0.162869 0.0398199 0 -0.0423288 0.0119596 -0.999032 0 -0.257236 -0.657789 -0.00685508 1 
0.149323 -0.988613 -0.0180835 0 -0.987877 -0.149942 0.0399534 0 -0.0422108 0.0118986 -0.999038 0 -0.257107 -0.657843 -0.00685313 1 
0.135603 -0.9906 -0.0174438 0 -0.989859 -0.136207 0.0400843 0 -0.0420843 0.0118316 -0.999044 0 -0.256942 -0.657914 -0.00685476 1 
0.121429 -0.992448 -0.0168268 0 -0.9917 -0.122021 0.0402942 0 -0.0420439 0.0117945 -0.999046 0 -0.256852 -0.657955 -0.00685299 1 
0.10769 -0.994042 -0.0162611 0 -0.993285 -0.108271 0.040525 0 -0.042045 0.011788 -0.999046 0 -0.256727 -0.658005 -0.00685585 1 
0.0956516 -0.995281 -0.0156997 0 -0.99452 -0.0962196 0.0406512 0 -0.0419709 0.0117256 -0.99905 0 -0.256667 -0.658043 -0.00684876 1 
0.0835267 -0.99638 -0.0151809 0 -0.995612 -0.0840845 0.0408372 0 -0.0419667 0.0117035 -0.99905 0 -0.256575 -0.658083 -0.00685096 1 
0.0715816 -0.997318 -0.0146369 0 -0.996545 -0.0721269 0.0409353 0 -0.0418821 0.0116563 -0.999055 0 -0.25653 -0.658109 -0.00684407 1 
0.0581051 -0.998202 -0.0140279 0 -0.997425 -0.0586367 0.041049 0 -0.0417986 0.0116069 -0.999059 0 -0.256434 -0.658151 -0.00684778 1 
0.0441869 -0.998924 -0.0133852 0 -0.998143 -0.0447037 0.0411434 0 -0.0416983 0.0115426 -0.999064 0 -0.256387 -0.658181 -0.00684201 1 
0.0309894 -0.999439 -0.0118835 0 -0.998627 -0.0314594 0.0416487 0 -0.0420001 0.0105767 -0.999062 0 -0.256314 -0.658546 -0.00683796 1 
0.0222759 -0.999684 -0.0107692 0 -0.998849 -0.02271 0.0420275 0 -0.0422596 0.00982075 -0.999058 0 -0.256264 -0.65901 -0.00681048 1 
0.0142748 -0.999839 -0.00992263 0 -0.998989 -0.0146822 0.0422681 0 -0.0424078 0.0093094 -0.999057 0 -0.256258 -0.659324 -0.00677333 1 
0.0055499 -0.999935 -0.00890545 0 -0.999071 -0.00592333 0.0424681 0 -0.0425189 0.00866165 -0.999058 0 -0.256269 -0.659717 -0.0067425 1 
0.000533795 -0.999954 -0.0085203 0 -0.999082 -0.000896362 0.042606 0 -0.0426124 0.0084899 -0.999056 0 -0.256304 -0.659842 -0.00673662 1 
0.000485054 -0.999954 -0.00850266 0 -0.999081 -0.000847027 0.0426196 0 -0.0426256 0.00847434 -0.999055 0 -0.256325 -0.65984 -0.0067302 1 
0.000374457 -0.999954 -0.00847519 0 -0.999082 -0.000735319 0.0426152 0 -0.0426203 0.00845161 -0.999056 0 -0.256352 -0.65984 -0.00672394 1 
6.16047e-05 -0.999955 -0.0084591 0 -0.999082 -0.000422042 0.0426138 0 -0.0426163 0.00844887 -0.999056 0 -0.256358 -0.659838 -0.00672256 1 
-2.67367e-05 -0.999955 -0.00844956 0 -0.999082 -0.000333341 0.0426102 0 -0.0426119 0.00844311 -0.999056 0 -0.256374 -0.659833 -0.00672172 1 
-6.13897e-05 -0.999955 -0.00844588 0 -0.999082 -0.000298549 0.0426088 0 -0.0426103 0.00844091 -0.999056 0 -0.256392 -0.659828 -0.00672127 1 
-5.60503e-05 -0.999955 -0.00844572 0 -0.999082 -0.000303907 0.0426123 0 -0.0426137 0.00844052 -0.999056 0 -0.256395 -0.659828 -0.00672148 1 
-0.000119171 -0.999955 -0.00843695 0 -0.999082 -0.000240495 0.0426156 0 -0.0426165 0.00843444 -0.999056 0 -0.256436 -0.659814 -0.00672095 1 
-0.00012995 -0.999955 -0.00844623 0 -0.999082 -0.00023007 0.0426096 0 -0.0426105 0.00844418 -0.999056 0 -0.25644 -0.659809 -0.00672799 1 
-0.000163351 -0.999955 -0.00844839 0 -0.999082 -0.000196753 0.0426051 0 -0.0426057 0.00844776 -0.999056 0 -0.25646 -0.659799 -0.00673213 1 
-0.000180248 -0.999955 -0.00846266 0 -0.999082 -0.000180486 0.042606 0 -0.0426065 0.00846274 -0.999056 0 -0.256469 -0.659791 -0.00673801 1 
-0.000177303 -0.999954 -0.00846977 0 -0.999082 -0.000183708 0.0426032 0 -0.0426037 0.00846971 -0.999056 0 -0.256473 -0.659787 -0.00674254 1 
-0.00017798 -0.999955 -0.00846477 0 -0.999082 -0.000182821 0.0426036 0 -0.042604 0.00846475 -0.999056 0 -0.256476 -0.659788 -0.00673831 1 
-0.00019296 -0.999955 -0.00845589 0 -0.999083 -0.000167433 0.0425985 0 -0.0425988 0.00845652 -0.999056 0 -0.256478 -0.659789 -0.0067367 1 
-0.000223105 -0.999955 -0.00844689 0 -0.999083 -0.000136907 0.0425956 0 -0.0425956 0.00844881 -0.999057 0 -0.256481 -0.659789 -0.0067335 1 
-0.000282477 -0.999955 -0.00843331 0 -0.999083 -7.69073e-05 0.0425838 0 -0.0425833 0.00843777 -0.999057 0 -0.256476 -0.659794 -0.00673045 1 
-0.000317257 -0.999955 -0.00842165 0 -0.999084 -4.161e-05 0.0425777 0 -0.042577 0.0084276 -0.999058 0 -0.256474 -0.659797 -0.00672822 1 
-0.000340291 -0.999955 -0.00842089 0 -0.999084 -1.85408e-05 0.0425749 0 -0.042574 0.00842782 -0.999058 0 -0.256461 -0.659802 -0.00672572 1 
-0.000450601 -0.999955 -0.00840749 0 -0.999084 9.22247e-05 0.0425772 0 -0.0425753 0.00841913 -0.999058 0 -0.256459 -0.659804 -0.00672146 1 
-0.000467688 -0.999955 -0.00840608 0 -0.999083 0.00010931 0.0425827 0 -0.0425807 0.00841846 -0.999058 0 -0.256444 -0.659812 -0.0067166 1 
