0.997949 0.033708 -0.0542348 0 0.0331544 -0.999379 -0.0110758 0 -0.0545755 0.00925515 -0.998467 0 -0.230361 -0.432501 0.544352 1 
0.997949 0.0337123 -0.0542336 0 0.0331585 -0.999379 -0.0110793 0 -0.0545745 0.00925842 -0.998467 0 -0.230358 -0.432505 0.544349 1 
0.997949 0.0337131 -0.0542348 0 0.0331596 -0.999379 -0.0110741 0 -0.0545756 0.00925319 -0.998467 0 -0.230361 -0.432502 0.544352 1 
0.997949 0.0337149 -0.0542377 0 0.0331614 -0.999379 -0.0110725 0 -0.0545784 0.00925135 -0.998467 0 -0.230358 -0.432503 0.544353 1 
0.997949 0.0337153 -0.054236 0 0.0331617 -0.999379 -0.0110761 0 -0.0545768 0.00925504 -0.998467 0 -0.230361 -0.432502 0.544351 1 
0.997949 0.0337132 -0.0542323 0 0.0331593 -0.999379 -0.0110806 0 -0.0545732 0.00925972 -0.998467 0 -0.23036 -0.432502 0.54435 1 
0.997949 0.0337127 -0.0542334 0 0.033159 -0.999379 -0.011076 0 -0.0545742 0.00925518 -0.998467 0 -0.230362 -0.432501 0.544351 1 
0.997949 0.0337144 -0.0542348 0 0.0331607 -0.999379 -0.0110768 0 -0.0545756 0.00925582 -0.998467 0 -0.23036 -0.432503 0.544351 1 
0.997949 0.0337179 -0.0542371 0 0.0331644 -0.999379 -0.0110725 0 -0.0545778 0.00925123 -0.998467 0 -0.230359 -0.432502 0.544353 1 
0.997949 0.0337134 -0.0542324 0 0.0331595 -0.999379 -0.0110811 0 -0.0545734 0.00926019 -0.998467 0 -0.23036 -0.432503 0.544349 1 
0.99795 0.0337082 -0.0542329 0 0.0331544 -0.999379 -0.0110792 0 -0.0545737 0.00925864 -0.998467 0 -0.23036 -0.432503 0.544349 1 
0.99795 0.033711 -0.0542317 0 0.0331573 -0.999379 -0.0110783 0 -0.0545725 0.00925758 -0.998467 0 -0.23036 -0.432501 0.544351 1 
0.997949 0.0337128 -0.0542343 0 0.0331593 -0.999379 -0.0110736 0 -0.054575 0.0092527 -0.998467 0 -0.230361 -0.432503 0.544351 1 
0.997949 0.0337142 -0.0542365 0 0.0331608 -0.999379 -0.0110723 0 -0.0545772 0.00925129 -0.998467 0 -0.23036 -0.432503 0.544353 1 
0.997949 0.0337078 -0.0542359 0 0.0331543 -0.999379 -0.0110731 0 -0.0545765 0.00925242 -0.998467 0 -0.230362 -0.432502 0.544352 1 
0.99795 0.0337109 -0.0542303 0 0.0331573 -0.999379 -0.0110774 0 -0.0545711 0.00925673 -0.998467 0 -0.230362 -0.432502 0.544351 1 
0.997949 0.0337116 -0.0542322 0 0.0331578 -0.999379 -0.0110801 0 -0.0545731 0.00925938 -0.998467 0 -0.23036 -0.432502 0.54435 1 
0.997949 0.0337109 -0.0542345 0 0.0331573 -0.999379 -0.0110741 0 -0.0545752 0.00925326 -0.998467 0 -0.23036 -0.432503 0.544351 1 
0.997949 0.0337159 -0.0542374 0 0.0331625 -0.999379 -0.0110727 0 -0.0545781 0.00925155 -0.998467 0 -0.23036 -0.432504 0.544352 1 
0.997949 0.0337109 -0.0542365 0 0.0331575 -0.999379 -0.0110726 0 -0.0545772 0.00925175 -0.998467 0 -0.230361 -0.432502 0.544352 1 
0.997949 0.0337161 -0.0542352 0 0.0331625 -0.999379 -0.0110753 0 -0.054576 0.00925419 -0.998467 0 -0.230361 -0.432502 0.544351 1 
0.997949 0.0337067 -0.054235 0 0.0331532 -0.999379 -0.0110738 0 -0.0545756 0.00925323 -0.998467 0 -0.230362 -0.432503 0.544351 1 
0.997949 0.0337132 -0.054233 0 0.0331596 -0.999379 -0.0110758 0 -0.0545738 0.00925489 -0.998467 0 -0.230359 -0.432502 0.544351 1 
0.997949 0.0337196 -0.0542348 0 0.0331659 -0.999379 -0.0110763 0 -0.0545756 0.00925499 -0.998467 0 -0.230359 -0.432504 0.544351 1 
0.997949 0.0337129 -0.0542335 0 0.033159 -0.999379 -0.0110804 0 -0.0545744 0.00925953 -0.998467 0 -0.230359 -0.432502 0.54435 1 
0.997949 0.0337187 -0.0542352 0 0.033165 -0.999379 -0.0110762 0 -0.054576 0.00925494 -0.998467 0 -0.23036 -0.432502 0.544351 1 
0.997949 0.0337109 -0.0542349 0 0.0331574 -0.999379 -0.0110739 0 -0.0545755 0.00925312 -0.998467 0 -0.230361 -0.432501 0.544352 1 
0.99795 0.0337111 -0.0542313 0 0.0331572 -0.999379 -0.0110818 0 -0.0545723 0.00926111 -0.998467 0 -0.230361 -0.432501 0.54435 1 
0.997949 0.033714 -0.0542346 0 0.0331605 -0.999379 -0.0110738 0 -0.0545753 0.0092528 -0.998467 0 -0.23036 -0.432502 0.544352 1 
0.997949 0.0337084 -0.054236 0 0.033155 -0.999379 -0.0110728 0 -0.0545767 0.00925208 -0.998467 0 -0.230362 -0.432501 0.544353 1 
0.99795 0.0337115 -0.0542307 0 0.0331576 -0.999379 -0.0110819 0 -0.0545717 0.00926115 -0.998467 0 -0.230361 -0.432501 0.544349 1 
0.997949 0.0337111 -0.0542352 0 0.0331574 -0.999379 -0.0110766 0 -0.054576 0.00925577 -0.998467 0 -0.230361 -0.432502 0.544351 1 
0.997949 0.0337084 -0.0542341 0 0.0331547 -0.999379 -0.0110772 0 -0.0545749 0.00925653 -0.998467 0 -0.230362 -0.432502 0.544351 1 
0.997949 0.0337121 -0.054235 0 0.0331584 -0.999379 -0.0110776 0 -0.0545758 0.00925673 -0.998467 0 -0.230361 -0.432503 0.54435 1 
0.997949 0.0337105 -0.0542338 0 0.0331568 -0.999379 -0.0110777 0 -0.0545746 0.00925689 -0.998467 0 -0.230361 -0.4325 0.544351 1 
0.997949 0.0337142 -0.0542346 0 0.0331606 -0.999379 -0.0110763 0 -0.0545754 0.00925528 -0.998467 0 -0.230361 -0.432503 0.54435 1 
0.997949 0.0337135 -0.0542319 0 0.0331597 -0.999379 -0.0110801 0 -0.0545728 0.00925924 -0.998467 0 -0.230359 -0.432503 0.544348 1 
0.997949 0.033722 -0.0542327 0 0.0331681 -0.999379 -0.0110802 0 -0.0545737 0.00925889 -0.998467 0 -0.230356 -0.432503 0.544351 1 
0.997949 0.0337257 -0.054237 0 0.0331722 -0.999379 -0.0110735 0 -0.0545778 0.00925179 -0.998467 0 -0.230355 -0.432505 0.544353 1 
0.99795 0.0336885 -0.0542299 0 0.0331347 -0.99938 -0.0110787 0 -0.0545706 0.00925923 -0.998467 0 -0.230374 -0.432494 0.54435 1 
0.997948 0.0337712 -0.0542189 0 0.0332156 -0.999377 -0.0111159 0 -0.0545615 0.00929232 -0.998467 0 -0.230337 -0.432517 0.54433 1 
0.997949 0.0337492 -0.0542171 0 0.0331938 -0.999378 -0.0111121 0 -0.0545594 0.0092898 -0.998467 0 -0.230347 -0.432508 0.544333 1 
0.997949 0.0337668 -0.054214 0 0.0332105 -0.999377 -0.0111288 0 -0.0545571 0.00930569 -0.998467 0 -0.230339 -0.432515 0.544326 1 
0.997952 0.0336577 -0.0542158 0 0.0331027 -0.999381 -0.0111017 0 -0.0545569 0.00928443 -0.998467 0 -0.230388 -0.432492 0.544334 1 
0.99795 0.0336947 -0.054242 0 0.0331418 -0.99938 -0.0110616 0 -0.0545821 0.00924145 -0.998467 0 -0.230373 -0.432502 0.544355 1 
0.997949 0.0337027 -0.0542452 0 0.0331504 -0.99938 -0.0110499 0 -0.054585 0.00922917 -0.998466 0 -0.230367 -0.432502 0.54436 1 
0.997949 0.0337747 -0.0542043 0 0.0332181 -0.999376 -0.0111381 0 -0.0545477 0.00931487 -0.998468 0 -0.230343 -0.432528 0.544314 1 
0.997952 0.0336817 -0.054198 0 0.0331252 -0.99938 -0.0111341 0 -0.0545405 0.00931618 -0.998468 0 -0.230381 -0.432508 0.544313 1 
0.99795 0.0335857 -0.0543001 0 0.0330383 -0.999384 -0.0109476 0 -0.0546354 0.00913131 -0.998465 0 -0.230453 -0.432544 0.544332 1 
0.997915 0.0337191 -0.0548517 0 0.0332201 -0.999389 -0.00998421 0 -0.0551559 0.00814137 -0.998445 0 -0.230398 -0.432649 0.544775 1 
0.9979 0.0337018 -0.0551339 0 0.0332313 -0.999394 -0.00942893 0 -0.0554193 0.00757711 -0.998434 0 -0.230394 -0.432655 0.545057 1 
0.997874 0.0336363 -0.0556522 0 0.0332137 -0.999402 -0.00850091 0 -0.0559059 0.00663455 -0.998414 0 -0.230529 -0.432865 0.545214 1 
0.997852 0.033376 -0.0561997 0 0.0330045 -0.999417 -0.00752576 0 -0.0564193 0.00565486 -0.998391 0 -0.230795 -0.433151 0.545455 1 
0.997863 0.0330367 -0.0561996 0 0.0326608 -0.999428 -0.007594 0 -0.0564195 0.00574235 -0.998391 0 -0.231159 -0.433477 0.545265 1 
0.997878 0.0323077 -0.0563547 0 0.0319412 -0.999453 -0.00739212 0 -0.0565637 0.00557651 -0.998383 0 -0.231943 -0.434189 0.544708 1 
0.997928 0.0313229 -0.0560241 0 0.030916 -0.999479 -0.00811544 0 -0.0562502 0.0063667 -0.998396 0 -0.233008 -0.435099 0.543306 1 
0.99797 0.0300521 -0.055985 0 0.0296317 -0.999517 -0.00832469 0 -0.0562092 0.00664899 -0.998397 0 -0.234574 -0.436621 0.54124 1 
0.998002 0.0289673 -0.0559842 0 0.0285359 -0.999547 -0.00849085 0 -0.0562058 0.00687646 -0.998396 0 -0.23627 -0.438972 0.5384 1 
0.997943 0.0289435 -0.0570386 0 0.0286018 -0.999558 -0.00679762 0 -0.0572113 0.00515232 -0.998349 0 -0.23792 -0.442674 0.534993 1 
0.997923 0.0284345 -0.0576349 0 0.0281408 -0.999577 -0.00590069 0 -0.0577794 0.00426663 -0.99832 0 -0.23944 -0.447185 0.53057 1 
0.997949 0.0260581 -0.0583097 0 0.0258257 -0.999646 -0.00473551 0 -0.0584135 0.00321997 -0.998287 0 -0.240757 -0.452342 0.525843 1 
0.998049 0.0212012 -0.0585655 0 0.0209952 -0.999761 -0.00413185 0 -0.0586403 0.00289425 -0.998275 0 -0.242083 -0.458081 0.520332 1 
0.998161 0.0139923 -0.0588198 0 0.0138161 -0.999889 -0.00340193 0 -0.058862 0.00258307 -0.998263 0 -0.243017 -0.464351 0.514492 1 
0.998197 0.00992071 -0.0590379 0 0.00976994 -0.999939 -0.00284186 0 -0.0590636 0.00225999 -0.998252 0 -0.243803 -0.471141 0.50806 1 
0.998211 0.00758079 -0.0591388 0 0.00744867 -0.99996 -0.00245412 0 -0.0591561 0.00200927 -0.998247 0 -0.244189 -0.478171 0.501456 1 
0.998208 0.00573304 -0.0593945 0 0.0056363 -0.999973 -0.00179618 0 -0.0594043 0.00145822 -0.998233 0 -0.244225 -0.485377 0.494874 1 
0.998202 0.00328669 -0.0596918 0 0.00324108 -0.999985 -0.000860946 0 -0.0596948 0.000665945 -0.998216 0 -0.244288 -0.493458 0.487803 1 
0.998185 0.000881066 -0.0600502 0 0.000911181 -0.99999 0.000474105 0 -0.0600503 -0.000527971 -0.998195 0 -0.244157 -0.501946 0.480719 1 
0.998178 -0.000344363 -0.060177 0 -0.000288083 -0.99999 0.000943891 0 -0.0601779 -0.000924853 -0.998187 0 -0.243645 -0.51042 0.473841 1 
0.99817 -0.00233385 -0.0602634 0 -0.00225477 -0.999987 0.00138005 0 -0.060267 -0.00124166 -0.998182 0 -0.242844 -0.519383 0.466768 1 
0.998147 -0.00527947 -0.0604552 0 -0.00516367 -0.999975 0.00207149 0 -0.0604658 -0.00175551 -0.998169 0 -0.242145 -0.5284 0.459672 1 
0.998116 -0.00952752 -0.0604491 0 -0.00940166 -0.999943 0.00236615 0 -0.0604694 -0.00179341 -0.998168 0 -0.24158 -0.537476 0.452203 1 
0.998076 -0.0134333 -0.0603735 0 -0.01331 -0.999899 0.00244422 0 -0.0604014 -0.00163598 -0.998173 0 -0.240869 -0.547235 0.4441 1 
0.997982 -0.0188355 -0.0604867 0 -0.0186806 -0.999811 0.00312435 0 -0.0605353 -0.00198815 -0.998164 0 -0.240256 -0.556979 0.435739 1 
0.997832 -0.0255338 -0.0604911 0 -0.0253684 -0.999662 0.00350166 0 -0.0605613 -0.00195955 -0.998163 0 -0.239904 -0.566426 0.427457 1 
0.997722 -0.029545 -0.0604825 0 -0.0293829 -0.999552 0.00356756 0 -0.060562 -0.00178232 -0.998163 0 -0.23986 -0.576158 0.418837 1 
0.997643 -0.0310572 -0.0610297 0 -0.0308083 -0.999503 0.00501514 0 -0.0611563 -0.00312316 -0.998123 0 -0.240066 -0.585877 0.410467 1 
0.997661 -0.0301519 -0.0611953 0 -0.0298932 -0.99953 0.00513786 0 -0.0613226 -0.00329658 -0.998113 0 -0.240343 -0.595088 0.402238 1 
0.997684 -0.0291725 -0.0612841 0 -0.028919 -0.99956 0.00501946 0 -0.0614047 -0.00323562 -0.998108 0 -0.240766 -0.604448 0.393709 1 
0.997732 -0.027709 -0.0611924 0 -0.0275027 -0.999603 0.00421054 0 -0.0612859 -0.00251808 -0.998117 0 -0.24128 -0.61324 0.38546 1 
0.997754 -0.0264744 -0.061381 0 -0.0262602 -0.999636 0.0042947 0 -0.0614736 -0.00267323 -0.998105 0 -0.242155 -0.622811 0.376772 1 
0.997757 -0.0245933 -0.0621068 0 -0.0242634 -0.999678 0.00606058 0 -0.062237 -0.00454016 -0.998051 0 -0.243389 -0.631898 0.369021 1 
0.997805 -0.0221516 -0.0622513 0 -0.02182 -0.999734 0.00600119 0 -0.0623689 -0.00462979 -0.998042 0 -0.244565 -0.640461 0.361273 1 
0.997847 -0.0200035 -0.0623016 0 -0.0196992 -0.999781 0.00549364 0 -0.0623991 -0.0042546 -0.998042 0 -0.245776 -0.648833 0.353581 1 
0.997876 -0.0178557 -0.0624869 0 -0.017541 -0.999821 0.00558174 0 -0.0625765 -0.0044739 -0.99803 0 -0.247097 -0.657272 0.346085 1 
0.997881 -0.0160556 -0.0628969 0 -0.0156826 -0.999847 0.00642062 0 -0.0629915 -0.00542074 -0.997999 0 -0.248468 -0.665128 0.339474 1 
0.997874 -0.0143252 -0.0634235 0 -0.0138858 -0.999867 0.00736367 0 -0.0635217 -0.00646746 -0.997959 0 -0.24987 -0.672903 0.33264 1 
0.997878 -0.0127181 -0.0637032 0 -0.012263 -0.999887 0.00752991 0 -0.063793 -0.00673287 -0.99794 0 -0.251249 -0.680235 0.325175 1 
0.997889 -0.0115354 -0.063753 0 -0.0111157 -0.999905 0.00693441 0 -0.0638281 -0.00621124 -0.997942 0 -0.252749 -0.686923 0.317222 1 
0.997916 -0.0109485 -0.06344 0 -0.0106259 -0.999919 0.00541973 0 -0.0634954 -0.00473442 -0.997971 0 -0.2544 -0.692628 0.309062 1 
0.997953 -0.0107396 -0.0628928 0 -0.0105797 -0.99993 0.00287404 0 -0.0629205 -0.00220281 -0.998016 0 -0.256197 -0.697691 0.30029 1 
0.997994 -0.0108191 -0.0622252 0 -0.0108307 -0.999932 0.000151865 0 -0.0622238 0.00052239 -0.998062 0 -0.25801 -0.70204 0.291433 1 
0.998021 -0.0112396 -0.0617196 0 -0.0113704 -0.999924 -0.00176814 0 -0.0616963 0.00246646 -0.998092 0 -0.259978 -0.706069 0.282546 1 
0.998021 -0.0119796 -0.0615744 0 -0.0121559 -0.999913 -0.00248865 0 -0.0615405 0.00323228 -0.998099 0 -0.262199 -0.710007 0.273376 1 
0.998011 -0.013303 -0.0614667 0 -0.013506 -0.999895 -0.00288803 0 -0.0614231 0.00371253 -0.998105 0 -0.264643 -0.713269 0.264698 1 
0.998007 -0.0152568 -0.0610686 0 -0.015539 -0.999861 -0.00414898 0 -0.060998 0.00508976 -0.998125 0 -0.267345 -0.715748 0.256185 1 
0.997999 -0.0177912 -0.060524 0 -0.0181645 -0.99981 -0.00562307 0 -0.0604136 0.00671134 -0.998151 0 -0.270367 -0.717708 0.247543 1 
0.997948 -0.0207153 -0.0604264 0 -0.0210697 -0.999755 -0.00523331 0 -0.0603044 0.00649586 -0.998159 0 -0.273586 -0.719405 0.239545 1 
0.997919 -0.0238322 -0.0597462 0 -0.0242548 -0.999676 -0.0063575 0 -0.0595765 0.00779356 -0.998193 0 -0.276749 -0.72026 0.230912 1 
0.997894 -0.0273948 -0.0586267 0 -0.0279586 -0.999561 -0.0088175 0 -0.0583605 0.0104383 -0.998241 0 -0.28007 -0.720271 0.221822 1 
0.997835 -0.030785 -0.0579492 0 -0.0314251 -0.999445 -0.0101668 0 -0.0576052 0.0119661 -0.998268 0 -0.283255 -0.720001 0.21303 1 
0.997769 -0.0341791 -0.0571746 0 -0.0349072 -0.999311 -0.011785 0 -0.0567336 0.0137548 -0.998295 0 -0.28638 -0.719489 0.204182 1 
0.997679 -0.0373791 -0.0567533 0 -0.0381478 -0.999184 -0.0125217 0 -0.05624 0.0146579 -0.99831 0 -0.289666 -0.71897 0.195384 1 
0.997604 -0.0401707 -0.056158 0 -0.0410102 -0.999053 -0.0138768 0 -0.0555484 0.0161469 -0.998325 0 -0.292941 -0.718199 0.186815 1 
0.99753 -0.042549 -0.0557126 0 -0.0434327 -0.998938 -0.0147484 0 -0.055027 0.017132 -0.998338 0 -0.296271 -0.717378 0.178293 1 
0.997396 -0.0459089 -0.0554436 0 -0.0468066 -0.998782 -0.0150016 0 -0.0546884 0.017558 -0.998349 0 -0.299829 -0.716465 0.170055 1 
0.997286 -0.049022 -0.0547515 0 -0.0499894 -0.998605 -0.0164399 0 -0.0538702 0.0191326 -0.998365 0 -0.303099 -0.715137 0.161562 1 
0.9972 -0.0511954 -0.0543362 0 -0.0521927 -0.998481 -0.0170961 0 -0.0533794 0.0198845 -0.998376 0 -0.306185 -0.713979 0.154176 1 
0.997201 -0.0517344 -0.0538068 0 -0.0527719 -0.998434 -0.0180424 0 -0.0527901 0.0208317 -0.998388 0 -0.308971 -0.712792 0.146057 1 
0.997253 -0.0509546 -0.0535774 0 -0.0519918 -0.998473 -0.0181455 0 -0.052572 0.0208816 -0.998399 0 -0.31125 -0.711838 0.138877 1 
0.997425 -0.0480994 -0.0530141 0 -0.0491783 -0.998595 -0.019237 0 -0.0520154 0.021795 -0.998408 0 -0.313102 -0.710838 0.132237 1 
0.997619 -0.0448966 -0.0521703 0 -0.0460444 -0.998709 -0.0210109 0 -0.0511606 0.0233635 -0.998417 0 -0.31452 -0.709713 0.124987 1 
0.997725 -0.0429377 -0.0517962 0 -0.0440941 -0.998789 -0.0213926 0 -0.0508159 0.0236283 -0.998428 0 -0.315466 -0.709033 0.119047 1 
0.997835 -0.0409933 -0.0512393 0 -0.0421849 -0.998849 -0.0223948 0 -0.0502633 0.0245083 -0.998435 0 -0.315759 -0.708347 0.113209 1 
0.997964 -0.0392522 -0.0500739 0 -0.0405261 -0.998864 -0.0246849 0 -0.049049 0.0266644 -0.99844 0 -0.315204 -0.707327 0.106662 1 
0.998078 -0.0374057 -0.0492034 0 -0.0387216 -0.9989 -0.0260695 0 -0.048175 0.0279252 -0.998448 0 -0.313979 -0.706356 0.100398 1 
0.998182 -0.0353497 -0.0486174 0 -0.0366736 -0.998963 -0.026614 0 -0.0476271 0.0283492 -0.998463 0 -0.312391 -0.70524 0.0946273 1 
0.998288 -0.0332403 -0.0479349 0 -0.0345763 -0.999019 -0.0273164 0 -0.0469808 0.0289276 -0.998477 0 -0.310617 -0.703752 0.0890407 1 
0.998374 -0.0313282 -0.0474277 0 -0.032663 -0.999075 -0.0276348 0 -0.0465189 0.0291396 -0.998492 0 -0.308887 -0.702404 0.0840439 1 
0.998452 -0.0293596 -0.0470254 0 -0.0306753 -0.999141 -0.0275047 0 -0.0461784 0.0289052 -0.998515 0 -0.307089 -0.701121 0.0793788 1 
0.998543 -0.0269303 -0.0465535 0 -0.0282354 -0.99921 -0.027606 0 -0.0457742 0.0288808 -0.998534 0 -0.304876 -0.699751 0.0750033 1 
0.998626 -0.0241975 -0.0462817 0 -0.0254773 -0.999294 -0.027264 0 -0.0455902 0.0284062 -0.998556 0 -0.302469 -0.698663 0.071725 1 
0.998712 -0.0211566 -0.0459031 0 -0.0224239 -0.999367 -0.0272695 0 -0.045298 0.0282643 -0.998574 0 -0.299778 -0.697632 0.0694806 1 
0.998791 -0.0177498 -0.0456402 0 -0.0189979 -0.999444 -0.0270586 0 -0.0451354 0.0278935 -0.998591 0 -0.296821 -0.696669 0.0678458 1 
0.998875 -0.0144485 -0.0449571 0 -0.0157226 -0.999471 -0.0281169 0 -0.044528 0.0287926 -0.998593 0 -0.293824 -0.695395 0.0665021 1 
0.998932 -0.0114698 -0.0445497 0 -0.0127419 -0.999506 -0.0283758 0 -0.0442031 0.0289137 -0.998604 0 -0.291056 -0.694116 0.0661824 1 
0.998996 -0.0084538 -0.0437795 0 -0.00975567 -0.999504 -0.0296089 0 -0.0435084 0.0300068 -0.998602 0 -0.288039 -0.692242 0.0663599 1 
0.99903 -0.00586276 -0.0434303 0 -0.00715186 -0.999527 -0.029586 0 -0.0432372 0.0298685 -0.998618 0 -0.285377 -0.690251 0.066023 1 
0.999056 -0.00348359 -0.0430725 0 -0.00477386 -0.999532 -0.029889 0 -0.0429491 0.030067 -0.998625 0 -0.282764 -0.687696 0.0663723 1 
0.999087 -0.00139873 -0.0424763 0 -0.00268522 -0.999529 -0.030245 0 -0.0424148 0.030332 -0.99864 0 -0.280177 -0.684622 0.0656948 1 
0.999096 0.000545873 -0.0422691 0 -0.00069957 -0.999557 -0.0294439 0 -0.0422672 0.0294475 -0.998672 0 -0.277673 -0.681557 0.0657536 1 
0.999103 0.00239388 -0.0420559 0 0.00120039 -0.999587 -0.0283807 0 -0.0421073 0.0283053 -0.998712 0 -0.275194 -0.678318 0.0646807 1 
0.999087 0.0042875 -0.0422894 0 0.00318069 -0.999642 -0.0262048 0 -0.0423874 0.0260468 -0.998762 0 -0.272735 -0.675354 0.0644924 1 
0.999066 0.00610344 -0.0425483 0 0.00508827 -0.999691 -0.0239265 0 -0.042682 0.0236881 -0.998808 0 -0.270432 -0.672671 0.0636013 1 
0.999042 0.0077813 -0.0428499 0 0.00685064 -0.999729 -0.021823 0 -0.043009 0.021509 -0.998843 0 -0.268173 -0.670429 0.0634309 1 
0.999036 0.00867112 -0.0428189 0 0.00778941 -0.999745 -0.0207155 0 -0.0429885 0.0203624 -0.998868 0 -0.265526 -0.668214 0.0628927 1 
0.999024 0.00986334 -0.0428311 0 0.0090223 -0.999754 -0.0197852 0 -0.0430166 0.0193798 -0.998886 0 -0.263359 -0.666802 0.0621038 1 
0.998968 0.0121522 -0.0435472 0 0.0114165 -0.999779 -0.0171036 0 -0.0437462 0.0165891 -0.998905 0 -0.261454 -0.666421 0.061595 1 
0.998926 0.0146302 -0.0437391 0 0.0139334 -0.999762 -0.016194 0 -0.0439665 0.0155674 -0.998912 0 -0.259584 -0.666345 0.0611177 1 
0.99889 0.017129 -0.0436631 0 0.0164314 -0.999723 -0.0162862 0 -0.0439308 0.015551 -0.998914 0 -0.257823 -0.666633 0.0605556 1 
0.998854 0.0197071 -0.0434055 0 0.0189893 -0.999667 -0.0168863 0 -0.0437247 0.0160431 -0.998915 0 -0.256012 -0.666948 0.0599141 1 
0.998813 0.022354 -0.0430627 0 0.0216029 -0.999598 -0.0178291 0 -0.0434448 0.016878 -0.998913 0 -0.25415 -0.667187 0.0592047 1 
0.99877 0.0247028 -0.0427657 0 0.0239199 -0.999529 -0.0187225 0 -0.0432089 0.0176769 -0.99891 0 -0.252491 -0.667331 0.0583623 1 
0.998726 0.026499 -0.0427264 0 0.0256942 -0.999474 -0.0192768 0 -0.0432156 0.0181548 -0.998901 0 -0.251333 -0.667335 0.0574379 1 
0.998689 0.0275398 -0.0429321 0 0.0267391 -0.99945 -0.0191153 0 -0.0434358 0.0179427 -0.998895 0 -0.25075 -0.667218 0.056285 1 
0.998681 0.0276155 -0.0430678 0 0.0268018 -0.999444 -0.0193575 0 -0.0435793 0.018178 -0.998885 0 -0.250799 -0.666782 0.0548354 1 
0.998702 0.0270929 -0.0429152 0 0.0262726 -0.999454 -0.0195649 0 -0.0434227 0.0184124 -0.998887 0 -0.251085 -0.666241 0.0531695 1 
0.998715 0.0266176 -0.0428986 0 0.0258051 -0.999469 -0.0193837 0 -0.0433926 0.0182522 -0.998891 0 -0.251385 -0.665789 0.0513028 1 
0.998724 0.0265081 -0.0427586 0 0.0256929 -0.99947 -0.0195035 0 -0.0432538 0.0183804 -0.998895 0 -0.251417 -0.665457 0.0495348 1 
0.99871 0.0267415 -0.0429375 0 0.0259559 -0.999478 -0.0187525 0 -0.0434174 0.0176142 -0.998902 0 -0.251298 -0.665473 0.0480126 1 
0.998699 0.0270183 -0.0430242 0 0.0262504 -0.999478 -0.0183142 0 -0.0434974 0.0171613 -0.998906 0 -0.25114 -0.665446 0.0466292 1 
0.998691 0.0270301 -0.0432117 0 0.0262855 -0.999488 -0.0177086 0 -0.043669 0.0165499 -0.998909 0 -0.25116 -0.665335 0.0453034 1 
0.998697 0.0267616 -0.0432193 0 0.0260164 -0.999495 -0.0177132 0 -0.0436723 0.016566 -0.998909 0 -0.251307 -0.664958 0.0440803 1 
0.998716 0.026174 -0.0431577 0 0.025429 -0.99951 -0.0177223 0 -0.0436012 0.0166024 -0.998911 0 -0.251624 -0.66442 0.042896 1 
0.998739 0.0254962 -0.0430265 0 0.0247426 -0.999523 -0.0179565 0 -0.0434646 0.0168696 -0.998913 0 -0.25197 -0.66366 0.0417831 1 
0.998768 0.024763 -0.0427896 0 0.023999 -0.999535 -0.0182784 0 -0.0432232 0.0172293 -0.998917 0 -0.25225 -0.662744 0.0407353 1 
0.99879 0.0240846 -0.0426501 0 0.0233228 -0.999551 -0.0182698 0 -0.0430718 0.0172533 -0.998923 0 -0.252483 -0.661832 0.0396054 1 
0.998812 0.0235861 -0.0424254 0 0.0228159 -0.999558 -0.0185473 0 -0.0428449 0.0175576 -0.998927 0 -0.252579 -0.66094 0.0385023 1 
0.998815 0.0231201 -0.0426074 0 0.0223785 -0.999581 -0.017801 0 -0.0430019 0.0168268 -0.998933 0 -0.252684 -0.660318 0.0375525 1 
0.998825 0.0221153 -0.0429083 0 0.021417 -0.999622 -0.0166653 0 -0.0432615 0.015727 -0.99894 0 -0.25279 -0.659868 0.0367334 1 
0.998873 0.0193736 -0.0431098 0 0.0187045 -0.999689 -0.01587 0 -0.0434047 0.015046 -0.998944 0 -0.252885 -0.659491 0.0360814 1 
0.998937 0.015995 -0.0430125 0 0.0153196 -0.999745 -0.0159864 0 -0.0432581 0.0153107 -0.998947 0 -0.25292 -0.659121 0.0354998 1 
0.998984 0.0128916 -0.042957 0 0.0122098 -0.999786 -0.0160959 0 -0.0431562 0.0155553 -0.998947 0 -0.252959 -0.658952 0.0349749 1 
0.999018 0.0102149 -0.0428957 0 0.00952732 -0.999814 -0.0162031 0 -0.0430541 0.0157788 -0.998948 0 -0.253035 -0.658781 0.0343703 1 
0.99904 0.00721156 -0.0429899 0 0.00653636 -0.999844 -0.0158256 0 -0.0430981 0.0155297 -0.99895 0 -0.253161 -0.658675 0.0336202 1 
0.999057 0.00257743 -0.0431299 0 0.00191866 -0.999871 -0.0153083 0 -0.0431647 0.0152114 -0.998952 0 -0.2533 -0.658556 0.0327429 1 
0.999058 -0.000869503 -0.0431585 0 -0.00152223 -0.999875 -0.0150932 0 -0.0431409 0.015145 -0.998954 0 -0.253511 -0.658344 0.0317892 1 
0.999049 -0.00146102 -0.0433517 0 -0.00208775 -0.999884 -0.014415 0 -0.0433265 0.014492 -0.998956 0 -0.253758 -0.658254 0.0307907 1 
0.999025 -0.00170667 -0.0438857 0 -0.00226386 -0.999908 -0.0126497 0 -0.0438609 0.0127369 -0.998956 0 -0.254041 -0.658392 0.0298177 1 
0.999012 -0.00178475 -0.0441818 0 -0.00230192 -0.99992 -0.0116574 0 -0.0441583 0.0117478 -0.998955 0 -0.254168 -0.658448 0.0289314 1 
0.999015 -0.001675 -0.0441296 0 -0.00218907 -0.999921 -0.0116031 0 -0.0441075 0.0116885 -0.998958 0 -0.254077 -0.658344 0.0279412 1 
0.999019 -0.00155894 -0.0440425 0 -0.0020767 -0.99992 -0.0117126 0 -0.0440215 0.0117928 -0.998961 0 -0.253973 -0.658238 0.0271429 1 
0.99902 -0.00152046 -0.0440206 0 -0.00203689 -0.99992 -0.011689 0 -0.0440001 0.0117674 -0.998962 0 -0.253949 -0.658245 0.0265284 1 
0.999018 -0.00187744 -0.0440402 0 -0.00239206 -0.99992 -0.0116353 0 -0.0440157 0.0117294 -0.998962 0 -0.254015 -0.65828 0.0260613 1 
0.999008 -0.00328251 -0.0441844 0 -0.00378336 -0.99992 -0.0112564 0 -0.0441448 0.0114127 -0.99896 0 -0.254141 -0.658433 0.0259385 1 
0.998987 -0.0054303 -0.0444613 0 -0.00590273 -0.999918 -0.0105013 0 -0.0444015 0.0107533 -0.998956 0 -0.2543 -0.658717 0.0262003 1 
0.998948 -0.00859989 -0.0448196 0 -0.00903336 -0.999905 -0.00947775 0 -0.0447347 0.00987285 -0.99895 0 -0.254533 -0.659074 0.026589 1 
0.998899 -0.012338 -0.0450491 0 -0.012745 -0.999871 -0.00875805 0 -0.044936 0.00932273 -0.998946 0 -0.254734 -0.659275 0.026831 1 
0.998851 -0.0156685 -0.0450677 0 -0.016073 -0.999824 -0.00862651 0 -0.0449255 0.00934115 -0.998947 0 -0.254787 -0.659253 0.0268128 1 
0.998795 -0.0190967 -0.0449847 0 -0.0195086 -0.999762 -0.00873494 0 -0.0448081 0.00960219 -0.998949 0 -0.254711 -0.659184 0.0266158 1 
0.998727 -0.0225566 -0.0449018 0 -0.0229784 -0.999687 -0.00889978 0 -0.0446878 0.00992041 -0.998952 0 -0.254595 -0.659117 0.0263662 1 
0.998683 -0.0245315 -0.0448548 0 -0.0249611 -0.999638 -0.00904441 0 -0.0446176 0.0101523 -0.998953 0 -0.254595 -0.65904 0.026194 1 
0.998648 -0.0258525 -0.0448835 0 -0.0262821 -0.999604 -0.00900648 0 -0.0446337 0.0101741 -0.998952 0 -0.254683 -0.659013 0.0261642 1 
0.998613 -0.0270301 -0.0449751 0 -0.0274537 -0.999574 -0.00882734 0 -0.0447182 0.01005 -0.998949 0 -0.254853 -0.659021 0.0262268 1 
0.99852 -0.0300663 -0.0451165 0 -0.030472 -0.999491 -0.00833032 0 -0.044844 0.00969297 -0.998947 0 -0.254952 -0.659173 0.0263577 1 
0.998329 -0.035692 -0.0452428 0 -0.0360772 -0.99931 -0.007726 0 -0.0449367 0.0093455 -0.998946 0 -0.254908 -0.659364 0.0264831 1 
0.998126 -0.0409194 -0.0452879 0 -0.041292 -0.999111 -0.00732174 0 -0.0449489 0.00917823 -0.998947 0 -0.254683 -0.65953 0.0265173 1 
0.998068 -0.0423247 -0.0452821 0 -0.042699 -0.999051 -0.00733027 0 -0.0449298 0.00924978 -0.998947 0 -0.2545 -0.659579 0.0264429 1 
0.998075 -0.0421473 -0.0452731 0 -0.0425299 -0.999057 -0.00752011 0 -0.0449143 0.00943127 -0.998946 0 -0.254421 -0.659565 0.0262818 1 
0.998085 -0.0414324 -0.0457141 0 -0.0418361 -0.999084 -0.00791002 0 -0.0453454 0.00980757 -0.998923 0 -0.254412 -0.659531 0.0260549 1 
0.998109 -0.039961 -0.0465068 0 -0.0403902 -0.99914 -0.00832507 0 -0.046135 0.0101879 -0.998883 0 -0.254475 -0.659533 0.0258475 1 
0.998166 -0.0371085 -0.0476192 0 -0.0375565 -0.999248 -0.00854884 0 -0.0472671 0.0103218 -0.998829 0 -0.254555 -0.65971 0.0257339 1 
0.998227 -0.0340448 -0.0486346 0 -0.0345028 -0.999358 -0.00860985 0 -0.0483112 0.0102728 -0.99878 0 -0.254569 -0.659985 0.0256599 1 
0.998303 -0.0303465 -0.0495063 0 -0.0308058 -0.999479 -0.00854054 0 -0.0492223 0.0100513 -0.998737 0 -0.254703 -0.660255 0.0256791 1 
0.998363 -0.026648 -0.05041 0 -0.0271054 -0.999588 -0.00841168 0 -0.050166 0.00976448 -0.998693 0 -0.254918 -0.660495 0.0258058 1 
0.998419 -0.0235222 -0.0508593 0 -0.0239806 -0.999667 -0.00842055 0 -0.0506453 0.00962705 -0.99867 0 -0.255104 -0.660587 0.0258701 1 
0.998503 -0.0189702 -0.0511173 0 -0.0194445 -0.999763 -0.00879721 0 -0.0509392 0.00977818 -0.998654 0 -0.255292 -0.660506 0.0258374 1 
0.998581 -0.0143751 -0.0510883 0 -0.0148695 -0.999836 -0.00931181 0 -0.0509471 0.0100584 -0.998651 0 -0.255382 -0.660388 0.0256557 1 
0.998649 -0.00923958 -0.0509379 0 -0.00976119 -0.999893 -0.0100007 0 -0.050841 0.0104846 -0.998652 0 -0.255309 -0.660272 0.0253409 1 
0.998696 -0.00423005 -0.0506912 0 -0.00477534 -0.999922 -0.0106406 0 -0.0506432 0.010869 -0.998658 0 -0.255103 -0.660223 0.0249918 1 
0.99871 -0.000110781 -0.0505875 0 -0.000666409 -0.99993 -0.0109667 0 -0.0505837 0.0109865 -0.998659 0 -0.254937 -0.66031 0.0247375 1 
0.998705 0.00168802 -0.0506589 0 0.00114241 -0.999931 -0.0107971 0 -0.0506746 0.0107255 -0.998658 0 -0.254865 -0.660558 0.0246396 1 
0.998696 0.0017475 -0.0508311 0 0.00122269 -0.999936 -0.0103537 0 -0.050847 0.0102782 -0.998654 0 -0.254935 -0.660829 0.0246783 1 
0.998688 0.00156903 -0.0509964 0 0.00106265 -0.99994 -0.00995506 0 -0.05101 0.009888 -0.998649 0 -0.25512 -0.660994 0.0247815 1 
0.998685 0.0013448 -0.0510641 0 0.000847763 -0.999942 -0.00975388 0 -0.0510753 0.00969795 -0.998648 0 -0.255285 -0.661038 0.0248483 1 
0.998686 0.00115075 -0.0510393 0 0.000652767 -0.999942 -0.00977236 0 -0.0510486 0.00972639 -0.998649 0 -0.255384 -0.660995 0.0248219 1 
0.998691 0.000889884 -0.0509573 0 0.00038708 -0.999942 -0.00987609 0 -0.050964 0.00984363 -0.998652 0 -0.255386 -0.660957 0.0247064 1 
0.9987 -0.0015741 -0.0507614 0 -0.00207929 -0.999939 -0.00990092 0 -0.0507437 0.00999379 -0.998662 0 -0.255346 -0.660921 0.0245148 1 
0.998698 -0.00486939 -0.0505853 0 -0.00538064 -0.999926 -0.00997537 0 -0.050534 0.0102348 -0.99867 0 -0.255285 -0.660865 0.0242624 1 
0.998681 -0.00852259 -0.05044 0 -0.00903586 -0.9999 -0.0099563 0 -0.0503511 0.0103991 -0.998677 0 -0.255282 -0.660851 0.0239931 1 
0.998631 -0.0131533 -0.0504279 0 -0.0136606 -0.99985 -0.00972848 0 -0.0502933 0.0104042 -0.99868 0 -0.255297 -0.660967 0.0236931 1 
0.998593 -0.0156885 -0.0504661 0 -0.0161927 -0.999813 -0.00959651 0 -0.0503071 0.0104004 -0.99868 0 -0.255348 -0.661094 0.0233844 1 
0.998595 -0.0157391 -0.0504069 0 -0.0162519 -0.99981 -0.00977884 0 -0.0502444 0.0105845 -0.998681 0 -0.255355 -0.661119 0.0230492 1 
0.998604 -0.0156563 -0.050255 0 -0.0161932 -0.999806 -0.010294 0 -0.0500851 0.0110937 -0.998683 0 -0.255306 -0.660981 0.0226282 1 
0.998621 -0.0151649 -0.0500648 0 -0.0157373 -0.999805 -0.0110592 0 -0.0498883 0.011832 -0.998685 0 -0.25525 -0.66075 0.0220844 1 
0.998659 -0.0128937 -0.0499477 0 -0.0135031 -0.999829 -0.0118824 0 -0.0497869 0.0125412 -0.998681 0 -0.255178 -0.660549 0.0215691 1 
0.998703 -0.00959431 -0.0498029 0 -0.0102348 -0.999858 -0.0126213 0 -0.0496757 0.0131149 -0.998679 0 -0.255151 -0.660402 0.0210829 1 
0.998725 -0.0071911 -0.0497768 0 -0.0078427 -0.999876 -0.0129074 0 -0.0496788 0.0132816 -0.998677 0 -0.255179 -0.660418 0.0207957 1 
0.998728 -0.0057839 -0.0498941 0 -0.00642372 -0.999889 -0.0126727 0 -0.0498163 0.0129774 -0.998674 0 -0.255243 -0.660644 0.0207195 1 
0.998723 -0.00311778 -0.0502382 0 -0.00373145 -0.99991 -0.012126 0 -0.0501968 0.0122982 -0.998664 0 -0.25545 -0.661042 0.0207781 1 
0.99871 0.00014814 -0.0505856 0 -0.000426519 -0.999926 -0.011349 0 -0.0505845 0.0113562 -0.998655 0 -0.255731 -0.661562 0.020872 1 
0.998686 0.00335976 -0.0509484 0 0.00282923 -0.999931 -0.0104814 0 -0.0509811 0.0103236 -0.998646 0 -0.256028 -0.662183 0.0208533 1 
0.998668 0.00435218 -0.0512156 0 0.00385452 -0.999935 -0.00981158 0 -0.0512559 0.00960129 -0.998639 0 -0.256202 -0.662721 0.0206314 1 
0.998655 0.00485835 -0.0514236 0 0.00438572 -0.999938 -0.00929964 0 -0.0514666 0.00906178 -0.998634 0 -0.256356 -0.663159 0.0203566 1 
0.998636 0.00634472 -0.0516405 0 0.00589822 -0.999934 -0.00879413 0 -0.0516939 0.00847771 -0.998627 0 -0.256394 -0.663474 0.0205322 1 
0.99863 0.00771469 -0.0515758 0 0.00725997 -0.999924 -0.00899794 0 -0.0516422 0.00861133 -0.998629 0 -0.256383 -0.663431 0.0204338 1 
0.998614 0.00926734 -0.051616 0 0.00880959 -0.99991 -0.0090887 0 -0.0516966 0.00862156 -0.998626 0 -0.25637 -0.663437 0.0204464 1 
0.998573 0.0130055 -0.0516183 0 0.0125393 -0.999868 -0.00934615 0 -0.051734 0.00868572 -0.998623 0 -0.25638 -0.66341 0.0204546 1 
0.998505 0.0176976 -0.0515349 0 0.0172201 -0.999795 -0.00969411 0 -0.0516969 0.00879235 -0.998624 0 -0.25636 -0.66336 0.0204466 1 
0.998455 0.0204259 -0.0514811 0 0.019941 -0.999742 -0.00991581 0 -0.0516713 0.00887409 -0.998625 0 -0.256343 -0.663305 0.0204722 1 
0.99844 0.0215653 -0.0513177 0 0.0210546 -0.999714 -0.010472 0 -0.0515298 0.00937537 -0.998627 0 -0.256382 -0.663037 0.0204037 1 
0.998427 0.0224831 -0.0511686 0 0.0219449 -0.999688 -0.0110565 0 -0.0514022 0.00991646 -0.998629 0 -0.256589 -0.662624 0.0204034 1 
0.998427 0.0230673 -0.0509148 0 0.0224925 -0.999667 -0.0118344 0 -0.0511718 0.0106708 -0.998633 0 -0.25684 -0.662083 0.0203068 1 
0.998451 0.022938 -0.0504989 0 0.0223142 -0.999658 -0.0128824 0 -0.0507781 0.0117359 -0.998641 0 -0.257101 -0.661389 0.0200237 1 
0.998483 0.0225313 -0.0500472 0 0.0218588 -0.999654 -0.0139442 0 -0.050345 0.0128294 -0.998649 0 -0.257212 -0.660784 0.0195955 1 
0.998496 0.0227469 -0.049685 0 0.0220487 -0.999641 -0.0145555 0 -0.0499992 0.0134384 -0.998659 0 -0.256943 -0.66057 0.0192752 1 
0.998482 0.0234098 -0.0496693 0 0.0227195 -0.999628 -0.0144173 0 -0.0499893 0.0132672 -0.998662 0 -0.256472 -0.660797 0.0193488 1 
0.998463 0.0241276 -0.0497075 0 0.0234434 -0.999613 -0.0143018 0 -0.0500343 0.0131148 -0.998661 0 -0.255987 -0.661045 0.0193851 1 
0.998458 0.0242692 -0.0497428 0 0.0235888 -0.999611 -0.0142203 0 -0.0500695 0.0130252 -0.998661 0 -0.255864 -0.661131 0.0194194 1 
0.998468 0.0237752 -0.0497749 0 0.0230917 -0.999622 -0.0142627 0 -0.0500961 0.0130917 -0.998659 0 -0.256168 -0.661013 0.0193773 1 
0.99849 0.0228292 -0.0497668 0 0.0221311 -0.99964 -0.0145346 0 -0.0500817 0.0134115 -0.998655 0 -0.256797 -0.660683 0.0191997 1 
0.998523 0.0222424 -0.0493802 0 0.0215566 -0.999655 -0.0143781 0 -0.0496839 0.0132926 -0.998677 0 -0.256926 -0.660629 0.0191948 1 
0.998515 0.0224853 -0.0494216 0 0.0217943 -0.999648 -0.0144759 0 -0.0497307 0.0133776 -0.998673 0 -0.256761 -0.660669 0.0191369 1 
0.998511 0.0226711 -0.0494162 0 0.0219762 -0.999643 -0.0145602 0 -0.0497296 0.0134528 -0.998672 0 -0.256641 -0.660688 0.019076 1 
0.998511 0.0228691 -0.0493307 0 0.0221663 -0.999636 -0.0147483 0 -0.049651 0.0136331 -0.998674 0 -0.256468 -0.660684 0.0189169 1 
0.998523 0.0227947 -0.049122 0 0.0220775 -0.999633 -0.0150951 0 -0.049449 0.0139886 -0.998679 0 -0.25614 -0.660675 0.0185804 1 
0.998523 0.0232688 -0.048899 0 0.0225293 -0.999615 -0.0156204 0 -0.0492446 0.014496 -0.998682 0 -0.255672 -0.660659 0.018026 1 
0.998529 0.023719 -0.0485584 0 0.0229432 -0.999591 -0.0164727 0 -0.0489302 0.0153347 -0.998684 0 -0.255294 -0.660517 0.0172214 1 
0.998537 0.0239219 -0.0483041 0 0.0231183 -0.999576 -0.0171269 0 -0.0486943 0.0159854 -0.998686 0 -0.255074 -0.660346 0.0164315 1 
0.998548 0.0237557 -0.0481427 0 0.0229368 -0.999574 -0.0174914 0 -0.0485386 0.016362 -0.998687 0 -0.255083 -0.660151 0.0157107 1 
0.998555 0.0235858 -0.0480914 0 0.0227678 -0.999578 -0.0174862 0 -0.0484844 0.0163663 -0.99869 0 -0.255055 -0.660059 0.0149722 1 
0.998554 0.0235305 -0.0481444 0 0.0227244 -0.999584 -0.0172237 0 -0.0485306 0.016105 -0.998692 0 -0.25502 -0.660011 0.0143378 1 
0.998551 0.023531 -0.0482029 0 0.0227387 -0.999589 -0.0169186 0 -0.0485822 0.0157983 -0.998694 0 -0.254975 -0.659976 0.0137198 1 
0.998555 0.0233824 -0.0481822 0 0.0225927 -0.999593 -0.0168701 0 -0.048558 0.0157575 -0.998696 0 -0.25494 -0.659874 0.013076 1 
0.998556 0.0233301 -0.0481901 0 0.0225486 -0.999597 -0.0166976 0 -0.0485611 0.0155871 -0.998699 0 -0.254892 -0.659792 0.0123538 1 
0.998552 0.0231728 -0.0483456 0 0.022417 -0.999609 -0.0161167 0 -0.0487011 0.0150099 -0.998701 0 -0.254879 -0.659763 0.0115441 1 
0.998544 0.0232252 -0.0484971 0 0.0224955 -0.999617 -0.0155368 0 -0.0488403 0.0144235 -0.998702 0 -0.25485 -0.659731 0.0106423 1 
0.998515 0.0231471 -0.0491103 0 0.0224897 -0.999641 -0.0138957 0 -0.0494153 0.0127708 -0.998697 0 -0.255022 -0.659943 0.0101152 1 
0.998518 0.0231561 -0.049062 0 0.0225007 -0.999641 -0.0138682 0 -0.0493664 0.0127439 -0.998699 0 -0.254987 -0.659857 0.00958795 1 
0.998503 0.0234001 -0.0492424 0 0.0227749 -0.999644 -0.0132189 0 -0.0495351 0.0120778 -0.998699 0 -0.254854 -0.659912 0.00884436 1 
0.998502 0.0233848 -0.0492663 0 0.0227675 -0.999646 -0.0130536 0 -0.049555 0.0119126 -0.9987 0 -0.254874 -0.659829 0.00784588 1 
0.998503 0.0234027 -0.0492525 0 0.0227984 -0.999649 -0.0127962 0 -0.0495356 0.0116543 -0.998704 0 -0.254875 -0.659781 0.00647024 1 
0.998509 0.0233696 -0.0491431 0 0.0227569 -0.999647 -0.0129895 0 -0.0494303 0.011852 -0.998707 0 -0.254929 -0.659704 0.00495155 1 
0.998507 0.0234169 -0.0491509 0 0.0228138 -0.999648 -0.0127944 0 -0.0494341 0.0116542 -0.998709 0 -0.254959 -0.659796 0.00337919 1 
0.998502 0.0234943 -0.0492185 0 0.022908 -0.999651 -0.0124433 0 -0.0494946 0.0112974 -0.99871 0 -0.254964 -0.659833 0.00168312 1 
0.998498 0.0235303 -0.0492902 0 0.0229638 -0.999654 -0.0120269 0 -0.0495571 0.0108772 -0.998712 0 -0.25497 -0.659814 6.60666e-05 1 
0.998486 0.0235175 -0.0495294 0 0.0229934 -0.999664 -0.011125 0 -0.0497753 0.0099695 -0.998711 0 -0.255001 -0.659793 -0.00114653 1 
0.998477 0.0234793 -0.0497293 0 0.0229931 -0.999673 -0.0103258 0 -0.0499564 0.00916682 -0.998709 0 -0.254996 -0.659769 -0.00206715 1 
0.998476 0.0231463 -0.0499085 0 0.0226939 -0.999687 -0.00961255 0 -0.0501163 0.00846545 -0.998708 0 -0.254969 -0.659737 -0.00297466 1 
0.998471 0.0230038 -0.050075 0 0.022584 -0.999695 -0.00893353 0 -0.0502662 0.00778913 -0.998705 0 -0.254976 -0.659672 -0.00401841 1 
0.998471 0.0228002 -0.0501626 0 0.0224078 -0.999704 -0.00837133 0 -0.0503396 0.00723463 -0.998706 0 -0.254969 -0.659664 -0.00544085 1 
0.998471 0.0231027 -0.0500345 0 0.0227289 -0.9997 -0.0080274 0 -0.0502059 0.00687803 -0.998715 0 -0.254693 -0.659655 -0.00714867 1 
0.998462 0.023312 -0.0501054 0 0.0229677 -0.999699 -0.00743564 0 -0.0502646 0.00627352 -0.998716 0 -0.254488 -0.659865 -0.00691683 1 
0.998465 0.0233349 -0.0500385 0 0.022986 -0.999698 -0.00753827 0 -0.0502002 0.00637664 -0.998719 0 -0.254438 -0.65982 -0.00695991 1 
0.998476 0.0231451 -0.0498976 0 0.0227952 -0.999702 -0.00756966 0 -0.0500589 0.00642082 -0.998726 0 -0.254448 -0.659779 -0.00700485 1 
0.998511 0.0224558 -0.0495163 0 0.0221106 -0.999718 -0.0075099 0 -0.0496719 0.00640401 -0.998745 0 -0.25442 -0.659746 -0.0070601 1 
0.998649 0.0178989 -0.0485925 0 0.0175692 -0.99981 -0.00720257 0 -0.0487131 0.00633922 -0.998793 0 -0.25429 -0.659685 -0.00713359 1 
0.998885 0.00463926 -0.0467673 0 0.00433168 -0.999959 -0.00667598 0 -0.0467972 0.00646608 -0.998883 0 -0.253983 -0.65952 -0.00722239 1 
0.998862 -0.0154911 -0.0449016 0 -0.0157841 -0.999847 -0.00617807 0 -0.0447999 0.0068799 -0.998972 0 -0.253607 -0.65925 -0.00730718 1 
0.998116 -0.0430452 -0.0434959 0 -0.0433224 -0.999037 -0.00545111 0 -0.0432202 0.00732533 -0.999039 0 -0.253396 -0.658871 -0.00738607 1 
0.996167 -0.0761646 -0.0427967 0 -0.0764227 -0.997056 -0.0044251 0 -0.0423345 0.00767893 -0.999074 0 -0.253233 -0.658586 -0.00743119 1 
0.992536 -0.114201 -0.0425549 0 -0.11445 -0.993413 -0.00345581 0 -0.0418808 0.00830059 -0.999088 0 -0.253143 -0.65831 -0.00745407 1 
0.98696 -0.155167 -0.0425922 0 -0.155395 -0.987841 -0.00206464 0 -0.0417548 0.00865649 -0.99909 0 -0.253164 -0.658164 -0.00745938 1 
0.980417 -0.192233 -0.0425487 0 -0.192431 -0.981301 -0.000572332 0 -0.0416438 0.00874897 -0.999094 0 -0.253057 -0.658181 -0.0074681 1 
0.972714 -0.228042 -0.0424775 0 -0.228206 -0.973603 0.0010238 0 -0.0415905 0.00869791 -0.999097 0 -0.252807 -0.658284 -0.00746716 1 
0.963106 -0.265731 -0.042354 0 -0.265861 -0.963998 0.00263681 0 -0.0415306 0.00872092 -0.999099 0 -0.252553 -0.658363 -0.00748357 1 
0.950832 -0.3068 -0.0421115 0 -0.306892 -0.951724 0.00441418 0 -0.0414336 0.00872673 -0.999103 0 -0.25235 -0.658429 -0.00748623 1 
0.936312 -0.348645 -0.0417926 0 -0.348706 -0.937202 0.0060749 0 -0.0412869 0.00888548 -0.999108 0 -0.252248 -0.658424 -0.00749621 1 
0.919598 -0.390638 -0.0414844 0 -0.390682 -0.920486 0.00739819 0 -0.0410766 0.00940403 -0.999112 0 -0.252222 -0.658318 -0.00750039 1 
0.901242 -0.43134 -0.0410964 0 -0.431355 -0.902127 0.00894943 0 -0.0409353 0.00966175 -0.999115 0 -0.252214 -0.658264 -0.00749283 1 
0.881711 -0.470013 -0.04066 0 -0.469992 -0.882595 0.0106779 0 -0.0409059 0.00969521 -0.999116 0 -0.252189 -0.658263 -0.00749528 1 
0.859844 -0.508967 -0.0400234 0 -0.508906 -0.860721 0.0124646 0 -0.0407939 0.00965068 -0.999121 0 -0.252083 -0.658303 -0.00749884 1 
0.836757 -0.546156 -0.0391391 0 -0.546056 -0.837618 0.0141346 0 -0.0405041 0.00954515 -0.999134 0 -0.251883 -0.658377 -0.0075033 1 
0.813221 -0.580668 -0.0384424 0 -0.580532 -0.814073 0.0157427 0 -0.040437 0.00951501 -0.999137 0 -0.251552 -0.658498 -0.00750772 1 
0.789403 -0.612695 -0.0377957 0 -0.612525 -0.79025 0.0172814 0 -0.0404571 0.00950904 -0.999136 0 -0.251364 -0.65857 -0.00750326 1 
0.767387 -0.640085 -0.0372658 0 -0.639884 -0.768232 0.0186593 0 -0.0405731 0.00952711 -0.999131 0 -0.251468 -0.658543 -0.00748404 1 
0.747292 -0.663464 -0.036752 0 -0.663244 -0.748133 0.0196348 0 -0.0405231 0.00970279 -0.999131 0 -0.25193 -0.658328 -0.00750017 1 
0.728105 -0.684493 -0.0362254 0 -0.684254 -0.72894 0.0205702 0 -0.0404871 0.00981027 -0.999132 0 -0.252575 -0.658065 -0.00750473 1 
0.709777 -0.703505 -0.0357512 0 -0.703248 -0.710608 0.0214295 0 -0.0404816 0.00993199 -0.999131 0 -0.25325 -0.65779 -0.00750512 1 
0.690893 -0.722086 -0.035207 0 -0.72181 -0.691717 0.0223187 0 -0.0404701 0.00999312 -0.999131 0 -0.2537 -0.657615 -0.00749206 1 
0.670668 -0.740932 -0.0347065 0 -0.740639 -0.671489 0.0231769 0 -0.0404783 0.0101612 -0.999129 0 -0.254075 -0.657441 -0.00749837 1 
0.651636 -0.757748 -0.0341871 0 -0.757441 -0.652451 0.023925 0 -0.0404353 0.0103045 -0.999129 0 -0.25441 -0.657289 -0.00749214 1 
0.632079 -0.774161 -0.0336447 0 -0.773839 -0.632887 0.0246455 0 -0.0403737 0.0104579 -0.99913 0 -0.254757 -0.657123 -0.00749708 1 
0.611225 -0.790751 -0.0331256 0 -0.790419 -0.612028 0.0252856 0 -0.0402692 0.0107282 -0.999131 0 -0.255125 -0.656927 -0.00749103 1 
