0.99801 0.0320529 -0.0541317 0 0.0315064 -0.999434 -0.0109188 0 -0.0544521 0.0091917 -0.998474 0 -0.230846 -0.432265 0.544372 1 
0.998009 0.0320586 -0.05413 0 0.0315118 -0.999434 -0.0109256 0 -0.0544507 0.00919831 -0.998474 0 -0.230844 -0.432266 0.544368 1 
0.998009 0.0320521 -0.0541336 0 0.0315055 -0.999434 -0.0109201 0 -0.0544541 0.00919302 -0.998474 0 -0.230848 -0.432264 0.544372 1 
0.998009 0.0320645 -0.0541326 0 0.031518 -0.999434 -0.0109188 0 -0.0544531 0.00919107 -0.998474 0 -0.230842 -0.432267 0.544371 1 
0.998009 0.0320541 -0.0541329 0 0.0315074 -0.999434 -0.0109235 0 -0.0544534 0.0091963 -0.998474 0 -0.230845 -0.432264 0.54437 1 
0.998009 0.0320541 -0.0541341 0 0.0315074 -0.999434 -0.0109225 0 -0.0544546 0.00919528 -0.998474 0 -0.230846 -0.432264 0.54437 1 
0.99801 0.0320461 -0.0541359 0 0.0314996 -0.999435 -0.0109177 0 -0.0544562 0.00919086 -0.998474 0 -0.230848 -0.432264 0.544373 1 
0.998009 0.0320569 -0.0541319 0 0.0315102 -0.999434 -0.0109217 0 -0.0544524 0.0091944 -0.998474 0 -0.230844 -0.432265 0.544371 1 
0.99801 0.0320453 -0.0541295 0 0.0314987 -0.999434 -0.0109227 0 -0.05445 0.00919613 -0.998474 0 -0.230848 -0.432262 0.544371 1 
0.998009 0.0320574 -0.0541336 0 0.0315107 -0.999434 -0.0109225 0 -0.0544541 0.00919514 -0.998474 0 -0.230846 -0.432264 0.544371 1 
0.99801 0.0320475 -0.054133 0 0.0315012 -0.999434 -0.0109147 0 -0.0544532 0.00918787 -0.998474 0 -0.230848 -0.432263 0.544374 1 
0.99801 0.0320553 -0.0541313 0 0.0315087 -0.999434 -0.0109212 0 -0.0544518 0.00919407 -0.998474 0 -0.230844 -0.432265 0.54437 1 
0.99801 0.0320481 -0.0541298 0 0.0315015 -0.999434 -0.0109216 0 -0.0544502 0.00919485 -0.998474 0 -0.230847 -0.432263 0.544371 1 
0.99801 0.032048 -0.0541283 0 0.0315013 -0.999434 -0.0109227 0 -0.0544488 0.00919603 -0.998474 0 -0.230847 -0.432265 0.544369 1 
0.99801 0.0320517 -0.0541302 0 0.031505 -0.999434 -0.010923 0 -0.0544507 0.00919602 -0.998474 0 -0.230846 -0.432264 0.54437 1 
0.998009 0.032052 -0.0541345 0 0.0315054 -0.999434 -0.0109198 0 -0.0544549 0.00919271 -0.998474 0 -0.230847 -0.432263 0.544372 1 
0.99801 0.032044 -0.0541285 0 0.0314974 -0.999435 -0.0109224 0 -0.054449 0.00919597 -0.998474 0 -0.230848 -0.432263 0.544369 1 
0.998009 0.0320579 -0.0541302 0 0.0315114 -0.999434 -0.0109197 0 -0.0544507 0.00919246 -0.998474 0 -0.230845 -0.432265 0.544371 1 
0.99801 0.0320483 -0.0541328 0 0.0315019 -0.999434 -0.0109158 0 -0.0544531 0.00918896 -0.998474 0 -0.230848 -0.432263 0.544373 1 
0.998009 0.0320637 -0.0541319 0 0.0315171 -0.999434 -0.0109209 0 -0.0544525 0.00919324 -0.998474 0 -0.230843 -0.432267 0.544371 1 
0.99801 0.0320484 -0.0541291 0 0.0315019 -0.999434 -0.0109193 0 -0.0544494 0.00919259 -0.998474 0 -0.230846 -0.432265 0.544371 1 
0.998009 0.0320603 -0.0541337 0 0.0315139 -0.999434 -0.0109179 0 -0.0544541 0.00919041 -0.998474 0 -0.230844 -0.432266 0.544372 1 
0.998009 0.0320547 -0.0541338 0 0.0315081 -0.999434 -0.0109214 0 -0.0544543 0.00919415 -0.998474 0 -0.230844 -0.432266 0.544371 1 
0.998009 0.0320567 -0.0541343 0 0.0315105 -0.999434 -0.0109131 0 -0.0544546 0.00918571 -0.998474 0 -0.230846 -0.432263 0.544375 1 
0.998009 0.0320576 -0.0541316 0 0.0315111 -0.999434 -0.0109184 0 -0.054452 0.0091911 -0.998474 0 -0.230843 -0.432266 0.544371 1 
0.99801 0.0320481 -0.0541321 0 0.0315017 -0.999434 -0.0109167 0 -0.0544524 0.00918993 -0.998474 0 -0.230846 -0.432265 0.544371 1 
0.998009 0.032056 -0.054133 0 0.0315097 -0.999434 -0.0109151 0 -0.0544533 0.00918782 -0.998474 0 -0.230846 -0.432264 0.544373 1 
0.99801 0.0320465 -0.054128 0 0.0314998 -0.999434 -0.0109236 0 -0.0544485 0.00919703 -0.998474 0 -0.23085 -0.432264 0.544368 1 
0.99801 0.0320387 -0.0541326 0 0.0314924 -0.999435 -0.0109148 0 -0.0544528 0.00918854 -0.998474 0 -0.23085 -0.432262 0.544373 1 
0.998008 0.032094 -0.0541287 0 0.0315469 -0.999433 -0.0109318 0 -0.0544499 0.0092026 -0.998474 0 -0.230827 -0.432275 0.544365 1 
0.998011 0.0319934 -0.0541319 0 0.0314472 -0.999436 -0.0109117 0 -0.0544515 0.00918792 -0.998474 0 -0.230874 -0.43225 0.544375 1 
0.998012 0.0320022 -0.0541262 0 0.0314553 -0.999436 -0.010926 0 -0.0544463 0.0092019 -0.998474 0 -0.230867 -0.432253 0.544367 1 
0.998012 0.0319768 -0.0541403 0 0.031431 -0.999437 -0.0109034 0 -0.0544595 0.00918016 -0.998474 0 -0.23088 -0.432244 0.54438 1 
0.998012 0.0319744 -0.0541397 0 0.0314289 -0.999437 -0.0108966 0 -0.0544587 0.00917359 -0.998474 0 -0.230879 -0.432247 0.544382 1 
0.998011 0.0319904 -0.0541453 0 0.0314452 -0.999436 -0.0108917 0 -0.0544643 0.00916756 -0.998474 0 -0.230875 -0.432249 0.544385 1 
0.998011 0.0319909 -0.0541435 0 0.0314452 -0.999436 -0.0109023 0 -0.0544628 0.00917819 -0.998474 0 -0.230875 -0.432258 0.544375 1 
0.998011 0.0319789 -0.0541486 0 0.0314338 -0.999437 -0.0108901 0 -0.0544674 0.00916652 -0.998473 0 -0.230881 -0.432254 0.54438 1 
0.998012 0.0319471 -0.0541411 0 0.0314012 -0.999438 -0.0109038 0 -0.0544601 0.00918216 -0.998474 0 -0.230899 -0.432245 0.544374 1 
0.998014 0.0319377 -0.0541252 0 0.0313904 -0.999438 -0.0109305 0 -0.0544449 0.00920992 -0.998474 0 -0.230901 -0.432243 0.544359 1 
0.998015 0.0319438 -0.0541051 0 0.0313951 -0.999437 -0.0109607 0 -0.0544258 0.0092405 -0.998475 0 -0.230902 -0.432248 0.544341 1 
0.998015 0.0319598 -0.0540842 0 0.0314087 -0.999436 -0.0110083 0 -0.0544066 0.00928792 -0.998476 0 -0.230899 -0.432255 0.544316 1 
0.998015 0.031961 -0.0540775 0 0.0314093 -0.999436 -0.0110222 0 -0.0544003 0.00930193 -0.998476 0 -0.2309 -0.432256 0.544309 1 
0.998018 0.031938 -0.0540522 0 0.0313838 -0.999436 -0.0110713 0 -0.0543764 0.00935318 -0.998477 0 -0.230914 -0.432258 0.544283 1 
0.998018 0.0319491 -0.0540465 0 0.0313946 -0.999436 -0.0110783 0 -0.054371 0.00935979 -0.998477 0 -0.230908 -0.432261 0.544277 1 
0.998018 0.0319732 -0.054021 0 0.0314157 -0.999435 -0.0111368 0 -0.0543476 0.00941776 -0.998478 0 -0.230903 -0.432272 0.544246 1 
0.998021 0.0320423 -0.05393 0 0.0314757 -0.999431 -0.0113216 0 -0.0542631 0.00960185 -0.998481 0 -0.230894 -0.432318 0.544144 1 
0.997972 0.0320821 -0.054801 0 0.0315937 -0.999444 -0.00975436 0 -0.0550845 0.00800337 -0.99845 0 -0.231096 -0.432771 0.544242 1 
0.997913 0.0323585 -0.0557058 0 0.0319516 -0.999446 -0.00817963 0 -0.0559407 0.00638279 -0.998414 0 -0.231273 -0.433492 0.544546 1 
0.997885 0.0328835 -0.0559017 0 0.0324935 -0.999431 -0.00787048 0 -0.0561298 0.0060375 -0.998405 0 -0.231332 -0.434219 0.544671 1 
0.997859 0.0337704 -0.0558278 0 0.0333705 -0.999401 -0.00807901 0 -0.0560683 0.00619884 -0.998408 0 -0.231305 -0.435154 0.544465 1 
0.997837 0.0351646 -0.0553739 0 0.0347193 -0.999347 -0.00898478 0 -0.0556548 0.00704294 -0.998425 0 -0.231128 -0.436286 0.543694 1 
0.997764 0.0375758 -0.0550998 0 0.0371015 -0.999256 -0.00960528 0 -0.0554208 0.00753966 -0.998435 0 -0.230729 -0.438028 0.542303 1 
0.997669 0.0404736 -0.0547612 0 0.0399637 -0.999138 -0.010374 0 -0.0551349 0.00816153 -0.998446 0 -0.230218 -0.440062 0.540546 1 
0.997548 0.044052 -0.0542096 0 0.0434884 -0.998978 -0.0115343 0 -0.0546633 0.0091487 -0.998463 0 -0.22949 -0.442417 0.538461 1 
0.997345 0.048546 -0.0541003 0 0.0479714 -0.998769 -0.0118698 0 -0.054611 0.00924321 -0.998465 0 -0.22855 -0.445392 0.536174 1 
0.997036 0.0542053 -0.0544204 0 0.0536583 -0.998484 -0.0114635 0 -0.0549603 0.0085096 -0.998452 0 -0.227363 -0.449203 0.533469 1 
0.996652 0.0605752 -0.0547339 0 0.0600586 -0.998124 -0.0110362 0 -0.0553008 0.00771219 -0.99844 0 -0.225818 -0.453187 0.53075 1 
0.996216 0.0675993 -0.0544566 0 0.0670591 -0.997671 -0.0116889 0 -0.055121 0.00799303 -0.998448 0 -0.223757 -0.456957 0.528036 1 
0.995712 0.0748818 -0.0541333 0 0.0743189 -0.997149 -0.0123407 0 -0.0549041 0.00826479 -0.998457 0 -0.221445 -0.460693 0.525374 1 
0.995079 0.0831065 -0.053773 0 0.082544 -0.996498 -0.012603 0 -0.0546332 0.00810254 -0.998474 0 -0.218154 -0.465688 0.521947 1 
0.994594 0.0887982 -0.0536537 0 0.0882401 -0.996009 -0.0126879 0 -0.0545672 0.00788508 -0.998479 0 -0.214609 -0.47025 0.519 1 
0.99421 0.0928011 -0.0539964 0 0.0923068 -0.995654 -0.0115835 0 -0.0548377 0.00653231 -0.998474 0 -0.210172 -0.475311 0.516196 1 
0.994267 0.0923475 -0.0537186 0 0.091846 -0.995694 -0.0117354 0 -0.0545721 0.00673443 -0.998487 0 -0.205449 -0.480091 0.513132 1 
0.994542 0.0896208 -0.0532423 0 0.08909 -0.995938 -0.0122648 0 -0.0541262 0.00745467 -0.998506 0 -0.200121 -0.485139 0.509737 1 
0.994719 0.0877877 -0.0529881 0 0.0872441 -0.996099 -0.0124918 0 -0.0538791 0.00780307 -0.998517 0 -0.194486 -0.490111 0.506534 1 
0.994829 0.0866447 -0.0528029 0 0.0860911 -0.996197 -0.0126733 0 -0.0537012 0.0080621 -0.998525 0 -0.188424 -0.495258 0.503169 1 
0.994811 0.0871062 -0.0523823 0 0.0865134 -0.99615 -0.0134847 0 -0.0533563 0.00888314 -0.998536 0 -0.182131 -0.501031 0.498782 1 
0.994728 0.0877852 -0.0528211 0 0.0872503 -0.9961 -0.0123516 0 -0.0537005 0.00767795 -0.998528 0 -0.175812 -0.507357 0.494255 1 
0.994813 0.0869424 -0.0526149 0 0.0863866 -0.99617 -0.0127501 0 -0.0535229 0.00813891 -0.998533 0 -0.169485 -0.513626 0.489028 1 
0.995113 0.0833359 -0.0527808 0 0.0828051 -0.996482 -0.0121681 0 -0.0536102 0.00773825 -0.998532 0 -0.163005 -0.520682 0.482976 1 
0.995786 0.074588 -0.0531813 0 0.0741124 -0.997181 -0.0108623 0 -0.0538426 0.00687529 -0.998526 0 -0.157097 -0.527637 0.476708 1 
0.99644 0.0650311 -0.0534673 0 0.0645988 -0.997854 -0.00977513 0 -0.0539893 0.00628652 -0.998522 0 -0.151311 -0.534882 0.469627 1 
0.997007 0.0557068 -0.0534335 0 0.0552661 -0.998415 -0.0096903 0 -0.0538896 0.00670836 -0.998524 0 -0.145873 -0.542142 0.461698 1 
0.997367 0.0483972 -0.0538237 0 0.0480262 -0.998803 -0.00816727 0 -0.0541556 0.00556093 -0.998517 0 -0.140796 -0.549466 0.453735 1 
0.997579 0.0437891 -0.0538411 0 0.0434219 -0.999015 -0.00797215 0 -0.0541383 0.00561507 -0.998518 0 -0.136591 -0.556742 0.444667 1 
0.997691 0.0410371 -0.0539297 0 0.0406923 -0.999134 -0.00747682 0 -0.0541909 0.00526514 -0.998517 0 -0.132824 -0.564195 0.434922 1 
0.997804 0.0382733 -0.0538717 0 0.0379177 -0.999242 -0.00760746 0 -0.0541231 0.00554817 -0.998519 0 -0.129736 -0.571199 0.424979 1 
0.997834 0.0373844 -0.0539537 0 0.0370548 -0.999278 -0.00709661 0 -0.0541811 0.00508209 -0.998518 0 -0.127376 -0.578184 0.414574 1 
0.997928 0.0349933 -0.053823 0 0.0346461 -0.999363 -0.00737152 0 -0.0540477 0.00549159 -0.998523 0 -0.125647 -0.585169 0.402892 1 
0.998051 0.031539 -0.0536621 0 0.0311729 -0.999475 -0.00764596 0 -0.0538761 0.00595837 -0.99853 0 -0.124456 -0.592328 0.389899 1 
0.998223 0.025909 -0.0534857 0 0.0255248 -0.999634 -0.00785492 0 -0.0536706 0.00647587 -0.998538 0 -0.123792 -0.598671 0.377432 1 
0.998344 0.0214305 -0.053214 0 0.0210062 -0.999733 -0.00851993 0 -0.0533834 0.00738814 -0.998547 0 -0.123503 -0.604715 0.364435 1 
0.998411 0.0185957 -0.0530199 0 0.0181666 -0.999789 -0.00856361 0 -0.053169 0.00758695 -0.998557 0 -0.123478 -0.610756 0.350865 1 
0.998463 0.016718 -0.052649 0 0.0162402 -0.999813 -0.009489 0 -0.0527988 0.00861955 -0.998568 0 -0.123681 -0.616179 0.337219 1 
0.998475 0.0170567 -0.0523164 0 0.0165493 -0.999802 -0.0101173 0 -0.0524796 0.00923624 -0.998579 0 -0.124141 -0.621321 0.323341 1 
0.998473 0.018029 -0.0520414 0 0.0175013 -0.999781 -0.0105773 0 -0.0522217 0.00965056 -0.998589 0 -0.124954 -0.626228 0.309032 1 
0.998475 0.0187114 -0.0517453 0 0.018169 -0.999766 -0.0109314 0 -0.0519387 0.00997473 -0.9986 0 -0.126005 -0.630717 0.294755 1 
0.998488 0.0190837 -0.051359 0 0.0185228 -0.999754 -0.0113748 0 -0.0515645 0.0104065 -0.998615 0 -0.127149 -0.63474 0.280546 1 
0.998501 0.0194493 -0.0509825 0 0.0188739 -0.999743 -0.0117441 0 -0.0511988 0.0107645 -0.99863 0 -0.12821 -0.638389 0.266677 1 
0.998514 0.0195292 -0.0506781 0 0.0189533 -0.999741 -0.011821 0 -0.0508969 0.0108431 -0.998645 0 -0.129319 -0.641553 0.253729 1 
0.998535 0.0190972 -0.0504427 0 0.0185525 -0.999755 -0.0112455 0 -0.050646 0.0102934 -0.998664 0 -0.130723 -0.644774 0.240535 1 
0.998583 0.0171939 -0.0501619 0 0.0166541 -0.999789 -0.0111605 0 -0.0503442 0.0103095 -0.998679 0 -0.132174 -0.647685 0.228331 1 
0.998642 0.0133515 -0.0501744 0 0.0128774 -0.99986 -0.00976061 0 -0.0502986 0.00910141 -0.998693 0 -0.133763 -0.65091 0.216964 1 
0.9987 0.00731587 -0.0502642 0 0.00690092 -0.999931 -0.00842381 0 -0.0503234 0.00806614 -0.9987 0 -0.135616 -0.65419 0.206725 1 
0.998716 0.00153394 -0.0504542 0 0.00117201 -0.999964 -0.00720225 0 -0.0504644 0.00713401 -0.9987 0 -0.137897 -0.657858 0.196958 1 
0.998698 -0.00238354 -0.0507734 0 -0.00269338 -0.999969 -0.00603484 0 -0.0507584 0.00616385 -0.998692 0 -0.14079 -0.662066 0.187716 1 
0.998665 -0.00548172 -0.0511769 0 -0.00579821 -0.999955 -0.00603764 0 -0.0511425 0.00632644 -0.998671 0 -0.144207 -0.666137 0.179471 1 
0.998595 -0.00925517 -0.051989 0 -0.00956744 -0.999928 -0.00576065 0 -0.0519329 0.00625008 -0.998631 0 -0.148347 -0.670495 0.171885 1 
0.998477 -0.0137075 -0.0532671 0 -0.0140172 -0.999877 -0.00544477 0 -0.0531869 0.00618325 -0.998565 0 -0.15331 -0.675037 0.164761 1 
0.99836 -0.0174387 -0.054352 0 -0.0177748 -0.999816 -0.005707 0 -0.0542435 0.00666387 -0.998505 0 -0.158642 -0.679457 0.158023 1 
0.998262 -0.0194005 -0.0554805 0 -0.0197145 -0.999783 -0.00511818 0 -0.0553702 0.00620317 -0.998447 0 -0.164407 -0.684207 0.151344 1 
0.998211 -0.0188894 -0.0565505 0 -0.0191546 -0.999798 -0.00415172 0 -0.0564618 0.0052276 -0.998391 0 -0.170513 -0.688821 0.14481 1 
0.998187 -0.0171889 -0.0575114 0 -0.0174071 -0.999833 -0.00329617 0 -0.0574463 0.00429138 -0.998339 0 -0.176747 -0.692888 0.138487 1 
0.998216 -0.0127429 -0.0581648 0 -0.0129491 -0.999902 -0.00317033 0 -0.0581198 0.00391794 -0.998302 0 -0.182987 -0.696174 0.132258 1 
0.998271 -0.00590497 -0.0583205 0 -0.00617414 -0.999961 -0.0044363 0 -0.0582932 0.0047888 -0.998288 0 -0.189073 -0.698495 0.125789 1 
0.998314 -0.000869882 -0.0578665 0 -0.00130758 -0.999961 -0.00752636 0 -0.0578588 0.00758949 -0.998296 0 -0.195204 -0.699412 0.119037 1 
0.998361 0.00140375 -0.0570449 0 0.000753436 -0.999925 -0.0114198 0 -0.0570577 0.0113583 -0.998306 0 -0.200962 -0.699148 0.112978 1 
0.998418 0.00385135 -0.0559236 0 0.00296974 -0.999861 -0.0158389 0 -0.0559779 0.0156481 -0.998309 0 -0.206119 -0.698042 0.107546 1 
0.998477 0.00347109 -0.0548918 0 0.00241168 -0.9998 -0.0193541 0 -0.0549491 0.0191926 -0.998305 0 -0.210994 -0.696319 0.102352 1 
0.998509 0.00316301 -0.0543218 0 0.00204559 -0.999776 -0.0206135 0 -0.0543759 0.0204721 -0.998311 0 -0.215489 -0.694455 0.0977969 1 
0.998517 0.00314475 -0.0541743 0 0.00205527 -0.999785 -0.0201544 0 -0.0542271 0.0200136 -0.998328 0 -0.219715 -0.692812 0.0940374 1 
0.998539 0.00346451 -0.0537372 0 0.00234532 -0.99977 -0.0208758 0 -0.0537982 0.0207197 -0.998337 0 -0.223292 -0.690992 0.0905147 1 
0.998577 0.00575923 -0.0528426 0 0.00453013 -0.999707 -0.0233498 0 -0.0529626 0.0230776 -0.99833 0 -0.226357 -0.68886 0.0868946 1 
0.998588 0.0110259 -0.051789 0 0.00969702 -0.999609 -0.0258415 0 -0.0520547 0.0253032 -0.998324 0 -0.229153 -0.686441 0.0830637 1 
0.998586 0.0147527 -0.0508916 0 0.0133717 -0.999526 -0.0273703 0 -0.0512722 0.0266516 -0.998329 0 -0.231487 -0.68365 0.0792819 1 
0.998605 0.0163063 -0.0500295 0 0.0148918 -0.999473 -0.0285166 0 -0.0504691 0.0277323 -0.998341 0 -0.233429 -0.680497 0.0757991 1 
0.99866 0.0144623 -0.0494939 0 0.0130681 -0.999502 -0.0283774 0 -0.0498806 0.0276931 -0.998371 0 -0.234975 -0.677203 0.0721494 1 
0.99874 0.0119047 -0.0485446 0 0.0104795 -0.9995 -0.0295084 0 -0.0488725 0.028963 -0.998385 0 -0.235902 -0.673279 0.0684643 1 
0.998799 0.01003 -0.0477536 0 0.00860772 -0.999506 -0.0298969 0 -0.0480308 0.0294506 -0.998412 0 -0.236237 -0.66923 0.0649894 1 
0.99883 0.00897127 -0.0473189 0 0.00760365 -0.999541 -0.0290033 0 -0.0475583 0.0286102 -0.998459 0 -0.235953 -0.665245 0.0622179 1 
0.998848 0.0081419 -0.0470891 0 0.00684337 -0.999584 -0.0276714 0 -0.0472957 0.0273178 -0.998507 0 -0.235342 -0.660949 0.0611202 1 
0.998891 0.00708535 -0.0463449 0 0.0057878 -0.99958 -0.0280718 0 -0.0465253 0.027773 -0.998531 0 -0.23467 -0.655997 0.0602893 1 
0.998902 0.00560937 -0.0463112 0 0.00438104 -0.999627 -0.0265821 0 -0.0464439 0.0263506 -0.998573 0 -0.234378 -0.651159 0.0610342 1 
0.998918 0.00370167 -0.0461433 0 0.00248826 -0.999641 -0.0263259 0 -0.0462251 0.0261832 -0.998588 0 -0.234406 -0.645679 0.0615097 1 
0.998917 0.00138319 -0.0462927 0 0.000192579 -0.99966 -0.0257134 0 -0.0463134 0.0256772 -0.998597 0 -0.234862 -0.640463 0.0629617 1 
0.998889 -0.00117272 -0.046914 0 -0.0022688 -0.999716 -0.0233168 0 -0.0468742 0.0233978 -0.998627 0 -0.235596 -0.635777 0.064035 1 
0.998865 -0.00354391 -0.0473002 0 -0.00460908 -0.999728 -0.0224291 0 -0.0472088 0.0226221 -0.998629 0 -0.236332 -0.631131 0.0649329 1 
0.998812 -0.00576861 -0.0481875 0 -0.00676101 -0.999758 -0.0204568 0 -0.0480588 0.0207587 -0.998629 0 -0.237402 -0.627498 0.0651694 1 
0.998753 -0.00833733 -0.049035 0 -0.0092697 -0.99977 -0.0188175 0 -0.0488678 0.0192489 -0.99862 0 -0.238903 -0.624763 0.0654447 1 
0.99866 -0.0114715 -0.0502709 0 -0.0122896 -0.999787 -0.015995 0 -0.0500777 0.0165917 -0.998607 0 -0.241152 -0.623218 0.065364 1 
0.998558 -0.0146635 -0.051459 0 -0.0153767 -0.999781 -0.013492 0 -0.0512509 0.0142641 -0.998584 0 -0.243854 -0.622592 0.0648597 1 
0.998479 -0.0168745 -0.052302 0 -0.0175297 -0.999764 -0.012095 0 -0.0520866 0.0129937 -0.998558 0 -0.246452 -0.622219 0.0640542 1 
0.998438 -0.0180041 -0.052716 0 -0.0186451 -0.999748 -0.0116934 0 -0.0524932 0.0126583 -0.998541 0 -0.248481 -0.622117 0.0629283 1 
0.998469 -0.0157003 -0.0528636 0 -0.0163489 -0.999786 -0.0118579 0 -0.0526672 0.0127042 -0.998531 0 -0.249553 -0.622219 0.0615434 1 
0.998529 -0.0108836 -0.0529312 0 -0.0115213 -0.999855 -0.0117588 0 -0.0527966 0.0123516 -0.998529 0 -0.249868 -0.622822 0.0598896 1 
0.998566 -0.00482807 -0.0531432 0 -0.00543955 -0.999911 -0.0113676 0 -0.0530846 0.0116405 -0.998522 0 -0.250034 -0.624049 0.0579379 1 
0.998566 0.00294855 -0.0532802 0 0.00232281 -0.999918 -0.0118023 0 -0.0533116 0.0116618 -0.99851 0 -0.250367 -0.625376 0.0553374 1 
0.998473 0.011594 -0.0538313 0 0.0110027 -0.999866 -0.0112673 0 -0.0539558 0.010658 -0.998486 0 -0.251121 -0.627308 0.0531925 1 
0.998249 0.0214536 -0.0549446 0 0.0209836 -0.999729 -0.00911535 0 -0.0551263 0.0079466 -0.998448 0 -0.252182 -0.630107 0.0516739 1 
0.998054 0.0270809 -0.0560012 0 0.0267374 -0.999609 -0.00687387 0 -0.0561666 0.00536327 -0.998407 0 -0.253181 -0.63305 0.0497245 1 
0.997968 0.0275451 -0.0572942 0 0.0273606 -0.999608 -0.00400246 0 -0.0573831 0.00242677 -0.998349 0 -0.254117 -0.636112 0.0484678 1 
0.997931 0.0277042 -0.0578496 0 0.0275992 -0.999606 -0.00261245 0 -0.0579003 0.00101046 -0.998322 0 -0.25473 -0.638492 0.0468763 1 
0.997938 0.027517 -0.057814 0 0.0274453 -0.999612 -0.0020339 0 -0.0578486 0.000442993 -0.998325 0 -0.254901 -0.640169 0.0448571 1 
0.99802 0.0248032 -0.0576326 0 0.0247833 -0.999683 -0.0010598 0 -0.0576418 -0.000370638 -0.998337 0 -0.25479 -0.641702 0.04315 1 
0.998127 0.0196847 -0.0577479 0 0.019747 -0.999795 0.00050957 0 -0.0577272 -0.001649 -0.998331 0 -0.254763 -0.643375 0.0418389 1 
0.998252 0.0120823 -0.0576809 0 0.0122088 -0.999914 0.00184121 0 -0.0576548 -0.00254225 -0.998333 0 -0.254758 -0.644938 0.0403872 1 
0.998314 -0.00144695 -0.0578537 0 -0.001244 -0.999983 0.00354379 0 -0.057859 -0.00346592 -0.998319 0 -0.25498 -0.646393 0.0392387 1 
0.998214 -0.0130673 -0.0581251 0 -0.0128093 -0.999897 0.00480862 0 -0.0581831 -0.00405557 -0.998298 0 -0.255369 -0.647634 0.0384516 1 
0.998096 -0.0196625 -0.0582887 0 -0.019384 -0.999788 0.00533951 0 -0.0583825 -0.00419956 -0.998285 0 -0.255807 -0.648703 0.0376623 1 
0.998079 -0.0201679 -0.0584128 0 -0.0198777 -0.999777 0.00554563 0 -0.0585128 -0.00437395 -0.998277 0 -0.25612 -0.649532 0.0366224 1 
0.998079 -0.0200395 -0.0584573 0 -0.0197437 -0.99978 0.00563267 0 -0.0585584 -0.00446777 -0.998274 0 -0.256297 -0.650215 0.0353627 1 
0.998089 -0.0195887 -0.0584394 0 -0.0192989 -0.999789 0.00551793 0 -0.0585363 -0.00437965 -0.998276 0 -0.256227 -0.650783 0.0342105 1 
0.998099 -0.0184894 -0.0586344 0 -0.0181888 -0.999809 0.00565655 0 -0.058729 -0.00457939 -0.998263 0 -0.255863 -0.65142 0.0335548 1 
0.99813 -0.01398 -0.0593391 0 -0.0136746 -0.999881 0.00554898 0 -0.0594108 -0.00472726 -0.998222 0 -0.255333 -0.651975 0.0333029 1 
0.998171 -0.00574691 -0.060014 0 -0.00544097 -0.999962 0.00525998 0 -0.0600431 -0.00492392 -0.998184 0 -0.254763 -0.65239 0.0333863 1 
0.998156 0.00556028 -0.0602862 0 0.00585428 -0.999962 0.00470119 0 -0.060259 -0.00504555 -0.99817 0 -0.254192 -0.652742 0.0335201 1 
0.998054 0.0149618 -0.0603696 0 0.0152528 -0.999865 0.00436202 0 -0.0602973 -0.00527445 -0.998167 0 -0.253741 -0.65302 0.0336115 1 
0.998009 0.0175385 -0.0604281 0 0.0178332 -0.999822 0.00434141 0 -0.0603424 -0.0054105 -0.998163 0 -0.253391 -0.653247 0.0336687 1 
0.997999 0.0181452 -0.0604191 0 0.0184371 -0.999811 0.00427608 0 -0.0603313 -0.00538158 -0.998164 0 -0.253226 -0.653364 0.0337356 1 
0.997992 0.0179489 -0.0605776 0 0.0182756 -0.999812 0.00484368 0 -0.0604804 -0.00594116 -0.998152 0 -0.253348 -0.653613 0.0339562 1 
0.998042 0.0155955 -0.0604115 0 0.0159965 -0.999843 0.00616005 0 -0.0603071 -0.0071145 -0.998155 0 -0.253535 -0.6542 0.0343914 1 
0.998155 0.00755795 -0.060083 0 0.00802846 -0.999929 0.00759337 0 -0.0600226 -0.00806189 -0.998164 0 -0.253667 -0.654905 0.0349242 1 
0.998198 -0.00332792 -0.0597462 0 -0.0028403 -0.999952 0.00824455 0 -0.059772 -0.00806016 -0.99818 0 -0.253818 -0.655557 0.0354209 1 
0.998085 -0.0165508 -0.0594364 0 -0.016061 -0.999823 0.00870843 0 -0.0595712 -0.00773729 -0.998194 0 -0.253871 -0.656209 0.0356851 1 
0.997807 -0.0291797 -0.0592416 0 -0.0286986 -0.999538 0.00895512 0 -0.0594767 -0.00723547 -0.998203 0 -0.253715 -0.656782 0.0355688 1 
0.997483 -0.0392126 -0.0589129 0 -0.0387701 -0.999201 0.00863609 0 -0.0592057 -0.00633042 -0.998226 0 -0.253345 -0.657229 0.0348852 1 
0.997295 -0.0440536 -0.0586781 0 -0.0436512 -0.999004 0.00812237 0 -0.0589786 -0.00553914 -0.998244 0 -0.25292 -0.657538 0.033748 1 
0.997332 -0.0435456 -0.0584195 0 -0.0432081 -0.999032 0.00702874 0 -0.0586701 -0.00448588 -0.998267 0 -0.25267 -0.657609 0.0323096 1 
0.997374 -0.0425543 -0.0584445 0 -0.0422841 -0.999079 0.00585272 0 -0.0586409 -0.00336613 -0.998273 0 -0.252618 -0.657658 0.0307998 1 
0.997502 -0.0387931 -0.0588635 0 -0.0385537 -0.999233 0.00519804 0 -0.0590211 -0.00291571 -0.998252 0 -0.252755 -0.65795 0.0296895 1 
0.997752 -0.0309905 -0.0592571 0 -0.0307418 -0.999505 0.00510387 0 -0.0593871 -0.00327079 -0.99823 0 -0.25283 -0.658479 0.029175 1 
0.997975 -0.0218156 -0.0595815 0 -0.0215364 -0.999744 0.00532517 0 -0.0596836 -0.0040313 -0.998209 0 -0.252818 -0.659077 0.0290629 1 
0.998076 -0.0157729 -0.0598091 0 -0.01547 -0.999855 0.00552452 0 -0.0598888 -0.00458873 -0.998195 0 -0.252741 -0.659491 0.0292446 1 
0.998117 -0.0131385 -0.0597611 0 -0.0128537 -0.999895 0.00514752 0 -0.0598236 -0.00436975 -0.998199 0 -0.252621 -0.659512 0.029252 1 
0.998153 -0.010731 -0.0596288 0 -0.0104813 -0.999925 0.00449967 0 -0.0596737 -0.00386645 -0.99821 0 -0.252543 -0.659393 0.0290534 1 
0.998183 -0.00881828 -0.0594505 0 -0.00860569 -0.999946 0.003831 0 -0.0594822 -0.00331249 -0.998224 0 -0.252509 -0.659228 0.0287116 1 
0.998194 -0.00882437 -0.0592591 0 -0.00863777 -0.999947 0.00340439 0 -0.0592872 -0.00288643 -0.998237 0 -0.252465 -0.659097 0.0283709 1 
0.998211 -0.00940143 -0.0588857 0 -0.00923982 -0.999943 0.00301622 0 -0.0589118 -0.00246678 -0.99826 0 -0.252421 -0.658946 0.0280081 1 
0.998197 -0.0128455 -0.0584678 0 -0.012695 -0.999905 0.0029446 0 -0.0585012 -0.00219708 -0.998285 0 -0.252428 -0.658857 0.0276523 1 
0.998104 -0.0194694 -0.0582209 0 -0.0192953 -0.999798 0.00355045 0 -0.0582794 -0.00242038 -0.998297 0 -0.252567 -0.659009 0.0274409 1 
0.997875 -0.028662 -0.0583541 0 -0.0284342 -0.999575 0.00473058 0 -0.058466 -0.00306133 -0.998285 0 -0.252788 -0.659436 0.0273298 1 
0.997618 -0.0361394 -0.0585959 0 -0.0358545 -0.99933 0.00590662 0 -0.0587713 -0.00379169 -0.998264 0 -0.253135 -0.659904 0.0272084 1 
0.997378 -0.0419634 -0.0587954 0 -0.041638 -0.9991 0.0067495 0 -0.0590269 -0.00428377 -0.998247 0 -0.253593 -0.660261 0.0269134 1 
0.997239 -0.0452751 -0.0587036 0 -0.0449633 -0.998957 0.00662233 0 -0.0589433 -0.00396461 -0.998253 0 -0.253916 -0.660223 0.0263117 1 
0.997111 -0.0483134 -0.0584511 0 -0.0480494 -0.998818 0.00591408 0 -0.0586689 -0.00308851 -0.998273 0 -0.254216 -0.659919 0.0254754 1 
0.997085 -0.0491942 -0.0581482 0 -0.0489969 -0.998778 0.00481387 0 -0.058315 -0.0019508 -0.998296 0 -0.254576 -0.659479 0.0244862 1 
0.99707 -0.0498633 -0.0578484 0 -0.0497302 -0.998746 0.00373835 0 -0.0579634 -0.000850591 -0.998318 0 -0.254979 -0.65898 0.0236347 1 
0.99705 -0.0504473 -0.0576854 0 -0.0503493 -0.998717 0.00315076 0 -0.0577714 -0.000237054 -0.99833 0 -0.255341 -0.658641 0.0231977 1 
0.997045 -0.0505565 -0.0576722 0 -0.0504616 -0.998712 0.00310155 0 -0.0577558 -0.000182164 -0.998331 0 -0.255431 -0.658593 0.0231502 1 
0.997053 -0.0502878 -0.0577618 0 -0.050173 -0.998725 0.00343564 0 -0.057862 -0.000527447 -0.998324 0 -0.255295 -0.65881 0.0232907 1 
0.997059 -0.049992 -0.0579139 0 -0.0498462 -0.998739 0.0039605 0 -0.05804 -0.00106208 -0.998314 0 -0.255157 -0.659123 0.0235105 1 
0.997069 -0.0496165 -0.0580649 0 -0.049442 -0.998757 0.00443823 0 -0.0582141 -0.00155441 -0.998303 0 -0.254989 -0.659431 0.023709 1 
0.997089 -0.0490474 -0.0582128 0 -0.0488575 -0.998785 0.00468135 0 -0.0583728 -0.00182363 -0.998293 0 -0.254802 -0.659646 0.0238135 1 
0.997187 -0.0467908 -0.0583953 0 -0.0466107 -0.998894 0.00444319 0 -0.0585397 -0.00170888 -0.998284 0 -0.254688 -0.659675 0.0237485 1 
0.997355 -0.0427613 -0.0586154 0 -0.0426059 -0.999075 0.00389882 0 -0.058729 -0.00139117 -0.998273 0 -0.254674 -0.659606 0.023569 1 
0.997533 -0.0384027 -0.0586011 0 -0.0382734 -0.999252 0.00332671 0 -0.0586861 -0.00107565 -0.998276 0 -0.254642 -0.659529 0.0233096 1 
0.997764 -0.031857 -0.0585921 0 -0.0317488 -0.999482 0.00277808 0 -0.0586514 -0.000911656 -0.998278 0 -0.254601 -0.659532 0.0230939 1 
0.99795 -0.0251773 -0.058668 0 -0.0250717 -0.999673 0.00253546 0 -0.0587138 -0.00105937 -0.998274 0 -0.254545 -0.659699 0.0230025 1 
0.998073 -0.0191608 -0.0588529 0 -0.0190381 -0.999806 0.00264429 0 -0.0588932 -0.00151878 -0.998263 0 -0.254419 -0.660037 0.0230586 1 
0.998154 -0.0132381 -0.059103 0 -0.0130859 -0.9999 0.00296238 0 -0.0591374 -0.00218355 -0.998247 0 -0.254257 -0.660467 0.0232498 1 
0.998195 -0.00818218 -0.0593335 0 -0.00800002 -0.999953 0.00330702 0 -0.0593589 -0.00282644 -0.998233 0 -0.254106 -0.660848 0.0234983 1 
0.998195 -0.00678843 -0.0595171 0 -0.00657184 -0.999961 0.00383405 0 -0.0595419 -0.00343606 -0.99822 0 -0.253955 -0.661209 0.0237304 1 
0.998192 -0.00630932 -0.0596175 0 -0.00607605 -0.999964 0.00409309 0 -0.0596423 -0.00372352 -0.998213 0 -0.25393 -0.661379 0.0238191 1 
0.998195 -0.00621539 -0.0595641 0 -0.00599084 -0.999965 0.00394778 0 -0.0595877 -0.00358389 -0.998217 0 -0.253912 -0.661347 0.0236925 1 
0.998205 -0.00622386 -0.0594028 0 -0.00602477 -0.999966 0.00353006 0 -0.0594239 -0.0031659 -0.998228 0 -0.253873 -0.661219 0.0233589 1 
0.998216 -0.00642759 -0.0591968 0 -0.00625144 -0.999966 0.00316048 0 -0.0592163 -0.00278483 -0.998241 0 -0.253868 -0.661125 0.0229537 1 
0.998217 -0.00840627 -0.0589316 0 -0.00823473 -0.999951 0.00315311 0 -0.0589564 -0.00266225 -0.998257 0 -0.254006 -0.661137 0.0225552 1 
0.998189 -0.0118947 -0.0588046 0 -0.0117138 -0.999916 0.00341979 0 -0.0588415 -0.00272482 -0.998264 0 -0.254242 -0.661241 0.0221871 1 
0.998144 -0.0154056 -0.0587587 0 -0.0152062 -0.999867 0.0038383 0 -0.0588112 -0.00293774 -0.998265 0 -0.254502 -0.66139 0.0219512 1 
0.998088 -0.018564 -0.0587937 0 -0.0183522 -0.999813 0.00414112 0 -0.0588607 -0.00305427 -0.998262 0 -0.254657 -0.661523 0.0217362 1 
0.998031 -0.0214787 -0.0587661 0 -0.0212669 -0.999755 0.00422803 0 -0.0588437 -0.00296999 -0.998263 0 -0.254707 -0.661584 0.0214447 1 
0.998024 -0.022141 -0.0586434 0 -0.0219647 -0.999742 0.00364964 0 -0.0587102 -0.00235439 -0.998272 0 -0.254782 -0.661377 0.0209619 1 
0.998033 -0.0223547 -0.0584131 0 -0.0222257 -0.999739 0.00285695 0 -0.0584629 -0.00155309 -0.998288 0 -0.25491 -0.661053 0.0203823 1 
0.998053 -0.0218031 -0.0582709 0 -0.0217235 -0.999752 0.00199936 0 -0.0583012 -0.000729636 -0.998299 0 -0.254973 -0.660752 0.0197999 1 
0.9981 -0.0197811 -0.0581922 0 -0.0197424 -0.999795 0.00124128 0 -0.0582059 -9.00717e-05 -0.998305 0 -0.255044 -0.660513 0.0193527 1 
0.998147 -0.0175993 -0.0580837 0 -0.0175886 -0.999835 0.00069547 0 -0.0580875 0.000327436 -0.998311 0 -0.255085 -0.660354 0.0190568 1 
0.998188 -0.0156246 -0.0579358 0 -0.0156427 -0.999868 0.0001414 0 -0.0579314 0.00076514 -0.99832 0 -0.255031 -0.660217 0.0187154 1 
0.998213 -0.0146215 -0.0577727 0 -0.014668 -0.999883 -0.000380748 0 -0.0577615 0.0012275 -0.99833 0 -0.254969 -0.660076 0.018352 1 
0.99823 -0.0138967 -0.0576612 0 -0.013961 -0.999893 -0.00071129 0 -0.0576462 0.00151507 -0.998336 0 -0.254916 -0.660022 0.0180446 1 
0.998242 -0.0130959 -0.0576392 0 -0.0131672 -0.999903 -0.000857406 0 -0.0576235 0.00161488 -0.998337 0 -0.254919 -0.660058 0.0178186 1 
0.998253 -0.0123589 -0.0576084 0 -0.0124379 -0.999913 -0.00101247 0 -0.057592 0.00172726 -0.998339 0 -0.254949 -0.660062 0.0176172 1 
0.998257 -0.0124245 -0.0575255 0 -0.0125196 -0.999911 -0.00129223 0 -0.0575055 0.00201022 -0.998343 0 -0.255038 -0.659966 0.0173317 1 
0.998257 -0.0125804 -0.0574883 0 -0.0126817 -0.999909 -0.00139745 0 -0.0574666 0.00212411 -0.998345 0 -0.25516 -0.659964 0.0170516 1 
0.998255 -0.0127679 -0.0574909 0 -0.0128707 -0.999907 -0.00141871 0 -0.0574685 0.00215623 -0.998345 0 -0.255343 -0.660044 0.0166945 1 
0.99825 -0.0130617 -0.0575006 0 -0.0131654 -0.999903 -0.0014259 0 -0.0574775 0.00218047 -0.998344 0 -0.255621 -0.660184 0.0161464 1 
0.99825 -0.013323 -0.057453 0 -0.0134367 -0.999899 -0.00159322 0 -0.0574271 0.00236246 -0.998347 0 -0.255876 -0.660301 0.0154061 1 
0.998248 -0.0135126 -0.0574422 0 -0.0136321 -0.999896 -0.00168985 0 -0.0574145 0.00247 -0.998347 0 -0.256128 -0.660537 0.0145209 1 
0.998253 -0.0136293 -0.0573257 0 -0.0137711 -0.999893 -0.00207843 0 -0.0572924 0.00286429 -0.998353 0 -0.256289 -0.660639 0.0135492 1 
0.998264 -0.0136475 -0.0571294 0 -0.0138223 -0.999891 -0.00266598 0 -0.0570879 0.00345107 -0.998363 0 -0.256334 -0.660623 0.0126203 1 
0.998276 -0.013645 -0.0569155 0 -0.0138536 -0.999889 -0.00327116 0 -0.0568656 0.00405408 -0.998374 0 -0.256295 -0.660465 0.0120349 1 
0.998286 -0.0136118 -0.0567578 0 -0.0138445 -0.999888 -0.00370754 0 -0.056702 0.00448706 -0.998381 0 -0.256235 -0.660328 0.0117074 1 
0.998291 -0.0135904 -0.0566586 0 -0.0138374 -0.999887 -0.00397088 0 -0.0565993 0.0047482 -0.998386 0 -0.256198 -0.660245 0.0115122 1 
0.998298 -0.0135743 -0.0565512 0 -0.013838 -0.999885 -0.00427559 0 -0.0564877 0.00505096 -0.998391 0 -0.256163 -0.660147 0.0112822 1 
0.998307 -0.0135683 -0.0563913 0 -0.0138561 -0.999883 -0.00471625 0 -0.0563218 0.00548973 -0.998398 0 -0.25611 -0.660003 0.0109382 1 
0.998312 -0.0135442 -0.0563118 0 -0.0138379 -0.999883 -0.00482947 0 -0.0562409 0.00560066 -0.998402 0 -0.256061 -0.659905 0.0104782 1 
0.998309 -0.0134249 -0.0563912 0 -0.0136927 -0.999887 -0.00436656 0 -0.0563273 0.00513143 -0.998399 0 -0.255993 -0.659941 0.00997684 1 
0.998307 -0.0133253 -0.0564554 0 -0.0135701 -0.99989 -0.00395498 0 -0.0563976 0.00471448 -0.998397 0 -0.255925 -0.659974 0.0094112 1 
0.998308 -0.0132082 -0.0564627 0 -0.0134495 -0.999892 -0.00389448 0 -0.0564063 0.00464737 -0.998397 0 -0.255873 -0.660073 0.00898619 1 
0.998317 -0.0131906 -0.0563086 0 -0.0134567 -0.99989 -0.00434779 0 -0.0562462 0.00509829 -0.998404 0 -0.255847 -0.659999 0.00844956 1 
0.998331 -0.0130643 -0.0560769 0 -0.0133611 -0.999889 -0.00492033 0 -0.0560075 0.00566148 -0.998414 0 -0.255731 -0.659854 0.00767411 1 
0.99835 -0.0128421 -0.0558031 0 -0.0131674 -0.999889 -0.00546654 0 -0.0557277 0.00619242 -0.998427 0 -0.255542 -0.659804 0.00671622 1 
0.998365 -0.0126445 -0.0555695 0 -0.0130045 -0.999887 -0.00612071 0 -0.0554869 0.00683348 -0.998436 0 -0.255419 -0.659828 0.00552806 1 
0.998386 -0.0126017 -0.0551977 0 -0.0130191 -0.99988 -0.00720916 0 -0.0551013 0.0079163 -0.998449 0 -0.255383 -0.659677 0.00404737 1 
0.998394 -0.0125818 -0.0550609 0 -0.0130179 -0.999877 -0.00756953 0 -0.0549599 0.00827432 -0.998454 0 -0.255433 -0.659814 0.00258799 1 
0.998408 -0.0126217 -0.0548057 0 -0.0130927 -0.999871 -0.00824401 0 -0.0546957 0.00894861 -0.998463 0 -0.25548 -0.659834 0.00104276 1 
0.998424 -0.0126705 -0.0545031 0 -0.0131795 -0.999863 -0.00899008 0 -0.0543828 0.00969442 -0.998473 0 -0.255484 -0.659739 -0.000351348 1 
0.998433 -0.012579 -0.054355 0 -0.0131037 -0.999861 -0.00930769 0 -0.0542315 0.0100055 -0.998478 0 -0.255426 -0.659698 -0.00133915 1 
0.998441 -0.0124878 -0.0542337 0 -0.0130278 -0.999859 -0.00961635 0 -0.0541071 0.0103081 -0.998482 0 -0.25535 -0.659628 -0.00189224 1 
0.998445 -0.012376 -0.0541828 0 -0.0129197 -0.99986 -0.00969435 0 -0.0540563 0.0103795 -0.998484 0 -0.255272 -0.659617 -0.00225415 1 
0.998452 -0.0121916 -0.0540916 0 -0.0127471 -0.99986 -0.00993692 0 -0.0539639 0.0106113 -0.998487 0 -0.255137 -0.659588 -0.00259963 1 
0.998453 -0.0120698 -0.0541022 0 -0.0126244 -0.999861 -0.00992126 0 -0.053976 0.0105891 -0.998486 0 -0.255078 -0.659569 -0.00306051 1 
0.998454 -0.0120476 -0.0540834 0 -0.0125994 -0.999862 -0.00987429 0 -0.053958 0.0105406 -0.998488 0 -0.255063 -0.659514 -0.00363705 1 
0.998455 -0.0119535 -0.054091 0 -0.0125019 -0.999864 -0.00981182 0 -0.0539674 0.0104731 -0.998488 0 -0.255036 -0.659504 -0.00429571 1 
0.998469 -0.0117828 -0.0538583 0 -0.0123539 -0.999861 -0.0102839 0 -0.0537307 0.0109337 -0.998496 0 -0.254904 -0.659499 -0.00525148 1 
0.998493 -0.0112347 -0.0535387 0 -0.0118413 -0.999859 -0.0110273 0 -0.0534084 0.0116449 -0.998505 0 -0.254522 -0.659541 -0.00654743 1 
0.998457 -0.0109104 -0.054273 0 -0.0113974 -0.999888 -0.00867123 0 -0.0541734 0.00927659 -0.998488 0 -0.254536 -0.660426 -0.00639538 1 
0.998461 -0.0107235 -0.0542376 0 -0.011219 -0.999888 -0.0088386 0 -0.0541378 0.00943367 -0.998489 0 -0.254408 -0.660434 -0.00655523 1 
0.998462 -0.0107079 -0.0542227 0 -0.0112029 -0.999889 -0.00883182 0 -0.0541231 0.00942587 -0.99849 0 -0.254387 -0.660444 -0.00655248 1 
0.998463 -0.0108084 -0.0541882 0 -0.0113052 -0.999887 -0.00887061 0 -0.0540872 0.00946976 -0.998491 0 -0.254287 -0.660458 -0.00659657 1 
0.99846 -0.0113098 -0.054138 0 -0.0118106 -0.999881 -0.00894017 0 -0.0540315 0.00956599 -0.998493 0 -0.254096 -0.660485 -0.00668488 1 
0.998448 -0.0125984 -0.054067 0 -0.0131 -0.999865 -0.00893262 0 -0.0539482 0.00962723 -0.998497 0 -0.253983 -0.660487 -0.00672281 1 
0.99842 -0.015376 -0.0538769 0 -0.0158778 -0.999825 -0.00889847 0 -0.0537317 0.00974005 -0.998508 0 -0.253899 -0.660436 -0.00678567 1 
0.998298 -0.0232035 -0.0533253 0 -0.0236865 -0.999674 -0.00844309 0 -0.053113 0.009692 -0.998541 0 -0.253683 -0.660437 -0.00683359 1 
0.997875 -0.0386398 -0.0522867 0 -0.0390827 -0.999198 -0.00747385 0 -0.051957 0.00950165 -0.998604 0 -0.253254 -0.660503 -0.00689964 1 
0.996934 -0.0586573 -0.0516011 0 -0.05906 -0.998225 -0.00631271 0 -0.0511402 0.00934109 -0.998648 0 -0.25289 -0.660588 -0.00692874 1 
0.995646 -0.0775672 -0.0515063 0 -0.0779461 -0.996933 -0.00538558 0 -0.0509316 0.00937703 -0.998658 0 -0.25252 -0.660695 -0.00693821 1 
0.993825 -0.0983272 -0.0512362 0 -0.098675 -0.995101 -0.00429766 0 -0.0505635 0.00932703 -0.998677 0 -0.252084 -0.660838 -0.00694989 1 
0.99083 -0.125133 -0.0507745 0 -0.125446 -0.992086 -0.00300922 0 -0.0499971 0.00935125 -0.998706 0 -0.251847 -0.660879 -0.00697088 1 
0.987014 -0.152397 -0.0505937 0 -0.152678 -0.988265 -0.00170499 0 -0.0497411 0.00940756 -0.998718 0 -0.251799 -0.660861 -0.00698784 1 
0.982254 -0.18057 -0.0505174 0 -0.180817 -0.983507 -0.000342449 0 -0.0496234 0.00947099 -0.998723 0 -0.251829 -0.660826 -0.0069961 1 
0.97719 -0.206228 -0.0505016 0 -0.206447 -0.978448 0.000896956 0 -0.0495991 0.0095496 -0.998724 0 -0.251904 -0.66078 -0.00700257 1 
0.971575 -0.231269 -0.0503654 0 -0.231467 -0.972831 0.00195891 0 -0.049451 0.00975486 -0.998729 0 -0.251857 -0.660741 -0.0070202 1 
0.965192 -0.256654 -0.0501382 0 -0.256819 -0.966444 0.00323468 0 -0.0492869 0.00975455 -0.998737 0 -0.251838 -0.660736 -0.00702298 1 
0.957764 -0.283143 -0.049983 0 -0.283286 -0.959016 0.00435108 0 -0.0491674 0.00999236 -0.998741 0 -0.251761 -0.66071 -0.00702709 1 
0.949763 -0.308955 -0.0497764 0 -0.309072 -0.951012 0.00551626 0 -0.0490432 0.0101456 -0.998745 0 -0.25167 -0.660698 -0.0070497 1 
0.94049 -0.33618 -0.0494238 0 -0.336263 -0.941733 0.00687838 0 -0.0488574 0.0101506 -0.998754 0 -0.251532 -0.660736 -0.00705228 1 
0.929823 -0.364683 -0.049153 0 -0.364729 -0.931066 0.00835134 0 -0.0488112 0.0101625 -0.998756 0 -0.251382 -0.660782 -0.00705903 1 
0.918139 -0.393207 -0.0488796 0 -0.393215 -0.919383 0.00985629 0 -0.0488156 0.010171 -0.998756 0 -0.251319 -0.660804 -0.00705938 1 
0.905215 -0.422141 -0.0486175 0 -0.422111 -0.906462 0.0113976 0 -0.0488823 0.0102049 -0.998752 0 -0.251633 -0.660689 -0.00704641 1 
0.891227 -0.450963 -0.0482378 0 -0.450895 -0.892473 0.0129166 0 -0.0488768 0.0102387 -0.998752 0 -0.252012 -0.660543 -0.00704916 1 
0.878287 -0.475711 -0.0478763 0 -0.475608 -0.879531 0.0142427 0 -0.048885 0.0102614 -0.998752 0 -0.252187 -0.660475 -0.00705368 1 
0.865005 -0.499492 -0.0474941 0 -0.499364 -0.866245 0.0153678 0 -0.0488185 0.0104238 -0.998753 0 -0.252383 -0.660358 -0.00706836 1 
0.851611 -0.522029 -0.0471693 0 -0.521887 -0.852848 0.0162681 0 -0.0487216 0.0107632 -0.998754 0 -0.252668 -0.660179 -0.00706815 1 
0.837036 -0.545139 -0.0466406 0 -0.544977 -0.838262 0.0172473 0 -0.0485001 0.0109817 -0.998763 0 -0.253063 -0.659982 -0.00704388 1 
0.821894 -0.567759 -0.0460653 0 -0.567564 -0.823111 0.0184776 0 -0.0484086 0.0109586 -0.998767 0 -0.25339 -0.659863 -0.00703478 1 
0.806042 -0.590089 -0.0455176 0 -0.589862 -0.807252 0.0197068 0 -0.0483738 0.0109648 -0.998769 0 -0.253762 -0.659728 -0.00702274 1 
0.787203 -0.615058 -0.0446744 0 -0.614801 -0.788393 0.0209006 0 -0.048077 0.011013 -0.998783 0 -0.254347 -0.659478 -0.00702989 1 
0.76704 -0.640076 -0.0439731 0 -0.639794 -0.768218 0.022055 0 -0.0478987 0.0112169 -0.998789 0 -0.255034 -0.65917 -0.00704056 1 
0.747608 -0.662714 -0.0432779 0 -0.6624 -0.748775 0.0233045 0 -0.0478505 0.0112449 -0.998791 0 -0.255637 -0.658943 -0.00702155 1 
0.729609 -0.682519 -0.0426564 0 -0.682175 -0.730768 0.0244257 0 -0.0478439 0.0112781 -0.998791 0 -0.256087 -0.65877 -0.00702009 1 
0.712028 -0.700879 -0.0420287 0 -0.700506 -0.713178 0.0254868 0 -0.047838 0.0112943 -0.998791 0 -0.256382 -0.658658 -0.00701165 1 
0.695578 -0.717242 -0.0414378 0 -0.716845 -0.696718 0.026405 0 -0.0478102 0.011338 -0.998792 0 -0.256532 -0.658591 -0.00701453 1 
0.678724 -0.733247 -0.0407831 0 -0.732829 -0.679852 0.0272517 0 -0.0477096 0.0113909 -0.998796 0 -0.256591 -0.658557 -0.00700161 1 
0.660625 -0.74963 -0.0401136 0 -0.749201 -0.66174 0.0279006 0 -0.0474609 0.0116216 -0.998805 0 -0.256545 -0.658513 -0.00699643 1 
0.642699 -0.765088 -0.0394853 0 -0.764644 -0.643802 0.0286167 0 -0.0473159 0.0118006 -0.99881 0 -0.25645 -0.658506 -0.00699266 1 
0.626723 -0.778248 -0.0391025 0 -0.777801 -0.627823 0.0290513 0 -0.0471595 0.0122072 -0.998813 0 -0.256505 -0.658394 -0.00700043 1 
0.609904 -0.791527 -0.0385155 0 -0.791067 -0.610994 0.0296673 0 -0.0470161 0.0123744 -0.998817 0 -0.256568 -0.658328 -0.00699917 1 
0.591361 -0.80551 -0.0377772 0 -0.805038 -0.592434 0.0302624 0 -0.046758 0.0125163 -0.998828 0 -0.256702 -0.658233 -0.00700216 1 
0.571079 -0.820055 -0.0368618 0 -0.819563 -0.572131 0.0310411 0 -0.0465461 0.0124839 -0.998838 0 -0.25692 -0.658147 -0.00698115 1 
0.548402 -0.835432 -0.0359059 0 -0.834914 -0.549435 0.031945 0 -0.0464167 0.0124599 -0.998844 0 -0.25717 -0.658051 -0.00697565 1 
0.527512 -0.848817 -0.034955 0 -0.848277 -0.528523 0.0327235 0 -0.0462517 0.0123898 -0.998853 0 -0.257325 -0.657998 -0.00695903 1 
0.508258 -0.860519 -0.0340723 0 -0.859954 -0.509251 0.0335261 0 -0.0462021 0.0122609 -0.998857 0 -0.257293 -0.658054 -0.00690454 1 
