0.997968 0.0335869 -0.0539594 0 0.033011 -0.999379 -0.0115287 0 -0.0543141 0.00972423 -0.998477 0 -0.230162 -0.432575 0.544081 1 
0.997969 0.0335744 -0.0539594 0 0.0329984 -0.999379 -0.0115296 0 -0.054314 0.00972581 -0.998477 0 -0.230165 -0.432573 0.54408 1 
0.997968 0.0335816 -0.0539638 0 0.0330056 -0.999379 -0.0115289 0 -0.0543185 0.00972459 -0.998476 0 -0.230162 -0.432575 0.544082 1 
0.997969 0.0335769 -0.0539596 0 0.0330007 -0.999379 -0.0115338 0 -0.0543144 0.00972986 -0.998476 0 -0.230166 -0.432573 0.544079 1 
0.997968 0.0335877 -0.0539585 0 0.0330117 -0.999379 -0.0115293 0 -0.0543133 0.00972485 -0.998477 0 -0.230162 -0.432574 0.544081 1 
0.997969 0.0335853 -0.0539574 0 0.0330093 -0.999379 -0.0115307 0 -0.0543122 0.00972635 -0.998477 0 -0.230163 -0.432574 0.544081 1 
0.997968 0.0335893 -0.0539609 0 0.0330136 -0.999379 -0.0115249 0 -0.0543155 0.00972022 -0.998477 0 -0.230161 -0.432575 0.544083 1 
0.997969 0.0335777 -0.0539605 0 0.0330019 -0.999379 -0.0115266 0 -0.0543151 0.00972259 -0.998477 0 -0.230163 -0.432573 0.544082 1 
0.997969 0.0335759 -0.0539573 0 0.0329998 -0.999379 -0.0115327 0 -0.054312 0.00972888 -0.998477 0 -0.230163 -0.432574 0.544079 1 
0.997969 0.0335754 -0.0539602 0 0.0329996 -0.999379 -0.0115265 0 -0.0543148 0.00972264 -0.998477 0 -0.230164 -0.432574 0.544082 1 
0.997968 0.0335898 -0.0539585 0 0.0330139 -0.999379 -0.0115291 0 -0.0543133 0.00972446 -0.998477 0 -0.230161 -0.432576 0.544081 1 
0.997969 0.0335792 -0.0539588 0 0.0330032 -0.999379 -0.0115308 0 -0.0543135 0.00972677 -0.998477 0 -0.230163 -0.432575 0.54408 1 
0.997968 0.0335874 -0.0539585 0 0.0330115 -0.999379 -0.0115294 0 -0.0543132 0.00972494 -0.998477 0 -0.230161 -0.432576 0.54408 1 
0.997969 0.033581 -0.0539605 0 0.0330051 -0.999379 -0.0115281 0 -0.0543152 0.0097239 -0.998476 0 -0.230163 -0.432574 0.544081 1 
0.997969 0.0335845 -0.0539597 0 0.0330087 -0.999379 -0.011527 0 -0.0543144 0.00972264 -0.998477 0 -0.230163 -0.432574 0.544082 1 
0.997969 0.0335761 -0.0539576 0 0.0330001 -0.999379 -0.0115302 0 -0.0543123 0.00972632 -0.998477 0 -0.230167 -0.432573 0.54408 1 
0.997969 0.0335786 -0.053959 0 0.0330026 -0.999379 -0.011531 0 -0.0543137 0.00972699 -0.998477 0 -0.230163 -0.432574 0.54408 1 
0.997969 0.0335745 -0.0539599 0 0.0329989 -0.999379 -0.0115246 0 -0.0543143 0.00972075 -0.998477 0 -0.230166 -0.432574 0.544083 1 
0.997969 0.0335814 -0.053958 0 0.0330053 -0.999379 -0.0115323 0 -0.0543129 0.00972817 -0.998477 0 -0.230164 -0.432574 0.544079 1 
0.997968 0.0335722 -0.05397 0 0.0329974 -0.99938 -0.0115067 0 -0.0543239 0.0097026 -0.998476 0 -0.230165 -0.432572 0.544092 1 
0.997969 0.0335616 -0.0539624 0 0.032986 -0.99938 -0.0115227 0 -0.0543167 0.0097195 -0.998476 0 -0.23017 -0.432571 0.544084 1 
0.997969 0.0335724 -0.0539598 0 0.0329967 -0.999379 -0.0115252 0 -0.0543143 0.00972152 -0.998477 0 -0.230165 -0.432572 0.544083 1 
0.997969 0.0335791 -0.0539635 0 0.0330034 -0.999379 -0.0115251 0 -0.054318 0.00972094 -0.998476 0 -0.230162 -0.432574 0.544083 1 
0.997971 0.0335244 -0.0539561 0 0.0329486 -0.999381 -0.0115255 0 -0.0543101 0.00972457 -0.998477 0 -0.230187 -0.43256 0.544082 1 
0.997969 0.0335722 -0.0539629 0 0.0329966 -0.999379 -0.0115232 0 -0.0543173 0.00971938 -0.998476 0 -0.230167 -0.432572 0.544084 1 
0.997971 0.0335132 -0.0539552 0 0.0329373 -0.999381 -0.0115283 0 -0.0543092 0.00972795 -0.998477 0 -0.230195 -0.432557 0.54408 1 
0.99797 0.033552 -0.0539463 0 0.0329748 -0.99938 -0.0115545 0 -0.0543016 0.00975238 -0.998477 0 -0.230175 -0.432567 0.544068 1 
0.997971 0.0335566 -0.0539331 0 0.0329784 -0.999379 -0.0115763 0 -0.0542891 0.00977435 -0.998477 0 -0.230172 -0.432566 0.544056 1 
0.997974 0.0334608 -0.0539384 0 0.0328837 -0.999383 -0.011553 0 -0.0542927 0.00975605 -0.998477 0 -0.230217 -0.432544 0.544067 1 
0.997971 0.0335138 -0.0539539 0 0.0329378 -0.999381 -0.0115292 0 -0.0543079 0.0097289 -0.998477 0 -0.230194 -0.432558 0.54408 1 
0.99797 0.0335332 -0.0539551 0 0.0329575 -0.999381 -0.0115243 0 -0.0543092 0.00972284 -0.998477 0 -0.230186 -0.432564 0.544081 1 
0.997968 0.0336223 -0.0539439 0 0.0330453 -0.999377 -0.0115523 0 -0.0542997 0.00974645 -0.998477 0 -0.230145 -0.432585 0.544067 1 
0.997967 0.0335982 -0.0539778 0 0.0330241 -0.999379 -0.011492 0 -0.0543314 0.00968628 -0.998476 0 -0.230155 -0.432585 0.544097 1 
0.997971 0.0335273 -0.0539523 0 0.0329512 -0.999381 -0.0115318 0 -0.0543066 0.00973081 -0.998477 0 -0.23019 -0.43257 0.544074 1 
0.997967 0.033627 -0.0539628 0 0.0330512 -0.999378 -0.0115262 0 -0.0543179 0.00971942 -0.998476 0 -0.230151 -0.432596 0.544075 1 
0.997848 0.0338544 -0.0559884 0 0.0334617 -0.999399 -0.00793623 0 -0.0562245 0.00604579 -0.9984 0 -0.230375 -0.433397 0.54487 1 
0.997675 0.0335808 -0.059135 0 0.0335133 -0.999426 -0.00213216 0 -0.0591738 0.000145399 -0.998248 0 -0.230851 -0.434303 0.54689 1 
0.997541 0.033113 -0.0616059 0 0.0333258 -0.999432 0.00242945 0 -0.0614916 -0.00447663 -0.998098 0 -0.231187 -0.434796 0.549291 1 
0.997427 0.0325023 -0.0637525 0 0.032977 -0.999426 0.00640684 0 -0.0635089 -0.00849288 -0.997945 0 -0.231442 -0.435254 0.551427 1 
0.997382 0.0309711 -0.0651979 0 0.0316319 -0.999448 0.00912734 0 -0.0648805 -0.011166 -0.997831 0 -0.231881 -0.435649 0.552821 1 
0.997435 0.0283738 -0.0655659 0 0.0290784 -0.999519 0.00981704 0 -0.0652571 -0.0116986 -0.9978 0 -0.232763 -0.435933 0.552917 1 
0.99762 0.0228593 -0.0648964 0 0.0234725 -0.999677 0.00870242 0 -0.0646778 -0.0102052 -0.997854 0 -0.234471 -0.436102 0.551676 1 
0.997891 0.0156455 -0.0628419 0 0.0159876 -0.99985 0.00494493 0 -0.0627563 -0.00593931 -0.998011 0 -0.236975 -0.436426 0.548979 1 
0.998141 0.0106179 -0.0598463 0 0.0105888 -0.999934 -0.00080339 0 -0.059852 0.000168199 -0.998207 0 -0.239499 -0.436942 0.545486 1 
0.998361 0.00682854 -0.0566573 0 0.00643912 -0.999945 -0.00705298 0 -0.0567035 0.00667673 -0.998369 0 -0.24225 -0.437931 0.54129 1 
0.998519 0.00344826 -0.0541219 0 0.00279484 -0.999913 -0.012144 0 -0.0541601 0.011975 -0.99846 0 -0.245606 -0.440151 0.536061 1 
0.998483 0.000553679 -0.0548843 0 -5.14978e-05 -0.99993 -0.0110243 0 -0.0548876 0.0110106 -0.998432 0 -0.249474 -0.443816 0.531319 1 
0.998274 -0.0020765 -0.0585326 0 -0.00234622 -0.999977 -0.00453963 0 -0.0585229 0.00466921 -0.998275 0 -0.254283 -0.449393 0.526122 1 
0.997836 -0.0047575 -0.065427 0 -0.00424176 -0.999949 0.00801926 0 -0.0654631 -0.00772453 -0.997825 0 -0.259753 -0.456163 0.521578 1 
0.997265 -0.00731394 -0.0734192 0 -0.00566685 -0.999719 0.0226171 0 -0.0735654 -0.0221396 -0.997045 0 -0.265625 -0.46377 0.516566 1 
0.996534 -0.0100032 -0.0824699 0 -0.00678717 -0.999199 0.0391846 0 -0.0827974 -0.0384898 -0.995823 0 -0.271669 -0.47163 0.511842 1 
0.995759 -0.0132169 -0.0909386 0 -0.00825349 -0.998457 0.0547402 0 -0.0915235 -0.0537585 -0.994351 0 -0.278172 -0.479664 0.506111 1 
0.995168 -0.0163977 -0.0967135 0 -0.0100923 -0.997803 0.065329 0 -0.0975741 -0.0640384 -0.993166 0 -0.284176 -0.486641 0.499559 1 
0.994735 -0.0204956 -0.100317 0 -0.0132728 -0.997296 0.0721439 0 -0.101526 -0.0704339 -0.992336 0 -0.289761 -0.492706 0.492562 1 
0.994599 -0.0268447 -0.100163 0 -0.019619 -0.99717 0.0724395 0 -0.101826 -0.0700845 -0.99233 0 -0.294852 -0.497613 0.48431 1 
0.994703 -0.0364647 -0.0960008 0 -0.0302057 -0.997362 0.0658625 0 -0.0981511 -0.0626151 -0.9932 0 -0.299281 -0.50128 0.474923 1 
0.994887 -0.0466619 -0.0894652 0 -0.0418847 -0.997622 0.0545506 0 -0.0917997 -0.0505255 -0.994495 0 -0.303018 -0.503943 0.465259 1 
0.995149 -0.0541041 -0.0820476 0 -0.05091 -0.997871 0.0405359 0 -0.0840677 -0.0361629 -0.995804 0 -0.306542 -0.506406 0.455138 1 
0.995406 -0.058624 -0.0755717 0 -0.0566716 -0.997998 0.0277267 0 -0.0770474 -0.023317 -0.996755 0 -0.30973 -0.508943 0.445823 1 
0.99555 -0.0633819 -0.0696032 0 -0.0624308 -0.997915 0.015759 0 -0.0704583 -0.0113437 -0.99745 0 -0.312821 -0.511912 0.436775 1 
0.995598 -0.0683955 -0.0639308 0 -0.0682688 -0.997649 0.00416584 0 -0.0640666 0.000216977 -0.997946 0 -0.316104 -0.51534 0.427632 1 
0.995766 -0.070448 -0.0588854 0 -0.0709519 -0.997449 -0.0065078 0 -0.0582778 0.0106585 -0.998244 0 -0.319251 -0.518801 0.419016 1 
0.995956 -0.0715839 -0.0541202 0 -0.0725805 -0.997213 -0.0166763 0 -0.0527766 0.0205373 -0.998395 0 -0.322558 -0.522442 0.410466 1 
0.99614 -0.0722275 -0.0496942 0 -0.0735903 -0.996936 -0.0261601 0 -0.0476534 0.0297167 -0.998422 0 -0.32565 -0.526268 0.401892 1 
0.99631 -0.0722351 -0.0461434 0 -0.0738281 -0.996688 -0.0338017 0 -0.0435498 0.0370843 -0.998363 0 -0.328454 -0.530446 0.39368 1 
0.996463 -0.0714176 -0.0440705 0 -0.0731205 -0.996577 -0.0383177 0 -0.0411839 0.0414054 -0.998293 0 -0.331114 -0.535365 0.385579 1 
0.996555 -0.0698646 -0.0444736 0 -0.071559 -0.996713 -0.0377206 0 -0.0416929 0.0407739 -0.998298 0 -0.333977 -0.54149 0.377631 1 
0.996569 -0.0679986 -0.0469875 0 -0.0695765 -0.997028 -0.0328008 0 -0.0446183 0.0359582 -0.998357 0 -0.336947 -0.548167 0.370086 1 
0.996494 -0.0662084 -0.0509625 0 -0.0675468 -0.997393 -0.0250009 0 -0.0491753 0.0283562 -0.998388 0 -0.34015 -0.55509 0.362544 1 
0.996377 -0.0647317 -0.0549852 0 -0.0657583 -0.99768 -0.0170686 0 -0.0537538 0.0206229 -0.998341 0 -0.343462 -0.56178 0.354446 1 
0.996287 -0.0635178 -0.0579564 0 -0.064257 -0.997863 -0.0109782 0 -0.0571363 0.0146618 -0.998259 0 -0.346434 -0.567647 0.345835 1 
0.996262 -0.0624238 -0.0595543 0 -0.0629868 -0.997976 -0.00762198 0 -0.0589591 0.0113448 -0.998196 0 -0.348982 -0.572633 0.336772 1 
0.996291 -0.0617879 -0.0597268 0 -0.0623207 -0.998021 -0.00709807 0 -0.0591712 0.0107942 -0.998189 0 -0.351082 -0.576903 0.326914 1 
0.996386 -0.061652 -0.0582709 0 -0.0623273 -0.997998 -0.00984104 0 -0.0575486 0.0134376 -0.998252 0 -0.352503 -0.580201 0.316947 1 
0.996408 -0.0636393 -0.0556955 0 -0.0645533 -0.997795 -0.0147646 0 -0.0546342 0.0183073 -0.998339 0 -0.353279 -0.582912 0.306647 1 
0.996316 -0.0674952 -0.052726 0 -0.0686591 -0.997418 -0.0205819 0 -0.0512017 0.0241267 -0.998397 0 -0.353428 -0.585656 0.295928 1 
0.99626 -0.0705056 -0.0497663 0 -0.0718942 -0.997046 -0.026685 0 -0.0477388 0.0301637 -0.998404 0 -0.352775 -0.588397 0.286025 1 
0.996372 -0.0705878 -0.0473411 0 -0.0721341 -0.996879 -0.031788 0 -0.0449504 0.0350883 -0.998373 0 -0.351632 -0.59146 0.276554 1 
0.996615 -0.0693012 -0.043999 0 -0.0710277 -0.996703 -0.0389672 0 -0.0411542 0.0419612 -0.998271 0 -0.349859 -0.594386 0.266422 1 
0.996798 -0.0682967 -0.0413482 0 -0.0701342 -0.996524 -0.0447517 0 -0.0381488 0.0475093 -0.998142 0 -0.347768 -0.597558 0.25672 1 
0.996805 -0.0683148 -0.0411597 0 -0.0701646 -0.996496 -0.0453115 0 -0.0379207 0.0480556 -0.998125 0 -0.345817 -0.601571 0.248087 1 
0.997034 -0.064505 -0.0417492 0 -0.0663383 -0.996811 -0.044126 0 -0.0387705 0.0467656 -0.998153 0 -0.343584 -0.60614 0.238884 1 
0.997281 -0.0592586 -0.0435773 0 -0.061005 -0.99733 -0.039902 0 -0.0410972 0.0424528 -0.998253 0 -0.341338 -0.611146 0.230394 1 
0.997287 -0.0567223 -0.046712 0 -0.058278 -0.997757 -0.032642 0 -0.0447565 0.0352764 -0.998375 0 -0.339306 -0.616422 0.222505 1 
0.997056 -0.0582087 -0.0497183 0 -0.0595454 -0.997881 -0.0258403 0 -0.0481097 0.0287252 -0.998429 0 -0.337235 -0.621529 0.213565 1 
0.996777 -0.0610748 -0.051831 0 -0.0622352 -0.997829 -0.0210764 0 -0.0504322 0.0242346 -0.998433 0 -0.335068 -0.625639 0.205237 1 
0.996547 -0.0646465 -0.0519287 0 -0.0658115 -0.9976 -0.0210453 0 -0.0504446 0.0243906 -0.998429 0 -0.332402 -0.628442 0.196441 1 
0.996337 -0.0688614 -0.0505123 0 -0.0701838 -0.997214 -0.0248896 0 -0.0486585 0.0283441 -0.998413 0 -0.329324 -0.630194 0.186837 1 
0.996149 -0.0734656 -0.0476579 0 -0.0750667 -0.996632 -0.0327215 0 -0.0450944 0.0361737 -0.998328 0 -0.32604 -0.630793 0.177502 1 
0.996048 -0.077471 -0.0432152 0 -0.0793934 -0.995831 -0.0446962 0 -0.0395731 0.0479515 -0.998065 0 -0.322487 -0.630379 0.167532 1 
0.996085 -0.0792616 -0.0388868 0 -0.0813845 -0.995074 -0.0564377 0 -0.0342226 0.0593827 -0.997648 0 -0.318748 -0.630077 0.158072 1 
0.996136 -0.0804027 -0.0350643 0 -0.0826209 -0.994301 -0.0672244 0 -0.02946 0.069863 -0.997121 0 -0.31509 -0.630001 0.149158 1 
0.996252 -0.0800941 -0.0323763 0 -0.0823383 -0.99375 -0.0752466 0 -0.0261477 0.0776318 -0.996639 0 -0.311419 -0.630851 0.141864 1 
0.996472 -0.0783819 -0.0296592 0 -0.0806141 -0.993226 -0.0835756 0 -0.0229079 0.0856734 -0.99606 0 -0.307365 -0.631944 0.134078 1 
0.996823 -0.0745589 -0.0276762 0 -0.0767615 -0.993004 -0.0896186 0 -0.0208011 0.0914601 -0.995591 0 -0.303626 -0.633436 0.12794 1 
0.997237 -0.0696927 -0.0253582 0 -0.071828 -0.992746 -0.0963151 0 -0.0184621 0.0978723 -0.995028 0 -0.299817 -0.634692 0.12126 1 
0.997679 -0.0636091 -0.023907 0 -0.0656999 -0.992777 -0.100294 0 -0.0173551 0.101633 -0.994671 0 -0.296043 -0.636507 0.115637 1 
0.998074 -0.0573401 -0.0232709 0 -0.0594225 -0.993023 -0.101759 0 -0.017274 0.102947 -0.994537 0 -0.292382 -0.638625 0.109902 1 
0.998399 -0.0510842 -0.0238948 0 -0.0532184 -0.993613 -0.0994074 0 -0.0186644 0.100522 -0.99476 0 -0.288973 -0.641255 0.105102 1 
0.998692 -0.0442417 -0.0252539 0 -0.0464468 -0.994412 -0.0947013 0 -0.0209234 0.0957522 -0.995185 0 -0.285319 -0.644221 0.0996598 1 
0.998867 -0.039054 -0.026848 0 -0.0413053 -0.99515 -0.0891637 0 -0.023236 0.0901733 -0.995655 0 -0.282639 -0.646531 0.0947295 1 
0.999009 -0.0346926 -0.0275521 0 -0.0369541 -0.995572 -0.0863259 0 -0.0244357 0.0872602 -0.995886 0 -0.280196 -0.648077 0.0901309 1 
0.999154 -0.0309435 -0.0267413 0 -0.0331871 -0.995559 -0.0879893 0 -0.0239003 0.088804 -0.995762 0 -0.277702 -0.648464 0.085063 1 
0.999311 -0.0277229 -0.0243018 0 -0.0299008 -0.995077 -0.0943897 0 -0.0215659 0.0950531 -0.995239 0 -0.275082 -0.647671 0.0795684 1 
0.999439 -0.0243667 -0.0225694 0 -0.0264856 -0.994734 -0.0989098 0 -0.0200409 0.099454 -0.99484 0 -0.272561 -0.647303 0.0747991 1 
0.999541 -0.0203224 -0.0220524 0 -0.0224276 -0.994741 -0.0998421 0 -0.0199078 0.100293 -0.994759 0 -0.269938 -0.647858 0.0706855 1 
0.999598 -0.015778 -0.0231506 0 -0.0179351 -0.995197 -0.0961376 0 -0.021523 0.096516 -0.995099 0 -0.267424 -0.649487 0.0670952 1 
0.999623 -0.0103713 -0.0250387 0 -0.0126063 -0.995778 -0.0908234 0 -0.0239915 0.0911065 -0.995552 0 -0.264832 -0.651506 0.0637339 1 
0.999597 -0.00496636 -0.0275954 0 -0.00725223 -0.996483 -0.0833622 0 -0.0270849 0.0835304 -0.996137 0 -0.262155 -0.654008 0.0608768 1 
0.999526 0.00024904 -0.0304626 0 -0.00204277 -0.997158 -0.0751787 0 -0.0303953 0.0752068 -0.996705 0 -0.259617 -0.656493 0.0583948 1 
0.999433 0.00508482 -0.0329999 0 0.0028305 -0.997671 -0.0680027 0 -0.0332694 0.0678721 -0.997139 0 -0.257222 -0.658701 0.0560691 1 
0.999347 0.0094096 -0.0346026 0 0.00721221 -0.997972 -0.0630883 0 -0.0351267 0.0627988 -0.997408 0 -0.254828 -0.660406 0.0535637 1 
0.999278 0.0130311 -0.035406 0 0.0108794 -0.998111 -0.0602996 0 -0.0361256 0.059872 -0.997552 0 -0.252642 -0.661503 0.0512498 1 
0.999201 0.0164675 -0.0361611 0 0.0143665 -0.998226 -0.0576125 0 -0.0370464 0.0570481 -0.997684 0 -0.250514 -0.662565 0.0492862 1 
0.999145 0.019844 -0.0359977 0 0.0177393 -0.998157 -0.0578731 0 -0.0370805 0.0571861 -0.997675 0 -0.248201 -0.663045 0.0478392 1 
0.999095 0.0229594 -0.0355481 0 0.0208325 -0.998026 -0.0590863 0 -0.0368352 0.0582934 -0.99762 0 -0.246001 -0.663387 0.0470566 1 
0.999039 0.0253981 -0.035438 0 0.0232553 -0.99794 -0.0596217 0 -0.03688 0.0587414 -0.997592 0 -0.244059 -0.663856 0.0468068 1 
0.998969 0.0278588 -0.0355826 0 0.0257127 -0.997893 -0.0594088 0 -0.0371634 0.0584338 -0.997599 0 -0.242459 -0.66452 0.0469127 1 
0.998924 0.029128 -0.0358112 0 0.0269899 -0.997895 -0.0588054 0 -0.0374494 0.0577767 -0.997627 0 -0.241226 -0.665115 0.047044 1 
0.998954 0.027753 -0.0360841 0 0.0256166 -0.997956 -0.0583785 0 -0.0376313 0.0573942 -0.997642 0 -0.240274 -0.665524 0.0470315 1 
0.998997 0.0252238 -0.0367274 0 0.0231077 -0.9981 -0.0569408 0 -0.0380946 0.0560361 -0.997702 0 -0.23963 -0.666013 0.0470604 1 
0.999014 0.0233449 -0.0374941 0 0.0212686 -0.998258 -0.0548527 0 -0.03871 0.0540022 -0.99779 0 -0.239478 -0.666393 0.0470109 1 
0.999008 0.0217852 -0.0385845 0 0.0197659 -0.998444 -0.0519633 0 -0.0396572 0.0511501 -0.997903 0 -0.239878 -0.666682 0.0468496 1 
0.999 0.0184351 -0.0404894 0 0.0165552 -0.998782 -0.0462834 0 -0.0412941 0.0455677 -0.998107 0 -0.241037 -0.667265 0.0468625 1 
0.99897 0.0143011 -0.0428337 0 0.0126304 -0.999149 -0.0390232 0 -0.0433562 0.0384427 -0.99832 0 -0.242791 -0.667975 0.0469563 1 
0.998879 0.0115486 -0.0456901 0 0.0101855 -0.99949 -0.0299546 0 -0.0460136 0.0294563 -0.998506 0 -0.245129 -0.668765 0.047039 1 
0.998835 0.00776958 -0.0474169 0 0.00662519 -0.999674 -0.0242441 0 -0.0475908 0.0239022 -0.998581 0 -0.247921 -0.66856 0.0468188 1 
0.998871 0.00364936 -0.0471631 0 0.00248789 -0.999683 -0.0246616 0 -0.0472391 0.0245169 -0.998583 0 -0.250523 -0.667007 0.0460891 1 
0.998914 -0.000289862 -0.0463935 0 -0.00152096 -0.999638 -0.0265027 0 -0.0463699 0.0265449 -0.998572 0 -0.252881 -0.665212 0.045254 1 
0.998939 -0.00364609 -0.0457027 0 -0.00494284 -0.999578 -0.0282925 0 -0.0455811 0.0284889 -0.998554 0 -0.254865 -0.663576 0.0444598 1 
0.998946 -0.00626599 -0.045251 0 -0.00760241 -0.999529 -0.0294219 0 -0.0450462 0.0297355 -0.998542 0 -0.256447 -0.662413 0.0439492 1 
0.998951 -0.00750509 -0.0449604 0 -0.00886612 -0.999496 -0.0301488 0 -0.0447124 0.0305164 -0.998534 0 -0.257164 -0.661775 0.0436234 1 
0.998959 -0.00770365 -0.0447461 0 -0.0090865 -0.999475 -0.0307834 0 -0.0444863 0.0311585 -0.998524 0 -0.257227 -0.661448 0.0433383 1 
0.998976 -0.00726799 -0.0444402 0 -0.00867663 -0.999454 -0.0315869 0 -0.0441872 0.0319408 -0.998513 0 -0.256843 -0.661209 0.0429688 1 
0.998999 -0.0066691 -0.0440193 0 -0.00811519 -0.999421 -0.0327545 0 -0.0437762 0.0330795 -0.998494 0 -0.256293 -0.660854 0.0424397 1 
0.999024 -0.00600727 -0.0435417 0 -0.00749356 -0.999382 -0.0340522 0 -0.043311 0.0343459 -0.998471 0 -0.255701 -0.66046 0.041739 1 
0.999048 -0.00543252 -0.0430551 0 -0.00695373 -0.999344 -0.0352606 0 -0.0428362 0.0355272 -0.99845 0 -0.255147 -0.660015 0.0409115 1 
0.999054 -0.00471298 -0.0429997 0 -0.00622479 -0.999355 -0.0350924 0 -0.0428074 0.0353275 -0.998459 0 -0.254604 -0.659935 0.0400552 1 
0.999047 -0.00390063 -0.0432459 0 -0.00537597 -0.999396 -0.0340511 0 -0.0430878 0.0342518 -0.998484 0 -0.254104 -0.66016 0.0391953 1 
0.999022 -0.0030495 -0.0438992 0 -0.00444619 -0.999476 -0.031753 0 -0.0437802 0.0319177 -0.998531 0 -0.253684 -0.660735 0.0384675 1 
0.998973 -0.00210167 -0.0450455 0 -0.00334814 -0.999603 -0.0276135 0 -0.0449705 0.0277364 -0.998603 0 -0.253296 -0.661702 0.0377825 1 
0.998869 -0.00109849 -0.0473355 0 -0.00205503 -0.999785 -0.0201635 0 -0.0473041 0.0202384 -0.998675 0 -0.253126 -0.66333 0.0371208 1 
0.998814 -0.00045362 -0.048484 0 -0.00124696 -0.999856 -0.0163337 0 -0.0484705 0.0163751 -0.99869 0 -0.252936 -0.664136 0.0363357 1 
0.99883 -4.07672e-05 -0.048152 0 -0.000862126 -0.999845 -0.0170368 0 -0.0481448 0.0170587 -0.998695 0 -0.252581 -0.663956 0.0353299 1 
0.998853 0.000372541 -0.0476697 0 -0.000501783 -0.999822 -0.0183278 0 -0.047669 0.0183311 -0.998695 0 -0.2522 -0.663661 0.0343504 1 
0.998874 0.000830201 -0.0472297 0 -9.03811e-05 -0.9998 -0.0194859 0 -0.0472374 0.0194686 -0.998694 0 -0.251791 -0.66342 0.0334641 1 
0.99889 0.00126983 -0.0468756 0 0.000310468 -0.999781 -0.0204675 0 -0.0468922 0.0204307 -0.998691 0 -0.25143 -0.663222 0.0327201 1 
0.998901 0.00153965 -0.0466394 0 0.000553771 -0.999767 -0.0211437 0 -0.046662 0.0210951 -0.998688 0 -0.251198 -0.663078 0.0322113 1 
0.998909 0.00153969 -0.0464677 0 0.000531483 -0.999755 -0.0217012 0 -0.0464906 0.0216532 -0.998684 0 -0.251168 -0.662901 0.0318008 1 
0.998918 0.00146511 -0.0462712 0 0.000432835 -0.999741 -0.0223111 0 -0.0462928 0.0222674 -0.99868 0 -0.251178 -0.662682 0.0313723 1 
0.998932 0.0013997 -0.0459777 0 0.000335785 -0.999723 -0.0231392 0 -0.0459982 0.0230994 -0.998674 0 -0.251155 -0.662402 0.0307571 1 
0.99895 0.00143395 -0.0455722 0 0.000324874 -0.999694 -0.0243346 0 -0.0455941 0.0242947 -0.998665 0 -0.251055 -0.662016 0.0298983 1 
0.998973 0.00140399 -0.0450764 0 0.000243904 -0.999659 -0.0257311 0 -0.045098 0.0256941 -0.998652 0 -0.250959 -0.661538 0.0289186 1 
0.998992 0.0012873 -0.0446524 0 8.0194e-05 -0.999625 -0.0270244 0 -0.0446713 0.0269941 -0.998637 0 -0.250937 -0.661071 0.0280211 1 
0.999005 0.00107455 -0.0443619 0 -0.000164759 -0.9996 -0.0279229 0 -0.044375 0.027903 -0.998625 0 -0.251036 -0.660724 0.0273499 1 
0.999013 0.000740892 -0.0442001 0 -0.00051669 -0.999586 -0.0284335 0 -0.0442037 0.0284288 -0.998618 0 -0.251239 -0.660469 0.0269498 1 
0.999012 0.000310043 -0.0442205 0 -0.000945553 -0.999587 -0.02837 0 -0.0442119 0.0283843 -0.998619 0 -0.251541 -0.660341 0.0267792 1 
0.998999 -0.000138616 -0.0445259 0 -0.00136078 -0.999613 -0.027419 0 -0.0445057 0.0274527 -0.998632 0 -0.251908 -0.660409 0.0267546 1 
0.998976 -0.000571711 -0.0450177 0 -0.00173793 -0.999654 -0.0258706 0 -0.0449882 0.0259229 -0.998651 0 -0.252296 -0.660604 0.026748 1 
0.998951 -0.000858281 -0.0455759 0 -0.00195624 -0.999699 -0.0240515 0 -0.0455424 0.0241159 -0.998671 0 -0.25261 -0.66087 0.0266487 1 
0.998904 -0.000935602 -0.0465896 0 -0.00190523 -0.999773 -0.0207718 0 -0.0465605 0.0208382 -0.998698 0 -0.252866 -0.661464 0.0265244 1 
0.998856 -0.000881996 -0.0476081 0 -0.00171473 -0.999837 -0.0174533 0 -0.0475859 0.0175153 -0.998714 0 -0.253041 -0.66209 0.0262959 1 
0.998828 -0.000905566 -0.0481998 0 -0.00165238 -0.99987 -0.0154563 0 -0.0481805 0.0155182 -0.998718 0 -0.25317 -0.662401 0.025837 1 
0.998838 -0.001045 -0.0479819 0 -0.00181483 -0.999861 -0.0160034 0 -0.0479594 0.0160722 -0.99872 0 -0.25321 -0.66213 0.0251241 1 
0.998853 -0.0010745 -0.0476614 0 -0.00188073 -0.999846 -0.0168738 0 -0.0476368 0.0169444 -0.998721 0 -0.253137 -0.661801 0.0245632 1 
0.99886 -0.00105366 -0.0475149 0 -0.00187571 -0.99984 -0.0172594 0 -0.04749 0.0173292 -0.998721 0 -0.253088 -0.661658 0.0242508 1 
0.998861 -0.00111814 -0.0475022 0 -0.00194246 -0.999839 -0.0173105 0 -0.0474761 0.0173834 -0.998721 0 -0.253129 -0.661614 0.0241518 1 
0.998861 -0.00134938 -0.0474847 0 -0.00217686 -0.999837 -0.0173788 0 -0.0474544 0.0174627 -0.998721 0 -0.253278 -0.661519 0.0240321 1 
0.99886 -0.00158325 -0.0475078 0 -0.0024067 -0.999838 -0.0172806 0 -0.0474736 0.0173756 -0.998721 0 -0.253437 -0.66145 0.0238575 1 
0.998848 -0.00179079 -0.04775 0 -0.00258011 -0.999851 -0.0164736 0 -0.0477143 0.0165781 -0.998723 0 -0.253621 -0.661501 0.0235465 1 
0.998814 -0.00202111 -0.0484518 0 -0.00270934 -0.999887 -0.0141429 0 -0.0484187 0.0142576 -0.998725 0 -0.253916 -0.661805 0.0230071 1 
0.998746 -0.00223566 -0.0498204 0 -0.00271463 -0.999941 -0.00954837 0 -0.0497971 0.00967182 -0.998713 0 -0.254317 -0.662489 0.0221458 1 
0.998673 -0.0023731 -0.051261 0 -0.00261582 -0.999976 -0.00466827 0 -0.0512497 0.00479626 -0.998674 0 -0.254678 -0.663207 0.0210181 1 
0.998606 -0.00241894 -0.0525456 0 -0.00243387 -0.999987 -0.00022012 0 -0.0525454 0.000347709 -0.998618 0 -0.254932 -0.663889 0.0199698 1 
0.99852 -0.00236152 -0.0541535 0 -0.00209761 -0.999976 0.00492967 0 -0.0541649 -0.00480888 -0.99852 0 -0.25521 -0.665009 0.0205031 1 
0.998521 -0.00246144 -0.0541397 0 -0.00220278 -0.999976 0.00483664 0 -0.0541514 -0.00471032 -0.998522 0 -0.255266 -0.664936 0.0204519 1 
0.998533 -0.00250855 -0.0539135 0 -0.00228305 -0.999979 0.00424375 0 -0.0539241 -0.00411451 -0.998537 0 -0.255221 -0.664656 0.0201987 1 
0.998536 -0.00235467 -0.0538551 0 -0.00213115 -0.999979 0.00420737 0 -0.053865 -0.00408652 -0.99854 0 -0.255092 -0.664647 0.0202975 1 
0.998551 -0.00206537 -0.0536022 0 -0.00187694 -0.999982 0.00356545 0 -0.0536096 -0.00345974 -0.998556 0 -0.2548 -0.664415 0.0202904 1 
0.998565 -0.00170134 -0.0533505 0 -0.00154856 -0.999985 0.00290497 0 -0.0533557 -0.00281824 -0.998572 0 -0.254426 -0.664121 0.0203383 1 
0.998569 -0.00162577 -0.0532647 0 -0.00149016 -0.999986 0.00258561 0 -0.0532692 -0.00250259 -0.998577 0 -0.254302 -0.663835 0.0206065 1 
0.998571 -0.00136331 -0.0532523 0 -0.00124625 -0.999987 0.00223119 0 -0.0532557 -0.00216168 -0.998579 0 -0.254517 -0.663394 0.0210898 1 
0.998565 -0.0014822 -0.0533593 0 -0.00134837 -0.999986 0.00254388 0 -0.0533634 -0.00246832 -0.998572 0 -0.255073 -0.663021 0.0219766 1 
0.998553 -0.00207191 -0.0535514 0 -0.00191406 -0.999984 0.00299859 0 -0.0535578 -0.00289181 -0.998561 0 -0.255733 -0.662631 0.0230279 1 
0.998549 -0.00229252 -0.053616 0 -0.00212412 -0.999983 0.00319763 0 -0.0536235 -0.00307916 -0.998556 0 -0.256372 -0.662106 0.0239963 1 
0.998566 -0.00157253 -0.0533242 0 -0.00144469 -0.999986 0.00243588 0 -0.0533284 -0.0023554 -0.998574 0 -0.256582 -0.661259 0.0245772 1 
0.998602 -0.00109691 -0.0526554 0 -0.00106154 -0.99999 0.000699655 0 -0.0526566 -0.000642794 -0.998612 0 -0.256263 -0.660095 0.0247223 1 
0.998647 -0.000842766 -0.0518062 0 -0.000907738 -0.999989 -0.0012306 0 -0.0518056 0.00127599 -0.998656 0 -0.255698 -0.659045 0.0244235 1 
0.998679 -0.000475029 -0.0512015 0 -0.000618386 -0.999986 -0.00278403 0 -0.0512004 0.00281207 -0.998684 0 -0.255201 -0.658348 0.0239414 1 
0.998697 -6.14685e-05 -0.0508452 0 -0.000248697 -0.999984 -0.00367596 0 -0.0508451 0.00368389 -0.9987 0 -0.254807 -0.658064 0.0234785 1 
0.998701 0.000125824 -0.0507579 0 -7.27216e-05 -0.999983 -0.00390972 0 -0.0507585 0.0039084 -0.998703 0 -0.254652 -0.658008 0.0233521 1 
0.9987 9.27894e-06 -0.0507765 0 -0.000190747 -0.999983 -0.00393445 0 -0.0507767 0.0039391 -0.998702 0 -0.254731 -0.657969 0.0233244 1 
0.998702 -0.000322981 -0.0507483 0 -0.000528244 -0.999982 -0.00403132 0 -0.0507471 0.00405297 -0.998703 0 -0.254942 -0.657852 0.0232395 1 
0.998702 -0.000817543 -0.0507367 0 -0.00102087 -0.999982 -0.00398171 0 -0.0507335 0.00402842 -0.998704 0 -0.255231 -0.657719 0.0230566 1 
0.998709 -0.00131022 -0.0505962 0 -0.00152496 -0.99998 -0.00420585 0 -0.0505906 0.00427766 -0.99871 0 -0.255404 -0.657551 0.0227297 1 
0.998717 -0.00273889 -0.0503694 0 -0.00295978 -0.999977 -0.0043113 0 -0.0503574 0.00445493 -0.998721 0 -0.255346 -0.657479 0.0224202 1 
0.998727 -0.00400901 -0.0500917 0 -0.0042318 -0.999972 -0.00434239 0 -0.0500739 0.00454892 -0.998735 0 -0.255103 -0.65752 0.022179 1 
0.998734 -0.00604925 -0.0497394 0 -0.0062564 -0.999963 -0.00401005 0 -0.0497142 0.00431625 -0.998754 0 -0.254742 -0.657724 0.0220957 1 
0.998744 -0.00871491 -0.0491468 0 -0.00888341 -0.999946 -0.00321126 0 -0.0491171 0.00364389 -0.998786 0 -0.254482 -0.658018 0.022249 1 
0.998712 -0.0119535 -0.0491079 0 -0.0120769 -0.999915 -0.00221703 0 -0.0490781 0.0028073 -0.998791 0 -0.254514 -0.658366 0.0225678 1 
0.998683 -0.0134562 -0.049322 0 -0.0135536 -0.999897 -0.0016396 0 -0.0492959 0.00230598 -0.998782 0 -0.254793 -0.65852 0.0227972 1 
0.998656 -0.0148933 -0.0494447 0 -0.0149705 -0.999878 -0.00119065 0 -0.0494218 0.0019293 -0.998776 0 -0.255018 -0.658627 0.0229635 1 
0.998657 -0.0149741 -0.0493954 0 -0.0150509 -0.999876 -0.00118396 0 -0.0493725 0.00192586 -0.998779 0 -0.254947 -0.658647 0.0229442 1 
0.998645 -0.0160268 -0.0493159 0 -0.0160755 -0.999861 -0.000591775 0 -0.0493005 0.00138378 -0.998783 0 -0.254721 -0.658862 0.0230066 1 
0.998597 -0.0181408 -0.0495521 0 -0.0181376 -0.999826 0.000515603 0 -0.0495537 0.000383881 -0.998771 0 -0.254399 -0.659253 0.023146 1 
0.998512 -0.0208725 -0.0501872 0 -0.0207608 -0.999771 0.00274584 0 -0.050234 -0.00169986 -0.998736 0 -0.254309 -0.659855 0.0234292 1 
0.998468 -0.020857 -0.0510647 0 -0.0205973 -0.999763 0.00560723 0 -0.0511705 -0.00454693 -0.99868 0 -0.254383 -0.660546 0.0237303 1 
0.998423 -0.020594 -0.0520363 0 -0.020198 -0.999753 0.00812468 0 -0.0521918 -0.00706097 -0.998612 0 -0.25461 -0.66107 0.0239368 1 
0.998431 -0.0180053 -0.0528384 0 -0.0176043 -0.999803 0.00804339 0 -0.0529739 -0.00710073 -0.998571 0 -0.254817 -0.661017 0.023783 1 
0.998495 -0.0122421 -0.053276 0 -0.0118984 -0.999897 0.00676398 0 -0.0533543 -0.00612002 -0.998557 0 -0.254839 -0.660703 0.0232952 1 
0.998553 -0.00643476 -0.0532145 0 -0.00615096 -0.999956 0.00549513 0 -0.0532485 -0.00515996 -0.998568 0 -0.254647 -0.660437 0.0226711 1 
0.998592 -0.000863034 -0.0528609 0 -0.000640843 -0.999981 0.00422009 0 -0.0528646 -0.00418035 -0.998593 0 -0.254339 -0.660172 0.0219758 1 
0.998606 0.00172323 -0.0525673 0 0.00189944 -0.999983 0.00330226 0 -0.0525618 -0.00339757 -0.998612 0 -0.254062 -0.659995 0.0213652 1 
0.998614 0.00202171 -0.0524142 0 0.00217339 -0.999984 0.00283699 0 -0.0524086 -0.00294703 -0.998621 0 -0.25396 -0.659874 0.0210172 1 
0.998613 0.00241301 -0.0524058 0 0.00256264 -0.999983 0.00278817 0 -0.0523992 -0.00291866 -0.998622 0 -0.253955 -0.659869 0.0209801 1 
0.998608 0.00303709 -0.052468 0 0.00319077 -0.999981 0.00284547 0 -0.0524594 -0.00300898 -0.998619 0 -0.253994 -0.6599 0.0210313 1 
0.998603 0.00387225 -0.052508 0 0.00403014 -0.999978 0.00290143 0 -0.0524967 -0.00310905 -0.998616 0 -0.25401 -0.659944 0.0210636 1 
0.9986 0.00395746 -0.0525673 0 0.00412561 -0.999977 0.00309055 0 -0.0525549 -0.00330316 -0.998613 0 -0.254006 -0.660039 0.0211395 1 
0.998597 0.00387225 -0.0526341 0 0.00404875 -0.999977 0.00324704 0 -0.0526213 -0.00345566 -0.998609 0 -0.254078 -0.660089 0.0212054 1 
0.998598 0.00353374 -0.0526252 0 0.00371488 -0.999978 0.00334461 0 -0.0526133 -0.00353549 -0.998609 0 -0.254227 -0.660072 0.0212367 1 
0.998611 0.00217353 -0.0524541 0 0.00235565 -0.999982 0.00341043 0 -0.0524468 -0.00352932 -0.998617 0 -0.254503 -0.659955 0.0212029 1 
0.998626 -0.000730136 -0.0522153 0 -0.000534212 -0.999983 0.00376604 0 -0.0522182 -0.00373305 -0.998629 0 -0.254759 -0.659923 0.021256 1 
0.998636 -0.00431794 -0.0518407 0 -0.00410634 -0.999973 0.00418739 0 -0.0518584 -0.00396888 -0.998647 0 -0.254895 -0.659932 0.0212965 1 
0.998638 -0.0073062 -0.0514727 0 -0.00708038 -0.999955 0.00456813 0 -0.0515047 -0.00419754 -0.998664 0 -0.254816 -0.660024 0.0213039 1 
0.998638 -0.0087571 -0.0512407 0 -0.00851663 -0.999942 0.00490932 0 -0.0512817 -0.00446633 -0.998674 0 -0.254634 -0.660197 0.0213231 1 
0.998601 -0.0127136 -0.0511412 0 -0.0124413 -0.999897 0.00564035 0 -0.0512086 -0.0049963 -0.998675 0 -0.254436 -0.660553 0.0213769 1 
0.998546 -0.0159299 -0.051311 0 -0.0156252 -0.999848 0.00633348 0 -0.0514051 -0.00552263 -0.998663 0 -0.254382 -0.66092 0.0214218 1 
0.998519 -0.0172598 -0.0514152 0 -0.016939 -0.999825 0.00666893 0 -0.0515222 -0.00578824 -0.998655 0 -0.254419 -0.661131 0.0213452 1 
0.998522 -0.0173614 -0.0513222 0 -0.0170639 -0.999825 0.00622918 0 -0.0514223 -0.00534432 -0.998663 0 -0.254498 -0.660983 0.0209664 1 
0.998534 -0.0174189 -0.0510638 0 -0.0171709 -0.999829 0.00529219 0 -0.0511482 -0.00440771 -0.998681 0 -0.254552 -0.660639 0.0202837 1 
0.998528 -0.0171917 -0.0512449 0 -0.0169876 -0.999836 0.00441617 0 -0.0513134 -0.00353921 -0.998676 0 -0.254791 -0.660321 0.0196852 1 
0.998546 -0.0166487 -0.051086 0 -0.0164659 -0.999847 0.00399557 0 -0.0511457 -0.00314864 -0.998686 0 -0.254968 -0.660118 0.0193936 1 
0.998558 -0.0159488 -0.0510637 0 -0.015767 -0.999858 0.00396085 0 -0.0511206 -0.00315008 -0.998688 0 -0.25492 -0.660166 0.0192791 1 
0.99856 -0.0157062 -0.0511144 0 -0.0155241 -0.999862 0.00395781 0 -0.0511705 -0.00315867 -0.998685 0 -0.254866 -0.660202 0.0192736 1 
0.998564 -0.0153325 -0.0511337 0 -0.0151517 -0.999868 0.00392185 0 -0.0511881 -0.00314152 -0.998684 0 -0.254863 -0.660218 0.0192171 1 
0.998563 -0.0152883 -0.0511732 0 -0.0151057 -0.999868 0.00395246 0 -0.0512279 -0.00317383 -0.998682 0 -0.254899 -0.660244 0.0191957 1 
0.998567 -0.0146533 -0.0512776 0 -0.0144677 -0.999878 0.00398811 0 -0.0513307 -0.00324059 -0.998676 0 -0.254994 -0.660281 0.0191714 1 
0.998584 -0.0126662 -0.0514899 0 -0.0124791 -0.999905 0.00395476 0 -0.0515361 -0.00330668 -0.998666 0 -0.255081 -0.660343 0.0191504 1 
0.998595 -0.0102373 -0.051802 0 -0.0100418 -0.999932 0.00403251 0 -0.0518408 -0.00350673 -0.998649 0 -0.255275 -0.660447 0.0191886 1 
0.99861 -0.00780364 -0.0519491 0 -0.00759538 -0.999953 0.0042051 0 -0.0519805 -0.00380475 -0.998641 0 -0.255424 -0.660583 0.0192438 1 
0.998619 -0.00515123 -0.0520943 0 -0.00492732 -0.999968 0.00442563 0 -0.0521164 -0.00416291 -0.998632 0 -0.255565 -0.660753 0.0193155 1 
0.998613 -0.00452027 -0.0522702 0 -0.00427257 -0.999969 0.00484953 0 -0.0522916 -0.00461957 -0.998621 0 -0.255664 -0.661003 0.0193931 1 
0.998608 -0.00453842 -0.052369 0 -0.00427638 -0.999968 0.00511465 0 -0.0523916 -0.00488367 -0.998615 0 -0.255744 -0.661183 0.0193404 1 
0.998606 -0.00457596 -0.0524063 0 -0.00430824 -0.999967 0.00522048 0 -0.0524295 -0.00498752 -0.998612 0 -0.255828 -0.661351 0.019063 1 
0.998609 -0.00473572 -0.0523356 0 -0.00447299 -0.999967 0.00513609 0 -0.0523592 -0.00489494 -0.998616 0 -0.255938 -0.66148 0.0185296 1 
0.998619 -0.0054178 -0.0520644 0 -0.00516351 -0.999964 0.00501745 0 -0.0520907 -0.00474178 -0.998631 0 -0.256052 -0.661629 0.017772 1 
0.998628 -0.00690105 -0.0517287 0 -0.00667356 -0.999958 0.00456922 0 -0.0517591 -0.00421781 -0.998651 0 -0.256236 -0.661626 0.0167604 1 
0.998644 -0.00749377 -0.0513312 0 -0.00731327 -0.999957 0.00370318 0 -0.0513578 -0.00332282 -0.998675 0 -0.256326 -0.661452 0.0156451 1 
0.998665 -0.00759935 -0.0508983 0 -0.00747602 -0.999959 0.00261314 0 -0.0509171 -0.00222918 -0.9987 0 -0.256277 -0.661123 0.0146956 1 
0.998682 -0.00776194 -0.0505507 0 -0.00767612 -0.999959 0.00189167 0 -0.0505643 -0.00150117 -0.99872 0 -0.256156 -0.660893 0.0141249 1 
0.998685 -0.00806777 -0.050434 0 -0.00799015 -0.999957 0.00174056 0 -0.0504468 -0.00133532 -0.998726 0 -0.256079 -0.660855 0.0139819 1 
0.998687 -0.00819096 -0.0503686 0 -0.00811565 -0.999956 0.0016994 0 -0.0503813 -0.00128842 -0.998729 0 -0.256041 -0.660847 0.0139359 1 
0.99869 -0.00839214 -0.0502854 0 -0.00832932 -0.999955 0.00145859 0 -0.0502963 -0.00103785 -0.998734 0 -0.256076 -0.660743 0.0137517 1 
0.998701 -0.00850377 -0.0500408 0 -0.00847223 -0.999954 0.00084223 0 -0.0500466 -0.000417187 -0.998747 0 -0.256037 -0.66053 0.0132745 1 
0.998723 -0.00856787 -0.0496027 0 -0.00859058 -0.999953 -0.000244554 0 -0.0495992 0.000670371 -0.998769 0 -0.255887 -0.660174 0.0124097 1 
0.998715 -0.00884855 -0.0497114 0 -0.00880666 -0.999951 0.00106169 0 -0.0497193 -0.000622545 -0.998763 0 -0.255769 -0.660285 0.0114572 1 
0.998701 -0.00889579 -0.0499834 0 -0.00879769 -0.999949 0.00218219 0 -0.0500012 -0.00173965 -0.998748 0 -0.255783 -0.660293 0.0103311 1 
0.998673 -0.00893376 -0.0505221 0 -0.00872253 -0.999943 0.00439991 0 -0.0505595 -0.00395347 -0.998713 0 -0.255818 -0.660525 0.0092507 1 
0.998662 -0.00897793 -0.0507443 0 -0.00870947 -0.999937 0.00550891 0 -0.0507915 -0.00505968 -0.998696 0 -0.255788 -0.660526 0.00806964 1 
0.998686 -0.00935875 -0.0501877 0 -0.00913682 -0.999938 0.00464967 0 -0.050229 -0.00418508 -0.998729 0 -0.255606 -0.660149 0.00685153 1 
0.998693 -0.00923188 -0.050079 0 -0.00899877 -0.999938 0.00487829 0 -0.0501219 -0.00442135 -0.998733 0 -0.255399 -0.660101 0.00598732 1 
0.998701 -0.00914334 -0.0499435 0 -0.00890791 -0.999939 0.0049343 0 -0.0499865 -0.00448309 -0.99874 0 -0.255258 -0.660057 0.00518586 1 
0.998704 -0.0089749 -0.0499107 0 -0.00873235 -0.999939 0.00507574 0 -0.0499542 -0.00463342 -0.998741 0 -0.255114 -0.660048 0.00446842 1 
0.9987 -0.00887761 -0.0500028 0 -0.00860476 -0.999937 0.00566928 0 -0.0500509 -0.00523175 -0.998733 0 -0.255024 -0.660102 0.00373454 1 
0.9987 -0.0089995 -0.0499792 0 -0.00869617 -0.999933 0.0062832 0 -0.0500333 -0.00584052 -0.99873 0 -0.254985 -0.660116 0.00283241 1 
0.998697 -0.00917588 -0.0500071 0 -0.00882321 -0.999925 0.00726865 0 -0.0500711 -0.00681809 -0.998722 0 -0.254959 -0.660223 0.00190238 1 
0.998695 -0.00943253 -0.0499981 0 -0.00902605 -0.999915 0.00834945 0 -0.0500736 -0.00788742 -0.998714 0 -0.254929 -0.66032 0.000862297 1 
0.998685 -0.00946475 -0.0501902 0 -0.00900283 -0.999905 0.00942146 0 -0.0502756 -0.00895739 -0.998695 0 -0.254922 -0.660401 -0.000184019 1 
0.998679 -0.00953574 -0.0502983 0 -0.00904419 -0.9999 0.00999118 0 -0.0503895 -0.00952326 -0.998684 0 -0.254969 -0.66044 -0.00100916 1 
0.998684 -0.00958161 -0.050199 0 -0.00909625 -0.9999 0.00988818 0 -0.0502897 -0.00941873 -0.99869 0 -0.254965 -0.660451 -0.00158751 1 
0.99869 -0.00964474 -0.0500602 0 -0.00917472 -0.999902 0.00961025 0 -0.0501489 -0.00913855 -0.9987 0 -0.254967 -0.660398 -0.0019709 1 
0.998695 -0.00960451 -0.0499762 0 -0.00914148 -0.999904 0.00948531 0 -0.0500634 -0.00901625 -0.998705 0 -0.254929 -0.660413 -0.00220037 1 
0.9987 -0.0096803 -0.0498516 0 -0.0092354 -0.999906 0.0091469 0 -0.0499365 -0.00867478 -0.998715 0 -0.254948 -0.660294 -0.00252403 1 
0.998703 -0.00963773 -0.0498024 0 -0.00919959 -0.999907 0.00901924 0 -0.0498857 -0.00854954 -0.998718 0 -0.254945 -0.660334 -0.00288566 1 
0.998712 -0.00960078 -0.0496192 0 -0.00918793 -0.999912 0.00854166 0 -0.0496978 -0.00807492 -0.998732 0 -0.25491 -0.660248 -0.00350985 1 
0.998721 -0.00962234 -0.049443 0 -0.00923473 -0.999915 0.00806185 0 -0.0495173 -0.00759509 -0.998744 0 -0.254924 -0.660185 -0.00417368 1 
0.998743 -0.00946508 -0.0490189 0 -0.00911706 -0.999922 0.00731824 0 -0.0490853 -0.00686227 -0.998771 0 -0.254727 -0.660153 -0.0052851 1 
0.998786 -0.00908132 -0.048219 0 -0.00882226 -0.999936 0.0055826 0 -0.0482676 -0.00515052 -0.998821 0 -0.254244 -0.659808 -0.00698281 1 
0.998787 -0.00894497 -0.0482239 0 -0.00865734 -0.999934 0.00616997 0 -0.0482769 -0.00574511 -0.998817 0 -0.254111 -0.660175 -0.00683914 1 
0.998795 -0.00886237 -0.048061 0 -0.00859515 -0.999937 0.00576381 0 -0.04811 -0.00534388 -0.998828 0 -0.253978 -0.660059 -0.00711971 1 
0.998802 -0.00911197 -0.0478703 0 -0.00884565 -0.999935 0.00577224 0 -0.0479207 -0.00534198 -0.998837 0 -0.253968 -0.660044 -0.00712702 1 
0.998826 -0.0100834 -0.0471708 0 -0.00981427 -0.999925 0.00593354 0 -0.0472279 -0.00546373 -0.998869 0 -0.253957 -0.660008 -0.00717688 1 
0.998882 -0.0124847 -0.0453937 0 -0.0122112 -0.999896 0.00629766 0 -0.0454685 -0.00573641 -0.998949 0 -0.253882 -0.659951 -0.00725033 1 
0.998952 -0.0157671 -0.042735 0 -0.0155277 -0.999852 0.00592837 0 -0.042823 -0.00525869 -0.999069 0 -0.253766 -0.659699 -0.00737776 1 
0.999001 -0.0196925 -0.0398646 0 -0.0194661 -0.999783 0.00605905 0 -0.039976 -0.0052771 -0.999187 0 -0.253646 -0.659543 -0.00745753 1 
0.998941 -0.0268997 -0.0370563 0 -0.0266804 -0.999614 0.00639992 0 -0.0372149 -0.00540458 -0.999293 0 -0.253548 -0.659402 -0.00753262 1 
0.998705 -0.0361879 -0.0354874 0 -0.0359982 -0.999324 0.00596901 0 -0.0356802 -0.00468389 -0.999352 0 -0.253526 -0.659162 -0.00757804 1 
0.998374 -0.0447678 -0.0350053 0 -0.0445923 -0.998979 0.00578117 0 -0.035229 -0.00421088 -0.99937 0 -0.253614 -0.659006 -0.00758761 1 
0.997868 -0.0550878 -0.0347221 0 -0.0549382 -0.998466 0.00524812 0 -0.0349587 -0.00332942 -0.999383 0 -0.253636 -0.65881 -0.00759045 1 
0.997255 -0.065342 -0.0345414 0 -0.0652024 -0.997849 0.00515267 0 -0.0348045 -0.00288641 -0.99939 0 -0.253758 -0.658667 -0.0075983 1 
0.996379 -0.0776653 -0.0343129 0 -0.0775335 -0.996967 0.00515635 0 -0.0346099 -0.00247733 -0.999398 0 -0.253899 -0.658522 -0.00760181 1 
0.995162 -0.0920533 -0.0340567 0 -0.0919299 -0.995742 0.00517699 0 -0.034389 -0.00202115 -0.999406 0 -0.25394 -0.658405 -0.00760536 1 
0.993436 -0.109162 -0.0339072 0 -0.109033 -0.994012 0.00564657 0 -0.0343212 -0.00191255 -0.999409 0 -0.253907 -0.658393 -0.00760059 1 
0.991441 -0.12603 -0.0337855 0 -0.125895 -0.992015 0.00611772 0 -0.0342874 -0.00181197 -0.99941 0 -0.253948 -0.658356 -0.00760561 1 
0.988507 -0.147327 -0.033612 0 -0.147185 -0.989077 0.0066723 0 -0.0342285 -0.00164845 -0.999413 0 -0.253974 -0.658311 -0.00760751 1 
0.984686 -0.171053 -0.0334054 0 -0.170909 -0.985251 0.00711264 0 -0.03413 -0.00129444 -0.999417 0 -0.254126 -0.658181 -0.00760425 1 
0.980442 -0.193949 -0.0331409 0 -0.193823 -0.981002 0.00700572 0 -0.0338707 -0.000445231 -0.999426 0 -0.254332 -0.657922 -0.00760943 1 
0.975565 -0.217189 -0.0329107 0 -0.217064 -0.97612 0.00736287 0 -0.0337246 -3.92299e-05 -0.999431 0 -0.254548 -0.657754 -0.00760597 1 
0.970571 -0.238545 -0.0326816 0 -0.238429 -0.971121 0.00747724 0 -0.0335221 0.000535047 -0.999438 0 -0.25458 -0.657616 -0.0076156 1 
0.96493 -0.260459 -0.0324476 0 -0.260359 -0.965474 0.00734098 0 -0.03324 0.00136453 -0.999446 0 -0.254562 -0.657447 -0.00760961 1 
