0.999105 -0.0412879 0.00811705 0 -0.0409362 -0.998369 -0.0395551 0 0.00973715 0.0391882 -0.999184 0 -0.156343 -0.397068 0.532547 1 
0.999106 -0.0412651 0.00811785 0 -0.0409132 -0.998369 -0.0395679 0 0.00973758 0.0392012 -0.999184 0 -0.156335 -0.39707 0.532542 1 
0.999106 -0.0412611 0.00811802 0 -0.0409093 -0.99837 -0.0395618 0 0.00973734 0.0391951 -0.999184 0 -0.156332 -0.397072 0.532545 1 
0.999105 -0.0412761 0.00811441 0 -0.0409244 -0.998369 -0.0395546 0 0.00973403 0.0391879 -0.999184 0 -0.156341 -0.397069 0.532547 1 
0.999104 -0.0412999 0.00811972 0 -0.040948 -0.998368 -0.0395562 0 0.00974033 0.0391891 -0.999184 0 -0.156352 -0.397063 0.532547 1 
0.999104 -0.0412948 0.00811804 0 -0.040943 -0.998369 -0.0395545 0 0.00973838 0.0391874 -0.999184 0 -0.156348 -0.397064 0.532549 1 
0.999104 -0.0413032 0.00812357 0 -0.0409511 -0.998368 -0.0395582 0 0.00974438 0.0391908 -0.999184 0 -0.156352 -0.397063 0.532547 1 
0.999104 -0.0412976 0.00811942 0 -0.0409458 -0.998369 -0.0395519 0 0.00973975 0.0391847 -0.999185 0 -0.156349 -0.397065 0.532549 1 
0.999105 -0.0412918 0.00811919 0 -0.0409399 -0.998369 -0.039554 0 0.00973938 0.0391869 -0.999184 0 -0.156347 -0.397067 0.532547 1 
0.999104 -0.041292 0.00812106 0 -0.0409401 -0.998369 -0.0395552 0 0.00974132 0.0391881 -0.999184 0 -0.156345 -0.397068 0.532546 1 
0.999105 -0.0412906 0.00812131 0 -0.0409387 -0.998369 -0.0395553 0 0.00974151 0.0391881 -0.999184 0 -0.156345 -0.397066 0.532547 1 
0.999104 -0.0412928 0.00812202 0 -0.0409408 -0.998369 -0.039554 0 0.00974225 0.0391868 -0.999184 0 -0.156346 -0.397066 0.532547 1 
0.999105 -0.041288 0.00812091 0 -0.0409361 -0.998369 -0.0395531 0 0.00974092 0.039186 -0.999184 0 -0.156343 -0.397067 0.532548 1 
0.999105 -0.0412807 0.0081162 0 -0.040929 -0.998369 -0.0395507 0 0.00973583 0.0391838 -0.999185 0 -0.156342 -0.397069 0.532548 1 
0.999105 -0.0412799 0.0081205 0 -0.040928 -0.998369 -0.0395587 0 0.00974042 0.0391917 -0.999184 0 -0.156344 -0.397067 0.532545 1 
0.999105 -0.0412844 0.00812144 0 -0.0409324 -0.998369 -0.0395596 0 0.00974157 0.0391925 -0.999184 0 -0.156345 -0.397067 0.532545 1 
0.999104 -0.0412924 0.00811921 0 -0.0409405 -0.998368 -0.0395607 0 0.0097397 0.0391936 -0.999184 0 -0.156347 -0.397067 0.532544 1 
0.999105 -0.041279 0.00811838 0 -0.0409272 -0.998369 -0.0395524 0 0.00973801 0.0391855 -0.999185 0 -0.156343 -0.397069 0.532547 1 
0.999105 -0.0412865 0.00812064 0 -0.0409345 -0.998369 -0.0395618 0 0.00974094 0.0391948 -0.999184 0 -0.156344 -0.397069 0.532544 1 
0.999105 -0.0412777 0.00812072 0 -0.0409258 -0.998369 -0.0395594 0 0.00974058 0.0391924 -0.999184 0 -0.156342 -0.397069 0.532545 1 
0.999105 -0.0412826 0.00812266 0 -0.0409306 -0.998369 -0.039558 0 0.00974266 0.0391908 -0.999184 0 -0.156341 -0.39707 0.532544 1 
0.999105 -0.0412741 0.00812071 0 -0.0409222 -0.998369 -0.0395585 0 0.0097404 0.0391915 -0.999184 0 -0.156339 -0.39707 0.532544 1 
0.999105 -0.041269 0.00811738 0 -0.0409173 -0.99837 -0.0395564 0 0.00973679 0.0391896 -0.999184 0 -0.156338 -0.397071 0.532545 1 
0.999105 -0.0412789 0.00811999 0 -0.0409271 -0.998369 -0.0395558 0 0.00973975 0.0391888 -0.999184 0 -0.156341 -0.397069 0.532546 1 
0.999105 -0.0412731 0.00811671 0 -0.0409214 -0.998369 -0.0395556 0 0.00973625 0.0391888 -0.999184 0 -0.15634 -0.39707 0.532546 1 
0.999106 -0.0412602 0.00811853 0 -0.0409083 -0.99837 -0.039559 0 0.00973769 0.0391923 -0.999184 0 -0.156336 -0.397072 0.532545 1 
0.999106 -0.0412648 0.00811703 0 -0.0409131 -0.99837 -0.0395544 0 0.00973619 0.0391877 -0.999184 0 -0.156336 -0.397072 0.532547 1 
0.999105 -0.0412781 0.00811738 0 -0.0409263 -0.998369 -0.0395582 0 0.00973722 0.0391914 -0.999184 0 -0.156341 -0.39707 0.532545 1 
0.999105 -0.0412902 0.00812067 0 -0.0409382 -0.998369 -0.0395612 0 0.0097411 0.039194 -0.999184 0 -0.156346 -0.397068 0.532544 1 
0.999105 -0.0412867 0.00812399 0 -0.0409346 -0.998369 -0.039558 0 0.00974414 0.0391908 -0.999184 0 -0.156344 -0.397068 0.532544 1 
0.999105 -0.0412856 0.00812014 0 -0.0409336 -0.998369 -0.0395604 0 0.00974035 0.0391934 -0.999184 0 -0.156342 -0.397068 0.532544 1 
0.999105 -0.0412883 0.0081194 0 -0.0409365 -0.998369 -0.0395543 0 0.00973948 0.0391872 -0.999184 0 -0.156346 -0.397068 0.532546 1 
0.999104 -0.0412987 0.00812158 0 -0.0409468 -0.998369 -0.0395518 0 0.00974195 0.0391846 -0.999184 0 -0.156351 -0.397065 0.532547 1 
0.999104 -0.0413146 0.00812115 0 -0.0409626 -0.998368 -0.0395596 0 0.00974247 0.0391922 -0.999184 0 -0.156357 -0.397062 0.532544 1 
0.999103 -0.0413266 0.00812902 0 -0.0409743 -0.998367 -0.0395585 0 0.00975075 0.0391907 -0.999184 0 -0.15636 -0.397061 0.532545 1 
0.999103 -0.0413266 0.0081262 0 -0.0409744 -0.998367 -0.0395603 0 0.00974801 0.0391926 -0.999184 0 -0.156362 -0.397062 0.532544 1 
0.999103 -0.041331 0.00812689 0 -0.0409788 -0.998367 -0.0395554 0 0.00974867 0.0391876 -0.999184 0 -0.156365 -0.397061 0.532545 1 
0.999102 -0.0413412 0.00812643 0 -0.040989 -0.998366 -0.0395663 0 0.00974907 0.0391985 -0.999184 0 -0.15637 -0.397059 0.532541 1 
0.999101 -0.0413733 0.00813957 0 -0.0410203 -0.998365 -0.0395774 0 0.0097639 0.0392087 -0.999183 0 -0.156382 -0.397057 0.532534 1 
0.999101 -0.0413723 0.00813926 0 -0.0410193 -0.998364 -0.0395813 0 0.0097637 0.0392126 -0.999183 0 -0.156384 -0.397056 0.532532 1 
0.999101 -0.0413638 0.00813368 0 -0.0410112 -0.998365 -0.039569 0 0.00975729 0.0392006 -0.999184 0 -0.156378 -0.397059 0.532537 1 
0.999101 -0.0413669 0.00813521 0 -0.0410142 -0.998365 -0.0395745 0 0.00975917 0.039206 -0.999183 0 -0.156382 -0.397058 0.532535 1 
0.999101 -0.0413846 0.00813626 0 -0.0410319 -0.998364 -0.0395723 0 0.00976082 0.0392036 -0.999184 0 -0.156389 -0.397055 0.532534 1 
0.9991 -0.0413845 0.00814249 0 -0.0410314 -0.998364 -0.0395848 0 0.00976756 0.0392159 -0.999183 0 -0.156389 -0.397056 0.532529 1 
0.999101 -0.041371 0.00813782 0 -0.0410181 -0.998365 -0.0395785 0 0.0097621 0.0392099 -0.999183 0 -0.156383 -0.397057 0.532532 1 
0.999102 -0.0413464 0.00812951 0 -0.0409941 -0.998367 -0.0395507 0 0.0097517 0.0391827 -0.999184 0 -0.156374 -0.397062 0.532543 1 
0.999101 -0.0413651 0.00812791 0 -0.0410128 -0.998366 -0.0395567 0 0.00975108 0.0391886 -0.999184 0 -0.156382 -0.397061 0.53254 1 
0.999101 -0.0413765 0.00813031 0 -0.0410242 -0.998365 -0.0395554 0 0.00975387 0.039187 -0.999184 0 -0.156387 -0.397059 0.53254 1 
0.999101 -0.0413757 0.00812419 0 -0.0410237 -0.998366 -0.0395414 0 0.00974715 0.0391733 -0.999185 0 -0.156386 -0.397058 0.532548 1 
0.999102 -0.0413605 0.00811116 0 -0.0410094 -0.998368 -0.0395087 0 0.00973221 0.0391413 -0.999186 0 -0.156378 -0.397057 0.532563 1 
0.9991 -0.0413982 0.00810398 0 -0.0410475 -0.998367 -0.0394849 0 0.00972554 0.0391175 -0.999187 0 -0.156395 -0.397051 0.532573 1 
0.999097 -0.0414744 0.00810675 0 -0.0411239 -0.998365 -0.0394551 0 0.00973006 0.0390869 -0.999188 0 -0.156431 -0.397043 0.532582 1 
0.999096 -0.0414993 0.00811131 0 -0.0411487 -0.998365 -0.0394358 0 0.00973479 0.0390671 -0.999189 0 -0.156446 -0.39704 0.532588 1 
0.999098 -0.0414521 0.00810294 0 -0.041102 -0.998367 -0.0394282 0 0.00972428 0.0390603 -0.99919 0 -0.156425 -0.397051 0.532592 1 
0.999101 -0.0413885 0.0080975 0 -0.0410386 -0.99837 -0.0394321 0 0.00971652 0.0390651 -0.999189 0 -0.156398 -0.397061 0.532592 1 
0.999101 -0.0413821 0.00809444 0 -0.0410323 -0.998369 -0.0394419 0 0.00971362 0.0390751 -0.999189 0 -0.156394 -0.397062 0.532589 1 
0.999099 -0.0414254 0.00811098 0 -0.0410745 -0.998366 -0.039473 0 0.0097331 0.039105 -0.999188 0 -0.156415 -0.397055 0.532575 1 
0.999096 -0.0414838 0.00812629 0 -0.0411321 -0.998363 -0.0394932 0 0.00975151 0.039124 -0.999187 0 -0.156439 -0.397042 0.532567 1 
0.999095 -0.0415237 0.00812906 0 -0.041172 -0.998362 -0.039483 0 0.00975542 0.0391133 -0.999187 0 -0.156456 -0.397033 0.532571 1 
0.999096 -0.0414856 0.00813007 0 -0.0411338 -0.998363 -0.0394951 0 0.00975543 0.0391257 -0.999187 0 -0.156441 -0.397042 0.532565 1 
0.999103 -0.0413352 0.0081248 0 -0.0409833 -0.998368 -0.0395372 0 0.00974601 0.0391695 -0.999185 0 -0.156376 -0.397074 0.532547 1 
0.999106 -0.0412575 0.00810764 0 -0.0409063 -0.998371 -0.039537 0 0.00972582 0.0391708 -0.999185 0 -0.156343 -0.397088 0.532548 1 
0.999103 -0.041333 0.00813385 0 -0.0409803 -0.998366 -0.039581 0 0.00975674 0.0392129 -0.999183 0 -0.156371 -0.39707 0.532532 1 
0.999097 -0.041464 0.00818656 0 -0.0411083 -0.998357 -0.0396698 0 0.00981817 0.0392982 -0.999179 0 -0.156428 -0.397045 0.532491 1 
0.999098 -0.0414455 0.0081949 0 -0.0410892 -0.998357 -0.0396952 0 0.00982681 0.0393234 -0.999178 0 -0.15642 -0.397048 0.532481 1 
0.999101 -0.0413746 0.00817299 0 -0.0410194 -0.998361 -0.0396742 0 0.00980129 0.039304 -0.999179 0 -0.156391 -0.397058 0.532491 1 
0.9991 -0.0413879 0.00817517 0 -0.0410326 -0.99836 -0.0396733 0 0.00980395 0.0393029 -0.999179 0 -0.156396 -0.397059 0.53249 1 
0.9991 -0.0413892 0.00820833 0 -0.0410318 -0.998357 -0.0397511 0 0.0098403 0.0393793 -0.999176 0 -0.156399 -0.397066 0.532453 1 
0.999103 -0.0413152 0.00822967 0 -0.0409561 -0.998356 -0.0398474 0 0.00986264 0.0394753 -0.999172 0 -0.15637 -0.397081 0.53241 1 
0.999106 -0.0412296 0.00821708 0 -0.040871 -0.99836 -0.0398459 0 0.00984662 0.0394752 -0.999172 0 -0.156335 -0.397099 0.532409 1 
0.999106 -0.0412508 0.00813344 0 -0.0408983 -0.99837 -0.0395728 0 0.00975278 0.0392056 -0.999184 0 -0.156366 -0.397145 0.532455 1 
0.999105 -0.0413203 0.00788293 0 -0.0409845 -0.998395 -0.038838 0 0.00947526 0.038481 -0.999214 0 -0.156459 -0.397287 0.532524 1 
0.999107 -0.0413397 0.00750172 0 -0.0410283 -0.998434 -0.0377685 0 0.00905149 0.0374277 -0.999258 0 -0.156568 -0.39752 0.532601 1 
0.999111 -0.0413138 0.00709043 0 -0.0410279 -0.998478 -0.0365939 0 0.00859164 0.0362712 -0.999305 0 -0.156678 -0.397805 0.532663 1 
0.999117 -0.0412415 0.00669101 0 -0.0409792 -0.99852 -0.0354904 0 0.00814494 0.0351856 -0.999348 0 -0.156776 -0.398126 0.532678 1 
0.999122 -0.0411871 0.0063285 0 -0.0409454 -0.998557 -0.0344805 0 0.00773966 0.0341917 -0.999385 0 -0.156893 -0.39848 0.532636 1 
0.999124 -0.041167 0.00604266 0 -0.0409412 -0.998585 -0.0336638 0 0.00742008 0.0333876 -0.999415 0 -0.157041 -0.398875 0.532443 1 
0.999128 -0.0411133 0.00577234 0 -0.0409019 -0.998611 -0.0329103 0 0.00711752 0.0326462 -0.999442 0 -0.157232 -0.399405 0.531996 1 
0.999136 -0.0409827 0.00538774 0 -0.0407908 -0.998649 -0.0318851 0 0.00668733 0.0316384 -0.999477 0 -0.157509 -0.400219 0.531212 1 
0.999145 -0.0407816 0.0052215 0 -0.0405974 -0.998668 -0.031527 0 0.0065004 0.0312886 -0.999489 0 -0.15778 -0.401083 0.530154 1 
0.999159 -0.0404424 0.00511973 0 -0.0402633 -0.99869 -0.031259 0 0.00637734 0.0310271 -0.999498 0 -0.158114 -0.402257 0.528613 1 
0.999181 -0.0399564 0.00474681 0 -0.0397953 -0.998741 -0.0302214 0 0.00594849 0.0300083 -0.999532 0 -0.158569 -0.40391 0.52671 1 
0.999194 -0.0396972 0.0040697 0 -0.0395668 -0.998808 -0.0282473 0 0.00518629 0.0280641 -0.999593 0 -0.159128 -0.405965 0.524508 1 
0.99921 -0.0393529 0.00334715 0 -0.0392521 -0.998877 -0.0261792 0 0.0043737 0.0260277 -0.999652 0 -0.159698 -0.408267 0.521983 1 
0.999215 -0.0392952 0.00230941 0 -0.0392311 -0.998951 -0.0232251 0 0.00321968 0.0231167 -0.999728 0 -0.160379 -0.411058 0.519184 1 
0.999194 -0.0398808 0.00123355 0 -0.0398479 -0.998992 -0.0201835 0 0.00203728 0.0201184 -0.999796 0 -0.16112 -0.414133 0.516116 1 
0.999127 -0.0415369 0.00038436 0 -0.0415231 -0.998963 -0.0181724 0 0.00113881 0.0181409 -0.999835 0 -0.162026 -0.417432 0.512334 1 
0.998978 -0.0449859 -0.000533287 0 -0.0449886 -0.998847 -0.0161482 0 0.000193773 0.016156 -0.999869 0 -0.163088 -0.420987 0.508204 1 
0.99876 -0.0495701 -0.00162128 0 -0.0495876 -0.998668 -0.013573 0 -0.000946325 0.0136369 -0.999907 0 -0.164171 -0.42472 0.504102 1 
0.998457 -0.0553042 -0.00258643 0 -0.0553307 -0.99839 -0.0116727 0 -0.00193675 0.0117981 -0.999929 0 -0.165293 -0.428434 0.49977 1 
0.998121 -0.0610088 -0.0035231 0 -0.061043 -0.998069 -0.0105879 0 -0.00287039 0.0107833 -0.999938 0 -0.166729 -0.432753 0.494456 1 
0.997853 -0.0651641 -0.0048562 0 -0.0652057 -0.997822 -0.00896482 0 -0.00426152 0.0092624 -0.999948 0 -0.168166 -0.436912 0.4896 1 
0.997604 -0.0687939 -0.00583519 0 -0.0688444 -0.997578 -0.0089614 0 -0.00520467 0.00934183 -0.999943 0 -0.169613 -0.441099 0.484241 1 
0.99735 -0.0722151 -0.00760681 0 -0.0722775 -0.997341 -0.00826793 0 -0.00698964 0.00879599 -0.999937 0 -0.171288 -0.445509 0.478962 1 
0.997142 -0.0748423 -0.00933137 0 -0.0749186 -0.997147 -0.00811763 0 -0.00869737 0.00879369 -0.999924 0 -0.173048 -0.450226 0.473145 1 
0.99694 -0.0772628 -0.0110609 0 -0.0773428 -0.99697 -0.00699236 0 -0.0104873 0.00782659 -0.999914 0 -0.174813 -0.455074 0.467586 1 
0.996728 -0.0797369 -0.0125289 0 -0.0798224 -0.996778 -0.0064766 0 -0.0119723 0.00745564 -0.999901 0 -0.176634 -0.460198 0.461464 1 
0.996509 -0.0822009 -0.0139387 0 -0.0822745 -0.996589 -0.00479141 0 -0.0134976 0.00592159 -0.999891 0 -0.178377 -0.465258 0.45568 1 
0.99638 -0.0836098 -0.0147392 0 -0.0836747 -0.996476 -0.00384193 0 -0.0143663 0.00506142 -0.999884 0 -0.180008 -0.470371 0.449391 1 
0.996301 -0.0844175 -0.0154686 0 -0.0844547 -0.996416 -0.00176395 0 -0.0152645 0.00306388 -0.999879 0 -0.181698 -0.475634 0.442995 1 
0.996268 -0.084749 -0.0157656 0 -0.0847556 -0.996392 0.000255868 0 -0.0157307 0.00108133 -0.999876 0 -0.183373 -0.48099 0.436335 1 
0.996262 -0.0848265 -0.015753 0 -0.0848113 -0.996386 0.00163243 0 -0.0158349 -0.000290298 -0.999875 0 -0.184984 -0.486083 0.429444 1 
0.996203 -0.0854423 -0.0161492 0 -0.0853793 -0.996328 0.00455639 0 -0.0164795 -0.00316034 -0.999859 0 -0.186746 -0.491431 0.422644 1 
0.996071 -0.0868922 -0.0165182 0 -0.0867768 -0.996189 0.00758148 0 -0.0171144 -0.00611841 -0.999835 0 -0.18861 -0.496971 0.415238 1 
0.995901 -0.0887567 -0.0168324 0 -0.0885905 -0.996004 0.0103746 0 -0.0176863 -0.00884102 -0.999804 0 -0.190377 -0.502117 0.408077 1 
0.995572 -0.0922887 -0.0173215 0 -0.0920512 -0.995646 0.0140429 0 -0.0185425 -0.0123865 -0.999751 0 -0.192247 -0.507445 0.400736 1 
0.995185 -0.0963439 -0.0175022 0 -0.0960521 -0.995225 0.0168126 0 -0.0190388 -0.0150508 -0.999705 0 -0.19407 -0.512742 0.392904 1 
0.994879 -0.0994316 -0.0176008 0 -0.0990919 -0.994883 0.0192274 0 -0.019423 -0.0173852 -0.99966 0 -0.195696 -0.517619 0.385297 1 
0.994628 -0.101871 -0.017835 0 -0.10147 -0.994583 0.0221269 0 -0.0199928 -0.0201987 -0.999596 0 -0.197219 -0.52244 0.378035 1 
0.994409 -0.103994 -0.0177888 0 -0.103553 -0.994321 0.0241353 0 -0.0201981 -0.0221587 -0.99955 0 -0.198716 -0.527351 0.369915 1 
0.994212 -0.105913 -0.0174957 0 -0.105457 -0.994095 0.025213 0 -0.0200631 -0.0232224 -0.999529 0 -0.200079 -0.531994 0.361676 1 
0.993968 -0.108212 -0.0172614 0 -0.107734 -0.993816 0.0265408 0 -0.020027 -0.0245215 -0.999499 0 -0.201313 -0.536502 0.353741 1 
0.993775 -0.110042 -0.0168226 0 -0.109566 -0.993602 0.0270301 0 -0.0196898 -0.0250191 -0.999493 0 -0.202437 -0.540843 0.345654 1 
0.993706 -0.110782 -0.0160265 0 -0.110344 -0.993543 0.0260318 0 -0.0188072 -0.0241 -0.999533 0 -0.203476 -0.544875 0.337127 1 
0.993716 -0.110796 -0.0152469 0 -0.110399 -0.993568 0.0248194 0 -0.0178991 -0.0229806 -0.999576 0 -0.20443 -0.548445 0.329216 1 
0.993784 -0.110306 -0.0143698 0 -0.109956 -0.993656 0.023208 0 -0.0168389 -0.0214842 -0.999627 0 -0.20538 -0.552078 0.321135 1 
0.993856 -0.109799 -0.0132306 0 -0.109514 -0.993762 0.020595 0 -0.0154097 -0.0190199 -0.9997 0 -0.206293 -0.555539 0.312628 1 
0.993881 -0.10971 -0.0120095 0 -0.109491 -0.993823 0.0175682 0 -0.013863 -0.016146 -0.999774 0 -0.207148 -0.558581 0.30443 1 
0.993897 -0.109673 -0.0109852 0 -0.1095 -0.99386 0.0152593 0 -0.0125916 -0.0139636 -0.999823 0 -0.208029 -0.561648 0.296704 1 
0.993956 -0.109257 -0.00976557 0 -0.109136 -0.993942 0.0122183 0 -0.0110416 -0.0110789 -0.999878 0 -0.208931 -0.564817 0.28847 1 
0.994006 -0.10891 -0.00850905 0 -0.108833 -0.99401 0.00898887 0 -0.00943724 -0.00800907 -0.999923 0 -0.209787 -0.567707 0.280367 1 
0.994035 -0.108726 -0.00734366 0 -0.108682 -0.994048 0.00617356 0 -0.00797133 -0.00533871 -0.999954 0 -0.210772 -0.570741 0.272307 1 
0.994061 -0.108561 -0.00620676 0 -0.108541 -0.994076 0.00349938 0 -0.00655001 -0.00280497 -0.999975 0 -0.211824 -0.573909 0.264105 1 
0.994085 -0.108392 -0.00524102 0 -0.108386 -0.994098 0.00142185 0 -0.00536431 -0.000845406 -0.999985 0 -0.212789 -0.576884 0.256598 1 
0.994116 -0.108146 -0.00429672 0 -0.108149 -0.994125 -0.000498595 0 -0.00421764 0.000960365 -0.999991 0 -0.213735 -0.579972 0.248686 1 
0.994144 -0.107909 -0.00364174 0 -0.107915 -0.99415 -0.00137845 0 -0.00347176 0.00176341 -0.999992 0 -0.214723 -0.583174 0.241325 1 
0.994174 -0.10765 -0.00315533 0 -0.107656 -0.994177 -0.00170943 0 -0.00295299 0.0020392 -0.999994 0 -0.215682 -0.586303 0.234627 1 
0.994213 -0.107305 -0.00270482 0 -0.10731 -0.994215 -0.0016838 0 -0.00250854 0.00196435 -0.999995 0 -0.216713 -0.589832 0.227102 1 
0.994255 -0.106921 -0.00241961 0 -0.106925 -0.994257 -0.00133634 0 -0.00226288 0.00158741 -0.999996 0 -0.217723 -0.593287 0.219656 1 
0.994295 -0.106542 -0.00249033 0 -0.106542 -0.994298 -0.000184905 0 -0.00245648 0.000449185 -0.999997 0 -0.218715 -0.596464 0.213375 1 
0.994374 -0.105805 -0.00260301 0 -0.105804 -0.994377 0.00032724 0 -0.00262305 -4.99901e-05 -0.999997 0 -0.219761 -0.599829 0.20646 1 
0.9945 -0.104599 -0.00302241 0 -0.104598 -0.994505 0.000596304 0 -0.00306824 -0.000276892 -0.999995 0 -0.220739 -0.6029 0.199499 1 
0.994619 -0.103435 -0.00388431 0 -0.10343 -0.994626 0.00131106 0 -0.00399912 -0.000902267 -0.999992 0 -0.221632 -0.605347 0.194326 1 
0.99489 -0.100718 -0.00558765 0 -0.100712 -0.994905 0.00137735 0 -0.00569802 -0.000807586 -0.999983 0 -0.222861 -0.608594 0.187006 1 
0.995231 -0.0971652 -0.00741056 0 -0.0971711 -0.995258 -0.000428751 0 -0.0073339 0.00114682 -0.999972 0 -0.223814 -0.611004 0.180099 1 
0.995515 -0.0940119 -0.00961952 0 -0.0940357 -0.995557 -0.00205844 0 -0.00938344 0.00295384 -0.999952 0 -0.224804 -0.613378 0.173794 1 
0.995743 -0.0913138 -0.0117386 0 -0.0913515 -0.995805 -0.00272143 0 -0.011441 0.00378225 -0.999927 0 -0.22575 -0.615822 0.167987 1 
0.995968 -0.0885832 -0.013441 0 -0.0886507 -0.996043 -0.00450755 0 -0.0129887 0.00568104 -0.9999 0 -0.226539 -0.618062 0.161365 1 
0.99614 -0.0863833 -0.0149397 0 -0.0864695 -0.996231 -0.00522417 0 -0.0144324 0.00649596 -0.999875 0 -0.227379 -0.620489 0.155619 1 
0.99627 -0.0847638 -0.0155716 0 -0.0848731 -0.996361 -0.00649595 0 -0.0149646 0.00779348 -0.999858 0 -0.228041 -0.622671 0.149926 1 
0.996382 -0.0834565 -0.0154801 0 -0.0835957 -0.996453 -0.00857451 0 -0.0147099 0.00983774 -0.999843 0 -0.228509 -0.624741 0.143848 1 
0.996475 -0.0823903 -0.0151525 0 -0.0825465 -0.996527 -0.00999044 0 -0.0142771 0.0112062 -0.999835 0 -0.229016 -0.626958 0.138638 1 
0.996559 -0.0816211 -0.0137742 0 -0.0818123 -0.996541 -0.0139452 0 -0.0125886 0.0150244 -0.999808 0 -0.229265 -0.628609 0.132661 1 
0.996634 -0.0808801 -0.0126579 0 -0.0810912 -0.996549 -0.0171565 0 -0.0112268 0.0181256 -0.999773 0 -0.229543 -0.63041 0.127479 1 
0.996734 -0.0798111 -0.0115096 0 -0.0800347 -0.996572 -0.0204868 0 -0.00983521 0.0213415 -0.999724 0 -0.229827 -0.632085 0.12222 1 
0.996864 -0.0783413 -0.010313 0 -0.0785685 -0.996613 -0.0238633 0 -0.00840874 0.0245992 -0.999662 0 -0.230093 -0.6338 0.116746 1 
0.996983 -0.0769111 -0.00953445 0 -0.0771356 -0.996672 -0.0259877 0 -0.00750413 0.0266452 -0.999617 0 -0.230383 -0.63552 0.112402 1 
0.997118 -0.0752681 -0.00847461 0 -0.0754843 -0.996715 -0.0290057 0 -0.00626369 0.0295623 -0.999543 0 -0.230615 -0.637174 0.107135 1 
0.997256 -0.0734672 -0.00793802 0 -0.0736773 -0.996803 -0.0305834 0 -0.00566588 0.0310849 -0.999501 0 -0.230918 -0.639202 0.102749 1 
0.997403 -0.0715314 -0.00713028 0 -0.0717302 -0.99686 -0.0332568 0 -0.00472908 0.0336825 -0.999421 0 -0.231166 -0.640838 0.0976643 1 
0.99757 -0.069188 -0.00687582 0 -0.0693841 -0.996991 -0.0342743 0 -0.00448385 0.0346688 -0.999389 0 -0.231565 -0.642719 0.0938446 1 
0.997783 -0.0660885 -0.00644291 0 -0.0662795 -0.997133 -0.0362468 0 -0.00402902 0.0365941 -0.999322 0 -0.231917 -0.644114 0.0895696 1 
0.997982 -0.0629964 -0.00661395 0 -0.0631966 -0.997325 -0.0364773 0 -0.0042984 0.0368224 -0.999313 0 -0.232489 -0.645792 0.0865275 1 
0.998137 -0.0605178 -0.00637196 0 -0.0607165 -0.997427 -0.0378625 0 -0.00406429 0.0381796 -0.999263 0 -0.233051 -0.647088 0.0825862 1 
0.998225 -0.0590299 -0.00650425 0 -0.0592344 -0.997518 -0.0378113 0 -0.0042562 0.0381302 -0.999264 0 -0.233723 -0.648606 0.0794413 1 
0.998283 -0.0580117 -0.00677031 0 -0.0582257 -0.997589 -0.0375 0 -0.00457864 0.0378306 -0.999274 0 -0.234457 -0.650059 0.0762404 1 
0.998331 -0.0571703 -0.00691692 0 -0.0573885 -0.997653 -0.0370819 0 -0.0047808 0.0374177 -0.999288 0 -0.235059 -0.651289 0.0730573 1 
0.998347 -0.0568086 -0.00758224 0 -0.0570383 -0.997762 -0.0346243 0 -0.00559842 0.0350002 -0.999372 0 -0.235877 -0.652991 0.0703861 1 
0.99835 -0.0566326 -0.0084007 0 -0.0568695 -0.997881 -0.0313169 0 -0.00660947 0.0317436 -0.999474 0 -0.236658 -0.654556 0.0674169 1 
0.998393 -0.055688 -0.00955983 0 -0.0559291 -0.998056 -0.0271372 0 -0.00803018 0.0276288 -0.999586 0 -0.237344 -0.656053 0.0646539 1 
0.998449 -0.0543714 -0.011097 0 -0.0546011 -0.998266 -0.0215635 0 -0.0099055 0.0221364 -0.999706 0 -0.238107 -0.657749 0.0622965 1 
0.998491 -0.0532661 -0.012627 0 -0.0534613 -0.998437 -0.0156648 0 -0.0117731 0.0163166 -0.999798 0 -0.23884 -0.659318 0.0597869 1 
0.998506 -0.0526698 -0.0138748 0 -0.0528201 -0.998537 -0.010697 0 -0.0132913 0.0114141 -0.999847 0 -0.239388 -0.660507 0.057188 1 
0.998491 -0.0525461 -0.0153684 0 -0.0526239 -0.998594 -0.00470139 0 -0.0151 0.00550314 -0.999871 0 -0.239985 -0.661741 0.0548331 1 
0.998467 -0.0525718 -0.0167704 0 -0.0525638 -0.998608 0.000917315 0 -0.0167956 -3.43937e-05 -0.999859 0 -0.24057 -0.662731 0.0527237 1 
0.998441 -0.0527089 -0.017842 0 -0.0526243 -0.998591 0.00517558 0 -0.01809 -0.00422867 -0.999827 0 -0.241103 -0.663311 0.0506022 1 
0.998424 -0.0527875 -0.0185199 0 -0.052651 -0.998573 0.00778209 0 -0.0189047 -0.00679487 -0.999798 0 -0.241509 -0.663463 0.0484886 1 
0.998427 -0.0526027 -0.0188925 0 -0.0524419 -0.998575 0.00890448 0 -0.0193344 -0.00789987 -0.999782 0 -0.241837 -0.663274 0.0461008 1 
0.998444 -0.0521438 -0.0192862 0 -0.0519639 -0.998592 0.00971468 0 -0.019766 -0.00869754 -0.999767 0 -0.242128 -0.663091 0.044146 1 
0.998489 -0.0510757 -0.0197788 0 -0.0508781 -0.998641 0.0103654 0 -0.0202818 -0.0093436 -0.999751 0 -0.242399 -0.662912 0.0423941 1 
0.998559 -0.0494906 -0.0202644 0 -0.049276 -0.998715 0.0109554 0 -0.0207809 -0.00994125 -0.999735 0 -0.242625 -0.662781 0.0409195 1 
0.998643 -0.0475187 -0.020851 0 -0.0472915 -0.998808 0.0112551 0 -0.0213614 -0.0102539 -0.999719 0 -0.242855 -0.662637 0.0397772 1 
0.99876 -0.044649 -0.021595 0 -0.044413 -0.99894 0.0112841 0 -0.0220764 -0.0103112 -0.999703 0 -0.24309 -0.662473 0.0388069 1 
0.998866 -0.0419215 -0.0221202 0 -0.0416942 -0.999064 0.0106361 0 -0.0225458 -0.00970198 -0.999699 0 -0.243251 -0.662216 0.0379795 1 
0.998956 -0.0394641 -0.0226007 0 -0.0392551 -0.999173 0.00961885 0 -0.0229621 -0.00872178 -0.999698 0 -0.243371 -0.66192 0.0373452 1 
0.999041 -0.036813 -0.0232891 0 -0.036621 -0.999282 0.0086204 0 -0.0235902 -0.00775942 -0.999692 0 -0.2435 -0.661653 0.0368351 1 
0.999097 -0.0347862 -0.02401 0 -0.0346071 -0.999361 0.00783373 0 -0.0242676 -0.00699587 -0.999681 0 -0.243623 -0.661456 0.0364506 1 
0.99913 -0.0331901 -0.0248502 0 -0.0330216 -0.999419 0.00716335 0 -0.025074 -0.00633665 -0.999666 0 -0.243785 -0.661289 0.036175 1 
0.999164 -0.0312053 -0.0260517 0 -0.0310468 -0.999487 0.00646657 0 -0.0262406 -0.00565245 -0.99964 0 -0.244053 -0.661111 0.0359659 1 
0.999197 -0.028812 -0.0275078 0 -0.0286646 -0.999563 0.00573634 0 -0.0276616 -0.00494333 -0.999605 0 -0.244379 -0.660925 0.0357991 1 
0.999215 -0.0265479 -0.0290848 0 -0.0264125 -0.999629 0.00502985 0 -0.0292081 -0.00425778 -0.999564 0 -0.244748 -0.660744 0.0356634 1 
0.99922 -0.0242272 -0.0308628 0 -0.0241044 -0.99969 0.00434505 0 -0.0309591 -0.0035978 -0.999514 0 -0.245181 -0.660572 0.0355472 1 
0.999215 -0.0219885 -0.032652 0 -0.0218752 -0.999744 0.00382377 0 -0.0327284 -0.00310656 -0.999459 0 -0.245659 -0.660429 0.0354298 1 
0.999198 -0.0204133 -0.0341717 0 -0.0203094 -0.999778 0.00338386 0 -0.0342339 -0.00268719 -0.99941 0 -0.246119 -0.660283 0.0352693 1 
0.999178 -0.0195129 -0.0352541 0 -0.0194173 -0.999797 0.0030511 0 -0.0353072 -0.00236409 -0.999374 0 -0.246505 -0.660148 0.035079 1 
0.999164 -0.0187709 -0.0360488 0 -0.0186849 -0.999812 0.00272284 0 -0.0360938 -0.00204704 -0.999346 0 -0.246839 -0.659991 0.034857 1 
0.999156 -0.0180463 -0.0366318 0 -0.0179743 -0.999826 0.00229201 0 -0.0366675 -0.00163167 -0.999326 0 -0.247102 -0.659819 0.0346134 1 
0.999151 -0.0177369 -0.0369312 0 -0.0176755 -0.999832 0.00198997 0 -0.0369611 -0.00133553 -0.999316 0 -0.247308 -0.659676 0.0343688 1 
0.999152 -0.0171828 -0.0371549 0 -0.0171232 -0.999842 0.00191991 0 -0.0371827 -0.0012821 -0.999308 0 -0.247466 -0.659603 0.0341203 1 
0.999156 -0.0164462 -0.0373873 0 -0.0163689 -0.999854 0.00237143 0 -0.0374216 -0.00175747 -0.999298 0 -0.24759 -0.659657 0.0338937 1 
0.999147 -0.016029 -0.0378009 0 -0.0158955 -0.999857 0.00382798 0 -0.0378575 -0.00322392 -0.999278 0 -0.247748 -0.659915 0.0337663 1 
0.999134 -0.015317 -0.0384278 0 -0.0150973 -0.999858 0.00600022 0 -0.038515 -0.00541498 -0.999243 0 -0.247899 -0.660327 0.0336731 1 
0.999117 -0.013973 -0.039371 0 -0.0136189 -0.999855 0.00924618 0 -0.0394952 -0.008702 -0.999182 0 -0.24807 -0.660974 0.0336535 1 
0.999084 -0.012926 -0.040561 0 -0.0123967 -0.999825 0.013273 0 -0.0407262 -0.0127583 -0.999089 0 -0.248313 -0.661778 0.0337477 1 
0.999046 -0.0123085 -0.0416598 0 -0.0116087 -0.999779 0.016997 0 -0.0418606 -0.0164975 -0.998987 0 -0.248575 -0.662505 0.0338589 1 
0.999006 -0.011708 -0.0427978 0 -0.0108232 -0.999714 0.0208472 0 -0.0430305 -0.0203637 -0.998866 0 -0.248841 -0.663256 0.0339687 1 
0.998961 -0.0112804 -0.0439296 0 -0.0102038 -0.999634 0.0246544 0 -0.0441925 -0.0241811 -0.99873 0 -0.249122 -0.663986 0.0340604 1 
0.998923 -0.011267 -0.0447948 0 -0.0100367 -0.999559 0.0275944 0 -0.0450868 -0.0271157 -0.998615 0 -0.249413 -0.664516 0.0341184 1 
0.998908 -0.0111456 -0.0451688 0 -0.00984695 -0.999525 0.0288728 0 -0.04547 -0.028397 -0.998562 0 -0.249623 -0.664704 0.0340608 1 
0.998917 -0.0105754 -0.0450966 0 -0.00929112 -0.999538 0.0285943 0 -0.0453791 -0.0281448 -0.998573 0 -0.249747 -0.664562 0.0338407 1 
0.998929 -0.00999383 -0.0449742 0 -0.00873068 -0.999555 0.0281951 0 -0.0452368 -0.0277728 -0.99859 0 -0.249849 -0.664394 0.0335776 1 
0.998938 -0.00966134 -0.0448411 0 -0.00841986 -0.999569 0.0277929 0 -0.0450911 -0.0273863 -0.998607 0 -0.249892 -0.664247 0.0332853 1 
0.998948 -0.00947319 -0.0446603 0 -0.00825876 -0.999584 0.0272989 0 -0.0449012 -0.0269018 -0.998629 0 -0.249874 -0.664087 0.0329145 1 
0.99896 -0.00910662 -0.0444684 0 -0.00791919 -0.9996 0.026806 0 -0.0446956 -0.0264265 -0.998651 0 -0.249798 -0.66395 0.032547 1 
0.998974 -0.00858823 -0.0442548 0 -0.00743039 -0.999618 0.0262612 0 -0.0444642 -0.0259059 -0.998675 0 -0.249652 -0.66382 0.0321409 1 
0.998986 -0.00827214 -0.0440305 0 -0.00714712 -0.999636 0.0256472 0 -0.0442275 -0.025307 -0.998701 0 -0.249502 -0.663668 0.0316765 1 
0.999 -0.00801169 -0.0437679 0 -0.00692305 -0.999655 0.0249681 0 -0.0439536 -0.0246406 -0.99873 0 -0.249359 -0.66349 0.0311501 1 
0.999016 -0.00769481 -0.0434531 0 -0.00665087 -0.999677 0.024118 0 -0.0436255 -0.0238058 -0.998764 0 -0.249208 -0.66326 0.0304955 1 
0.999031 -0.0074999 -0.0431352 0 -0.00650042 -0.999699 0.0232643 0 -0.0432975 -0.0229618 -0.998798 0 -0.249105 -0.663006 0.0298538 1 
0.999047 -0.00731891 -0.0427985 0 -0.00636654 -0.99972 0.0223463 0 -0.0429509 -0.022053 -0.998834 0 -0.249019 -0.662724 0.0291685 1 
0.999065 -0.0070979 -0.0424099 0 -0.00619881 -0.999744 0.0212937 0 -0.0425511 -0.0210113 -0.998873 0 -0.24894 -0.662391 0.0283756 1 
0.999084 -0.00700208 -0.0419814 0 -0.00615925 -0.999768 0.0201718 0 -0.0421137 -0.0198951 -0.998915 0 -0.248857 -0.662036 0.0275185 1 
0.999101 -0.00701277 -0.04157 0 -0.00622375 -0.999789 0.0190796 0 -0.0416959 -0.0188041 -0.998953 0 -0.248795 -0.661681 0.0266879 1 
0.999119 -0.00709551 -0.0411385 0 -0.00636203 -0.999809 0.017933 0 -0.0412586 -0.0176558 -0.998992 0 -0.248757 -0.661295 0.0258177 1 
0.999134 -0.00717675 -0.040745 0 -0.00649278 -0.999827 0.0168941 0 -0.04086 -0.0166153 -0.999027 0 -0.248746 -0.660946 0.0250101 1 
0.999148 -0.00730096 -0.0403826 0 -0.00666067 -0.999841 0.0159673 0 -0.0404935 -0.0156851 -0.999057 0 -0.248762 -0.660643 0.0242348 1 
0.999158 -0.00744436 -0.0400979 0 -0.00683801 -0.999851 0.0152374 0 -0.0402061 -0.0149507 -0.99908 0 -0.248805 -0.660426 0.0235487 1 
0.999155 -0.00759154 -0.0401609 0 -0.00697622 -0.999847 0.0154394 0 -0.0402727 -0.0151465 -0.999074 0 -0.248966 -0.660584 0.0233955 1 
0.99914 -0.00766031 -0.0405106 0 -0.0070013 -0.999832 0.0163844 0 -0.04063 -0.016087 -0.999045 0 -0.249157 -0.661009 0.0237674 1 
0.999125 -0.00768118 -0.0408697 0 -0.00697646 -0.999815 0.0173578 0 -0.0409963 -0.0170578 -0.999014 0 -0.24936 -0.661448 0.0241423 1 
0.999112 -0.00740757 -0.0412509 0 -0.0066545 -0.9998 0.0183631 0 -0.0413794 -0.0180726 -0.99898 0 -0.249604 -0.661913 0.0244971 1 
0.999099 -0.00694521 -0.0416466 0 -0.00614225 -0.999784 0.0193773 0 -0.0417729 -0.0191044 -0.998944 0 -0.249898 -0.662405 0.0247888 1 
0.999088 -0.00643141 -0.0419825 0 -0.00558503 -0.99977 0.0202464 0 -0.0421038 -0.0199939 -0.998913 0 -0.250209 -0.662849 0.0249542 1 
0.99908 -0.0058755 -0.0422512 0 -0.0049952 -0.999759 0.0209102 0 -0.0423647 -0.0206803 -0.998888 0 -0.250522 -0.663216 0.0249771 1 
0.999077 -0.00544929 -0.0423933 0 -0.00455143 -0.999754 0.0212468 0 -0.0424995 -0.0210346 -0.998875 0 -0.250825 -0.663435 0.0248248 1 
0.999078 -0.00499517 -0.0424023 0 -0.00409715 -0.999756 0.0212388 0 -0.0424989 -0.0210459 -0.998875 0 -0.251077 -0.663506 0.0245016 1 
0.999087 -0.00445449 -0.0422604 0 -0.00357636 -0.999767 0.0208316 0 -0.0423442 -0.0206618 -0.998889 0 -0.251235 -0.663418 0.0239943 1 
0.999099 -0.00445485 -0.0419795 0 -0.00361279 -0.999782 0.0201132 0 -0.0420607 -0.0199438 -0.998916 0 -0.251305 -0.663193 0.0233166 1 
0.999096 -0.004696 -0.0420181 0 -0.00384999 -0.999779 0.0201925 0 -0.0421045 -0.0200128 -0.998913 0 -0.251524 -0.663233 0.0231325 1 
0.999089 -0.00478957 -0.0421848 0 -0.00391549 -0.999767 0.0207784 0 -0.0422753 -0.0205947 -0.998894 0 -0.251717 -0.66346 0.0233622 1 
0.999084 -0.00465353 -0.0423209 0 -0.00376399 -0.999761 0.0210741 0 -0.0424097 -0.0208958 -0.998882 0 -0.251812 -0.663604 0.0234476 1 
0.99908 -0.00479032 -0.0423835 0 -0.00389494 -0.999758 0.0211829 0 -0.0424756 -0.0209987 -0.998877 0 -0.251932 -0.663642 0.0234461 1 
0.999082 -0.00507425 -0.0423212 0 -0.00418744 -0.999761 0.0210165 0 -0.0424185 -0.0208203 -0.998883 0 -0.252108 -0.663522 0.0233064 1 
0.999087 -0.00543715 -0.0421504 0 -0.00457227 -0.999768 0.0205881 0 -0.0422534 -0.020377 -0.998899 0 -0.252308 -0.663294 0.022984 1 
0.999095 -0.00587954 -0.0418967 0 -0.00504771 -0.999779 0.0199324 0 -0.0420054 -0.0197033 -0.998923 0 -0.252541 -0.662971 0.0224847 1 
0.999106 -0.00642348 -0.0415612 0 -0.0056342 -0.999792 0.0190798 0 -0.0416759 -0.0188289 -0.998954 0 -0.252813 -0.662563 0.0218445 1 
0.999118 -0.00700106 -0.0411805 0 -0.00626 -0.999807 0.0180969 0 -0.0413001 -0.0178235 -0.998988 0 -0.253103 -0.662099 0.0211024 1 
0.99913 -0.0075529 -0.0407715 0 -0.00686037 -0.999821 0.0170987 0 -0.0408942 -0.0168044 -0.999022 0 -0.253363 -0.661638 0.0203634 1 
0.999134 -0.00796995 -0.0405966 0 -0.00730006 -0.999826 0.0166228 0 -0.0407228 -0.0163124 -0.999037 0 -0.253598 -0.661367 0.0200176 1 
0.999131 -0.00815515 -0.0406375 0 -0.00747034 -0.999818 0.0169748 0 -0.0407693 -0.0166568 -0.99903 0 -0.253727 -0.661439 0.0202627 1 
0.999131 -0.00806441 -0.0406641 0 -0.00737439 -0.999817 0.0170901 0 -0.0407952 -0.0167757 -0.999027 0 -0.253679 -0.66151 0.0203124 1 
0.999131 -0.00799464 -0.0406669 0 -0.00730535 -0.999818 0.01707 0 -0.0407968 -0.0167584 -0.999027 0 -0.253632 -0.661522 0.0202946 1 
0.999132 -0.00797805 -0.0406608 0 -0.00728933 -0.999818 0.0170581 0 -0.0407903 -0.0167472 -0.999027 0 -0.253619 -0.661523 0.0202896 1 
0.999132 -0.00799824 -0.0406568 0 -0.0073098 -0.999818 0.0170533 0 -0.0407866 -0.0167416 -0.999028 0 -0.253628 -0.661517 0.0202849 1 
0.999131 -0.00806803 -0.0406651 0 -0.00737963 -0.999818 0.0170502 0 -0.0407961 -0.0167356 -0.999027 0 -0.253674 -0.6615 0.020284 1 
0.99913 -0.00822435 -0.0406388 0 -0.00753895 -0.999818 0.0169902 0 -0.0407719 -0.0166694 -0.999029 0 -0.253765 -0.661442 0.0202458 1 
0.99913 -0.00845736 -0.0405932 0 -0.00777548 -0.999817 0.0169264 0 -0.0407297 -0.0165964 -0.999032 0 -0.253895 -0.661365 0.0201987 1 
0.999132 -0.00873817 -0.0404901 0 -0.0080578 -0.999814 0.0169362 0 -0.0406313 -0.0165956 -0.999036 0 -0.253989 -0.66132 0.0201823 1 
0.999135 -0.00890127 -0.0403898 0 -0.0082233 -0.999813 0.0169207 0 -0.0405337 -0.0165743 -0.999041 0 -0.25402 -0.661292 0.0201502 1 
0.999137 -0.00890301 -0.0403423 0 -0.00822704 -0.999814 0.0168906 0 -0.0404859 -0.0165445 -0.999043 0 -0.253992 -0.661288 0.0201356 1 
0.999139 -0.00884492 -0.0402992 0 -0.0081693 -0.999814 0.0168989 0 -0.040442 -0.0165554 -0.999045 0 -0.25392 -0.661315 0.0201416 1 
0.99914 -0.00876837 -0.0402993 0 -0.00809233 -0.999815 0.0169078 0 -0.0404409 -0.0165674 -0.999045 0 -0.253863 -0.661339 0.0201444 1 
0.99914 -0.00871461 -0.0402946 0 -0.00803867 -0.999815 0.0169065 0 -0.0404353 -0.0165683 -0.999045 0 -0.253827 -0.661353 0.0201512 1 
0.99914 -0.00869254 -0.0403002 0 -0.00801665 -0.999815 0.0169025 0 -0.0404404 -0.0165653 -0.999045 0 -0.253817 -0.661362 0.0201779 1 
0.999142 -0.00864148 -0.0402758 0 -0.0079671 -0.999816 0.0168745 0 -0.040415 -0.0165395 -0.999046 0 -0.253781 -0.661368 0.0201764 1 
0.999143 -0.00849348 -0.0402818 0 -0.00781748 -0.999817 0.0169096 0 -0.0404188 -0.0165805 -0.999045 0 -0.253684 -0.661418 0.0202044 1 
0.999143 -0.00826779 -0.0403075 0 -0.00758871 -0.999818 0.0169712 0 -0.0404412 -0.0166511 -0.999043 0 -0.253548 -0.661493 0.0202578 1 
0.999146 -0.00806683 -0.0402886 0 -0.00739028 -0.99982 0.0169133 0 -0.0404186 -0.0166014 -0.999045 0 -0.253409 -0.66153 0.0202493 1 
0.999148 -0.00791446 -0.0402726 0 -0.00724141 -0.999823 0.0168306 0 -0.0403994 -0.016525 -0.999047 0 -0.253305 -0.661555 0.0202604 1 
0.999147 -0.00791946 -0.040289 0 -0.00724515 -0.999822 0.0168553 0 -0.0404161 -0.0165493 -0.999046 0 -0.253316 -0.661562 0.0202778 1 
0.999144 -0.00816075 -0.0403223 0 -0.00748738 -0.999821 0.0168225 0 -0.0404531 -0.0165065 -0.999045 0 -0.253483 -0.661491 0.0202645 1 
0.999139 -0.00864679 -0.0403492 0 -0.00797532 -0.999818 0.0167727 0 -0.0404877 -0.0164368 -0.999045 0 -0.253817 -0.66135 0.0202392 1 
0.999137 -0.00922383 -0.0402559 0 -0.00855752 -0.999814 0.0166926 0 -0.0404032 -0.016334 -0.99905 0 -0.254173 -0.661172 0.0201863 1 
0.999142 -0.00968878 -0.0400327 0 -0.00903607 -0.999814 0.0164533 0 -0.0401855 -0.0160778 -0.999063 0 -0.254373 -0.660961 0.0200789 1 
0.999149 -0.00988146 -0.0397926 0 -0.00924175 -0.999816 0.0162279 0 -0.0399464 -0.0158467 -0.999076 0 -0.25434 -0.660843 0.0199516 1 
0.999158 -0.00979362 -0.0396082 0 -0.00917135 -0.999823 0.0158619 0 -0.0397572 -0.0154856 -0.999089 0 -0.254207 -0.660719 0.0197576 1 
0.999167 -0.00960032 -0.0394267 0 -0.00900062 -0.999832 0.0153596 0 -0.0395683 -0.0149922 -0.999104 0 -0.254019 -0.660559 0.0195101 1 
0.999176 -0.0094003 -0.0392267 0 -0.00882431 -0.999841 0.014831 0 -0.0393606 -0.0144729 -0.99912 0 -0.253821 -0.660385 0.019237 1 
0.999187 -0.00914913 -0.0390287 0 -0.0085963 -0.999851 0.014309 0 -0.0391546 -0.0139621 -0.999136 0 -0.25359 -0.660243 0.018934 1 
0.999197 -0.00880991 -0.0388507 0 -0.00827651 -0.99986 0.0138689 0 -0.0389682 -0.0135364 -0.999149 0 -0.253315 -0.66018 0.0186173 1 
0.999205 -0.00850059 -0.0387016 0 -0.00798415 -0.999868 0.0134791 0 -0.0388118 -0.0131597 -0.99916 0 -0.253072 -0.660136 0.0183105 1 
0.999212 -0.00838558 -0.0385493 0 -0.00788942 -0.999875 0.0130049 0 -0.0386543 -0.0126908 -0.999172 0 -0.252959 -0.660011 0.0179626 1 
0.999217 -0.00855667 -0.03837 0 -0.00808447 -0.99988 0.0124446 0 -0.0384726 -0.0121249 -0.999186 0 -0.253031 -0.659785 0.0175495 1 
0.999221 -0.00895082 -0.0381824 0 -0.00850124 -0.999883 0.0119204 0 -0.0382854 -0.0115868 -0.9992 0 -0.253234 -0.659522 0.0171466 1 
0.999223 -0.00949573 -0.0379893 0 -0.00906696 -0.999884 0.0114431 0 -0.0380942 -0.01109 -0.999213 0 -0.25353 -0.65924 0.0167638 1 
0.999222 -0.0101307 -0.0378587 0 -0.00971074 -0.99988 0.0112607 0 -0.0379689 -0.0108845 -0.99922 0 -0.253884 -0.659061 0.0165148 1 
0.999224 -0.0107182 -0.0376338 0 -0.0102939 -0.999872 0.011451 0 -0.0377524 -0.0110549 -0.999226 0 -0.254088 -0.659094 0.0164202 1 
0.99923 -0.011176 -0.0373539 0 -0.0107457 -0.999864 0.0117008 0 -0.0374803 -0.0112906 -0.999234 0 -0.254099 -0.65921 0.0163634 1 
0.999234 -0.0111883 -0.0372545 0 -0.0107594 -0.999864 0.0116947 0 -0.037381 -0.0112851 -0.999237 0 -0.254039 -0.659252 0.0162647 1 
0.999238 -0.0110343 -0.0371933 0 -0.0106128 -0.999868 0.0115112 0 -0.0373161 -0.0111079 -0.999242 0 -0.253923 -0.659234 0.01612 1 
0.999243 -0.0108946 -0.0370965 0 -0.0104843 -0.999872 0.0112364 0 -0.0372149 -0.0108391 -0.999249 0 -0.253809 -0.659182 0.0159059 1 
0.999248 -0.0108735 -0.0369709 0 -0.0104766 -0.999876 0.0109119 0 -0.0370857 -0.0105165 -0.999257 0 -0.25377 -0.659107 0.0155954 1 
0.999252 -0.010913 -0.036845 0 -0.0105288 -0.999879 0.0106045 0 -0.0369569 -0.0102088 -0.999265 0 -0.253777 -0.65905 0.0152279 1 
0.999255 -0.01094 -0.036745 0 -0.0105647 -0.999881 0.0103904 0 -0.036855 -0.00999462 -0.999271 0 -0.253782 -0.659068 0.0148303 1 
0.999259 -0.0109257 -0.036632 0 -0.0105596 -0.999883 0.010174 0 -0.0367396 -0.00977982 -0.999277 0 -0.253779 -0.659134 0.0143368 1 
0.999265 -0.0108807 -0.0365005 0 -0.010526 -0.999886 0.00989623 0 -0.0366047 -0.00950493 -0.999285 0 -0.253779 -0.659233 0.0136887 1 
0.999272 -0.010849 -0.0363168 0 -0.0105116 -0.99989 0.00946803 0 -0.0364162 -0.00907956 -0.999295 0 -0.253768 -0.659286 0.0128973 1 
0.999284 -0.0107777 -0.0360123 0 -0.0104672 -0.999897 0.0087998 0 -0.0361041 -0.00841671 -0.999313 0 -0.253705 -0.659288 0.0118567 1 
0.999299 -0.0106018 -0.0356354 0 -0.010325 -0.999906 0.00794204 0 -0.0357169 -0.00756869 -0.999333 0 -0.253564 -0.659274 0.0106208 1 
0.999316 -0.0103608 -0.0352252 0 -0.0101213 -0.999915 0.00697261 0 -0.0352951 -0.00661145 -0.999355 0 -0.253375 -0.659256 0.00925406 1 
0.999337 -0.0100362 -0.0347106 0 -0.00984306 -0.999926 0.00573156 0 -0.0347662 -0.00538621 -0.999381 0 -0.253118 -0.65923 0.00752253 1 
0.999356 -0.00974757 -0.0342546 0 -0.00959463 -0.999934 0.00462627 0 -0.0342981 -0.00429471 -0.999402 0 -0.252897 -0.659231 0.00591484 1 
0.999372 -0.00957354 -0.0338466 0 -0.00945637 -0.999939 0.00362011 0 -0.0338799 -0.00329783 -0.99942 0 -0.252762 -0.659223 0.00440619 1 
0.999386 -0.00956242 -0.0334148 0 -0.00948111 -0.999942 0.00259076 0 -0.0334383 -0.00227241 -0.999438 0 -0.25273 -0.659173 0.00282914 1 
0.999399 -0.00961688 -0.0330199 0 -0.00956706 -0.999943 0.00166648 0 -0.0330347 -0.0013496 -0.999453 0 -0.252752 -0.659157 0.00127714 1 
0.999412 -0.00964089 -0.0326242 0 -0.00962057 -0.999944 0.000779611 0 -0.0326305 -0.000465299 -0.999467 0 -0.252762 -0.659205 -0.000358579 1 
0.999427 -0.00968027 -0.03213 0 -0.00969688 -0.999943 -0.000361189 0 -0.0321253 0.000672556 -0.999484 0 -0.252739 -0.659171 -0.00221737 1 
0.999444 -0.00974493 -0.0315805 0 -0.00980338 -0.999941 -0.00169646 0 -0.0315627 0.00200515 -0.9995 0 -0.252722 -0.659035 -0.00415757 1 
0.999458 -0.00979819 -0.0311148 0 -0.00988942 -0.999938 -0.00277944 0 -0.0310862 0.0030857 -0.999512 0 -0.252713 -0.658968 -0.00584818 1 
0.999473 -0.00984933 -0.0306327 0 -0.00997712 -0.999933 -0.00402172 0 -0.0305916 0.00432531 -0.999523 0 -0.252719 -0.658876 -0.00751948 1 
0.999485 -0.0100115 -0.0301736 0 -0.0101701 -0.999926 -0.00510581 0 -0.0301209 0.00541015 -0.999532 0 -0.252771 -0.658826 -0.0091152 1 
