0.99912 -0.0410429 0.00747968 0 -0.0407391 -0.998474 -0.0370352 0 0.00898847 0.0366986 -0.999286 0 -0.156444 -0.397297 0.533378 1 
0.99912 -0.0410422 0.00748079 0 -0.0407383 -0.998473 -0.0370419 0 0.00898982 0.0367053 -0.999286 0 -0.156443 -0.397297 0.533375 1 
0.99912 -0.0410286 0.00748043 0 -0.0407247 -0.998474 -0.0370409 0 0.00898892 0.0367043 -0.999286 0 -0.156438 -0.397298 0.533375 1 
0.99912 -0.0410402 0.00747979 0 -0.0407364 -0.998474 -0.0370316 0 0.00898833 0.036695 -0.999286 0 -0.156444 -0.397297 0.533379 1 
0.99912 -0.0410438 0.0074818 0 -0.04074 -0.998474 -0.0370332 0 0.00899054 0.0366965 -0.999286 0 -0.156445 -0.397297 0.533379 1 
0.99912 -0.0410353 0.0074803 0 -0.0407315 -0.998474 -0.0370349 0 0.0089888 0.0366983 -0.999286 0 -0.15644 -0.397298 0.533378 1 
0.99912 -0.0410418 0.00748276 0 -0.0407379 -0.998473 -0.0370398 0 0.00899169 0.0367031 -0.999286 0 -0.156442 -0.397297 0.533376 1 
0.99912 -0.0410378 0.00748221 0 -0.0407339 -0.998474 -0.0370381 0 0.00899093 0.0367015 -0.999286 0 -0.156442 -0.397297 0.533376 1 
0.99912 -0.0410483 0.00748024 0 -0.0407445 -0.998473 -0.0370352 0 0.00898923 0.0366986 -0.999286 0 -0.156445 -0.397296 0.533378 1 
0.99912 -0.0410436 0.00748089 0 -0.0407397 -0.998474 -0.0370348 0 0.00898969 0.0366981 -0.999286 0 -0.156444 -0.397297 0.533378 1 
0.99912 -0.0410415 0.00748008 0 -0.0407377 -0.998474 -0.0370345 0 0.00898879 0.0366979 -0.999286 0 -0.156443 -0.397297 0.533378 1 
0.99912 -0.0410382 0.00748188 0 -0.0407343 -0.998474 -0.0370393 0 0.00899066 0.0367026 -0.999286 0 -0.156441 -0.397298 0.533376 1 
0.99912 -0.0410409 0.00747989 0 -0.0407371 -0.998474 -0.0370354 0 0.00898861 0.0366988 -0.999286 0 -0.156444 -0.397296 0.533378 1 
0.99912 -0.0410326 0.00748007 0 -0.0407288 -0.998474 -0.0370337 0 0.00898842 0.0366972 -0.999286 0 -0.156442 -0.397297 0.533379 1 
0.99912 -0.0410411 0.00748113 0 -0.0407373 -0.998474 -0.0370357 0 0.00898987 0.0366991 -0.999286 0 -0.156442 -0.397298 0.533378 1 
0.99912 -0.0410434 0.00748248 0 -0.0407394 -0.998473 -0.0370411 0 0.00899152 0.0367043 -0.999286 0 -0.156444 -0.397296 0.533375 1 
0.99912 -0.0410465 0.00747835 0 -0.0407428 -0.998474 -0.0370301 0 0.00898706 0.0366935 -0.999286 0 -0.156444 -0.397296 0.53338 1 
0.99912 -0.0410355 0.00748125 0 -0.0407316 -0.998474 -0.0370354 0 0.00898977 0.0366988 -0.999286 0 -0.156442 -0.397298 0.533378 1 
0.99912 -0.0410399 0.00748041 0 -0.0407361 -0.998474 -0.0370332 0 0.00898901 0.0366965 -0.999286 0 -0.156442 -0.397297 0.533378 1 
0.99912 -0.04104 0.00748257 0 -0.0407361 -0.998474 -0.0370394 0 0.00899142 0.0367027 -0.999286 0 -0.156442 -0.397297 0.533376 1 
0.99912 -0.0410397 0.00748192 0 -0.0407358 -0.998473 -0.0370408 0 0.00899081 0.0367041 -0.999286 0 -0.156442 -0.397297 0.533375 1 
0.99912 -0.0410469 0.00747837 0 -0.0407431 -0.998474 -0.0370322 0 0.00898718 0.0366957 -0.999286 0 -0.156443 -0.397297 0.533379 1 
0.99912 -0.0410469 0.00747863 0 -0.0407432 -0.998473 -0.0370328 0 0.00898747 0.0366962 -0.999286 0 -0.156444 -0.397297 0.533379 1 
0.99912 -0.0410436 0.00748062 0 -0.0407398 -0.998474 -0.0370358 0 0.00898946 0.0366992 -0.999286 0 -0.156444 -0.397297 0.533378 1 
0.99912 -0.0410361 0.00748119 0 -0.0407322 -0.998474 -0.0370391 0 0.00898988 0.0367025 -0.999286 0 -0.156441 -0.397297 0.533376 1 
0.999121 -0.0410232 0.0074811 0 -0.0407193 -0.998474 -0.0370462 0 0.00898961 0.0367097 -0.999286 0 -0.156435 -0.397299 0.533374 1 
0.99912 -0.0410256 0.00748161 0 -0.0407216 -0.998474 -0.037045 0 0.00899016 0.0367084 -0.999286 0 -0.156435 -0.3973 0.533374 1 
0.999121 -0.041016 0.00748096 0 -0.0407121 -0.998474 -0.0370453 0 0.00898917 0.0367089 -0.999286 0 -0.156432 -0.397301 0.533374 1 
0.999121 -0.0410126 0.00748283 0 -0.0407086 -0.998474 -0.0370469 0 0.00899097 0.0367104 -0.999285 0 -0.156432 -0.3973 0.533373 1 
0.999121 -0.0410089 0.00747867 0 -0.0407052 -0.998475 -0.0370377 0 0.00898631 0.0367014 -0.999286 0 -0.156431 -0.397301 0.533377 1 
0.999122 -0.0409993 0.00747774 0 -0.0406955 -0.998475 -0.0370403 0 0.00898513 0.0367042 -0.999286 0 -0.156424 -0.397304 0.533375 1 
0.999121 -0.041001 0.00747895 0 -0.0406972 -0.998475 -0.0370435 0 0.00898654 0.0367073 -0.999286 0 -0.156426 -0.397304 0.533375 1 
0.999121 -0.0410201 0.00748304 0 -0.0407161 -0.998474 -0.0370433 0 0.00899132 0.0367067 -0.999286 0 -0.156436 -0.397299 0.533374 1 
0.99912 -0.0410327 0.00748557 0 -0.0407286 -0.998474 -0.037044 0 0.00899433 0.0367073 -0.999286 0 -0.15644 -0.397297 0.533374 1 
0.99912 -0.0410317 0.00748398 0 -0.0407277 -0.998474 -0.0370429 0 0.00899267 0.0367062 -0.999286 0 -0.156439 -0.397299 0.533374 1 
0.99912 -0.0410377 0.00748301 0 -0.0407338 -0.998474 -0.0370378 0 0.00899171 0.0367011 -0.999286 0 -0.156441 -0.397297 0.533377 1 
0.999119 -0.0410585 0.00748512 0 -0.0407545 -0.998473 -0.037037 0 0.00899455 0.0367001 -0.999286 0 -0.15645 -0.397294 0.533377 1 
0.999118 -0.0410798 0.0074921 0 -0.0407755 -0.998472 -0.0370394 0 0.00900239 0.0367019 -0.999286 0 -0.15646 -0.39729 0.533374 1 
0.999119 -0.0410711 0.00748771 0 -0.040767 -0.998472 -0.0370336 0 0.00899746 0.0366964 -0.999286 0 -0.156457 -0.397291 0.533377 1 
0.999119 -0.0410537 0.00748499 0 -0.0407497 -0.998473 -0.0370364 0 0.00899422 0.0366995 -0.999286 0 -0.156449 -0.397295 0.533376 1 
0.999119 -0.0410637 0.00748285 0 -0.0407599 -0.998473 -0.0370288 0 0.00899214 0.0366919 -0.999286 0 -0.156452 -0.397294 0.53338 1 
0.999118 -0.0410783 0.00748878 0 -0.0407741 -0.998472 -0.0370355 0 0.00899886 0.0366982 -0.999286 0 -0.156458 -0.397291 0.533377 1 
0.999119 -0.0410587 0.00748303 0 -0.0407548 -0.998473 -0.0370328 0 0.00899229 0.0366959 -0.999286 0 -0.156451 -0.397294 0.533377 1 
0.99912 -0.0410428 0.00748162 0 -0.0407389 -0.998474 -0.0370342 0 0.00899036 0.0366975 -0.999286 0 -0.156444 -0.397297 0.533377 1 
0.99912 -0.0410435 0.00748323 0 -0.0407396 -0.998474 -0.0370329 0 0.00899194 0.0366961 -0.999286 0 -0.156445 -0.397297 0.533378 1 
0.999119 -0.0410543 0.00748344 0 -0.0407504 -0.998473 -0.0370287 0 0.00899237 0.0366918 -0.999286 0 -0.15645 -0.397295 0.533379 1 
0.99912 -0.0410465 0.00748342 0 -0.0407425 -0.998473 -0.0370352 0 0.00899233 0.0366984 -0.999286 0 -0.156446 -0.397296 0.533377 1 
0.99912 -0.041045 0.00748061 0 -0.0407411 -0.998474 -0.0370341 0 0.00898943 0.0366974 -0.999286 0 -0.156444 -0.397296 0.533377 1 
0.999119 -0.0410487 0.0074845 0 -0.0407446 -0.998473 -0.0370392 0 0.00899365 0.0367024 -0.999286 0 -0.156445 -0.397297 0.533375 1 
0.999119 -0.0410491 0.00749078 0 -0.0407448 -0.998473 -0.0370489 0 0.00900034 0.0367118 -0.999285 0 -0.156445 -0.397297 0.53337 1 
0.999119 -0.0410647 0.00749131 0 -0.0407603 -0.998472 -0.0370501 0 0.00900149 0.0367128 -0.999285 0 -0.156454 -0.397293 0.533369 1 
0.999116 -0.0411309 0.00750154 0 -0.0408261 -0.99847 -0.0370477 0 0.00901403 0.0367094 -0.999285 0 -0.156482 -0.397285 0.533367 1 
0.999113 -0.0412097 0.00751211 0 -0.0409045 -0.998466 -0.0370503 0 0.00902759 0.0367108 -0.999285 0 -0.156519 -0.397273 0.533365 1 
0.99911 -0.0412781 0.00750687 0 -0.040973 -0.998463 -0.0370497 0 0.00902485 0.0367099 -0.999285 0 -0.156545 -0.397261 0.533366 1 
0.99911 -0.0412738 0.00750657 0 -0.0409688 -0.998464 -0.0370412 0 0.00902404 0.0367014 -0.999286 0 -0.156543 -0.397261 0.533369 1 
0.999107 -0.0413414 0.00751235 0 -0.0410362 -0.998461 -0.0370392 0 0.00903222 0.0366985 -0.999286 0 -0.15657 -0.397252 0.533369 1 
0.999106 -0.0413679 0.00751547 0 -0.0410626 -0.99846 -0.037034 0 0.00903609 0.036693 -0.999286 0 -0.156584 -0.397248 0.53337 1 
0.999106 -0.0413589 0.00751356 0 -0.0410537 -0.998461 -0.037035 0 0.00903389 0.0366941 -0.999286 0 -0.156578 -0.397251 0.53337 1 
0.999108 -0.0413358 0.00750192 0 -0.0410312 -0.998462 -0.0370163 0 0.00902065 0.0366762 -0.999286 0 -0.156572 -0.397256 0.533379 1 
0.999106 -0.0413728 0.00750391 0 -0.0410681 -0.998461 -0.0370115 0 0.0090238 0.0366709 -0.999287 0 -0.156587 -0.39725 0.53338 1 
0.999104 -0.0414241 0.00751143 0 -0.0411192 -0.998459 -0.0370017 0 0.00903279 0.0366604 -0.999287 0 -0.156611 -0.39724 0.533384 1 
0.999103 -0.0414515 0.00753001 0 -0.0411459 -0.998458 -0.0369986 0 0.00905222 0.0366562 -0.999287 0 -0.156624 -0.397235 0.533382 1 
0.999103 -0.0414492 0.00753307 0 -0.0411435 -0.998458 -0.0370048 0 0.00905545 0.0366624 -0.999287 0 -0.156624 -0.397234 0.533379 1 
0.999102 -0.0414531 0.00753851 0 -0.041147 -0.998458 -0.0370164 0 0.0090615 0.0366737 -0.999286 0 -0.156624 -0.397233 0.533374 1 
0.999102 -0.0414555 0.00755583 0 -0.0411484 -0.998456 -0.0370618 0 0.00908075 0.0367183 -0.999284 0 -0.156627 -0.397236 0.533352 1 
0.999101 -0.0414728 0.00755583 0 -0.0411657 -0.998455 -0.03706 0 0.00908132 0.0367164 -0.999284 0 -0.156634 -0.397233 0.533352 1 
0.999101 -0.04148 0.00754754 0 -0.0411734 -0.998456 -0.0370335 0 0.00907221 0.0366902 -0.999286 0 -0.156637 -0.397235 0.533362 1 
0.9991 -0.0415016 0.00754116 0 -0.0411956 -0.998456 -0.0370016 0 0.00906532 0.0366584 -0.999287 0 -0.15665 -0.397233 0.533375 1 
0.9991 -0.0415084 0.00754382 0 -0.0412022 -0.998456 -0.0370057 0 0.00906839 0.0366622 -0.999287 0 -0.156653 -0.397232 0.533373 1 
0.999101 -0.0414813 0.00753698 0 -0.0411754 -0.998457 -0.0370011 0 0.00906038 0.0366582 -0.999287 0 -0.156642 -0.397237 0.533376 1 
0.999103 -0.0414532 0.00751083 0 -0.0411487 -0.99846 -0.0369488 0 0.00903109 0.0366073 -0.999289 0 -0.15663 -0.397245 0.533399 1 
0.9991 -0.041509 0.00752571 0 -0.0412039 -0.998457 -0.0369603 0 0.00904846 0.0366177 -0.999288 0 -0.156652 -0.397235 0.533393 1 
0.999098 -0.0415564 0.00754188 0 -0.0412505 -0.998455 -0.0369825 0 0.00906725 0.0366387 -0.999287 0 -0.156671 -0.397228 0.533381 1 
0.999101 -0.0414804 0.00753037 0 -0.0411749 -0.998458 -0.0369864 0 0.00905314 0.0366438 -0.999287 0 -0.15664 -0.39724 0.533381 1 
0.999104 -0.0414214 0.0075172 0 -0.0411165 -0.99846 -0.0369853 0 0.00903777 0.0366437 -0.999288 0 -0.156615 -0.397249 0.533383 1 
0.999102 -0.0414632 0.00753168 0 -0.0411575 -0.998458 -0.036998 0 0.00905429 0.0366554 -0.999287 0 -0.156636 -0.397241 0.533376 1 
0.999101 -0.0414775 0.00755827 0 -0.0411704 -0.998455 -0.0370572 0 0.00908381 0.0367135 -0.999285 0 -0.156643 -0.397241 0.533348 1 
0.999103 -0.0414273 0.00754621 0 -0.0411206 -0.998457 -0.0370558 0 0.00906986 0.036713 -0.999285 0 -0.156619 -0.397253 0.53335 1 
0.999108 -0.0413239 0.00752689 0 -0.0410181 -0.998462 -0.0370428 0 0.00904623 0.0367017 -0.999285 0 -0.156578 -0.397269 0.533359 1 
0.99911 -0.0412735 0.00753133 0 -0.0409673 -0.998463 -0.0370751 0 0.00905015 0.0367342 -0.999284 0 -0.156557 -0.397277 0.533344 1 
0.999109 -0.0412835 0.00756425 0 -0.0409754 -0.998459 -0.0371553 0 0.00908668 0.036813 -0.999281 0 -0.156564 -0.397277 0.533305 1 
0.999107 -0.0413389 0.0075812 0 -0.0410298 -0.998456 -0.0371853 0 0.00910688 0.0368418 -0.99928 0 -0.156592 -0.397269 0.533291 1 
0.999105 -0.0413837 0.00759237 0 -0.041074 -0.998453 -0.0372144 0 0.00912087 0.03687 -0.999278 0 -0.156607 -0.397257 0.533279 1 
0.999105 -0.0413645 0.00762178 0 -0.0410527 -0.99845 -0.0373148 0 0.00915365 0.0369693 -0.999274 0 -0.156598 -0.397255 0.533238 1 
0.999104 -0.0414318 0.00742762 0 -0.0411319 -0.998467 -0.0367829 0 0.00894039 0.0364451 -0.999296 0 -0.156698 -0.397431 0.533205 1 
0.9991 -0.041656 0.00671773 0 -0.0413985 -0.998528 -0.0347629 0 0.00815608 0.0344542 -0.999373 0 -0.157023 -0.397946 0.533257 1 
0.999089 -0.0420242 0.0060536 0 -0.0418037 -0.998577 -0.0328298 0 0.00742477 0.0325475 -0.999443 0 -0.157418 -0.398479 0.533227 1 
0.999069 -0.0425392 0.00570538 0 -0.042337 -0.998587 -0.0318086 0 0.00705057 0.0315381 -0.999478 0 -0.15785 -0.398941 0.53295 1 
0.999053 -0.0429435 0.00546422 0 -0.042754 -0.998594 -0.0310345 0 0.00678939 0.0307721 -0.999503 0 -0.158286 -0.399555 0.532424 1 
0.999043 -0.0431627 0.00563617 0 -0.0429645 -0.99857 -0.0315037 0 0.00698803 0.031232 -0.999488 0 -0.158621 -0.400131 0.531542 1 
0.99903 -0.0433229 0.00658199 0 -0.0430745 -0.998481 -0.03408 0 0.00804859 0.033764 -0.999397 0 -0.158863 -0.400613 0.530051 1 
0.998992 -0.0439593 0.00801472 0 -0.0436242 -0.998314 -0.0380468 0 0.0096739 0.0376595 -0.999244 0 -0.159076 -0.40113 0.528016 1 
0.998899 -0.0456877 0.00970204 0 -0.0452315 -0.998044 -0.0429378 0 0.011645 0.0424525 -0.999031 0 -0.159264 -0.401769 0.525542 1 
0.998757 -0.0483556 0.0113024 0 -0.0477629 -0.997702 -0.0478601 0 0.013591 0.0472616 -0.99879 0 -0.159401 -0.402591 0.52292 1 
0.998538 -0.0523466 0.0127325 0 -0.0516104 -0.997274 -0.0525445 0 0.0154487 0.0518116 -0.998537 0 -0.159534 -0.403799 0.520013 1 
0.998273 -0.0569077 0.013886 0 -0.0560354 -0.996808 -0.0567032 0 0.0170688 0.0558282 -0.998294 0 -0.159687 -0.405451 0.516827 1 
0.997941 -0.0622856 0.0146854 0 -0.0612974 -0.996294 -0.060175 0 0.0183793 0.059152 -0.99808 0 -0.159988 -0.407765 0.513139 1 
0.997648 -0.066829 0.0145649 0 -0.0658204 -0.99594 -0.0612457 0 0.0185991 0.0601441 -0.998016 0 -0.160477 -0.410725 0.509426 1 
0.997436 -0.0700681 0.0138958 0 -0.0691066 -0.995759 -0.0605653 0 0.0180809 0.0594509 -0.998067 0 -0.160985 -0.414087 0.505902 1 
0.997288 -0.0723285 0.0128573 0 -0.0714565 -0.995704 -0.0587278 0 0.0170501 0.0576509 -0.998191 0 -0.161595 -0.417923 0.502279 1 
0.997174 -0.0741323 0.011381 0 -0.0733899 -0.995737 -0.0556915 0 0.0154613 0.0546999 -0.998383 0 -0.162363 -0.422444 0.498292 1 
0.997125 -0.075082 0.00923816 0 -0.074518 -0.995906 -0.0509742 0 0.0130278 0.0501402 -0.998657 0 -0.163136 -0.427167 0.494636 1 
0.997104 -0.0756073 0.00686338 0 -0.0752149 -0.9961 -0.0459261 0 0.0103092 0.0452777 -0.998921 0 -0.164014 -0.432194 0.490822 1 
0.997089 -0.0760322 0.00366119 0 -0.0758309 -0.996339 -0.0392367 0 0.00663117 0.0388456 -0.999223 0 -0.16508 -0.437761 0.486877 1 
0.997 -0.077281 -0.000460028 0 -0.077256 -0.996486 -0.0320711 0 0.00202011 0.032011 -0.999485 0 -0.166227 -0.443416 0.483133 1 
0.996843 -0.0791171 -0.00497293 0 -0.0792196 -0.996514 -0.0257774 0 -0.00291621 0.0260905 -0.999655 0 -0.167541 -0.449284 0.478863 1 
0.996692 -0.0805462 -0.00991183 0 -0.0807258 -0.99654 -0.0193039 0 -0.00832284 0.0200405 -0.999765 0 -0.168845 -0.454872 0.47498 1 
0.996522 -0.0819767 -0.014268 0 -0.0821845 -0.9965 -0.0146448 0 -0.0130178 0.0157668 -0.999791 0 -0.170171 -0.460452 0.470266 1 
0.996252 -0.0843604 -0.0185999 0 -0.084555 -0.99636 -0.0099309 0 -0.0176948 0.0114666 -0.999778 0 -0.171424 -0.465646 0.46602 1 
0.995949 -0.0869921 -0.0223231 0 -0.0871693 -0.996159 -0.00709014 0 -0.021621 0.00900748 -0.999726 0 -0.172651 -0.470762 0.460994 1 
0.995598 -0.0900197 -0.0257147 0 -0.0901544 -0.99591 -0.00412417 0 -0.0252387 0.00642444 -0.999661 0 -0.173845 -0.4755 0.456316 1 
0.99525 -0.0930292 -0.0283584 0 -0.0931427 -0.995639 -0.00270711 0 -0.0279835 0.00533574 -0.999594 0 -0.174928 -0.480144 0.451061 1 
0.994968 -0.0953398 -0.0305036 0 -0.0954241 -0.995426 -0.00131655 0 -0.0302391 0.00422078 -0.999534 0 -0.17584 -0.484238 0.446301 1 
0.994857 -0.0958907 -0.032341 0 -0.0959845 -0.995372 -0.00135459 0 -0.032062 0.00445194 -0.999476 0 -0.176748 -0.488378 0.440866 1 
0.994815 -0.0958011 -0.0338534 0 -0.0959026 -0.99538 -0.00138405 0 -0.033565 0.00462359 -0.999426 0 -0.177613 -0.492272 0.435652 1 
0.994816 -0.0954923 -0.0346748 0 -0.0956196 -0.995406 -0.00202652 0 -0.0343226 0.0053317 -0.999397 0 -0.178384 -0.496037 0.430154 1 
0.994884 -0.0947425 -0.0348044 0 -0.0948989 -0.995473 -0.00286556 0 -0.034376 0.00615392 -0.99939 0 -0.179078 -0.499592 0.424735 1 
0.995011 -0.0935512 -0.0343735 0 -0.0937407 -0.995579 -0.00393885 0 -0.0338537 0.00714154 -0.999401 0 -0.179688 -0.503003 0.419323 1 
0.995143 -0.0923209 -0.033878 0 -0.092527 -0.99569 -0.00456394 0 -0.0333113 0.00767655 -0.999416 0 -0.180308 -0.506297 0.414018 1 
0.995279 -0.0910116 -0.0334296 0 -0.0912349 -0.995806 -0.00521373 0 -0.0328155 0.00823922 -0.999427 0 -0.180858 -0.509502 0.408709 1 
0.995399 -0.089887 -0.0328992 0 -0.090141 -0.995899 -0.00631745 0 -0.032197 0.00925413 -0.999439 0 -0.181538 -0.512712 0.403013 1 
0.995483 -0.0890038 -0.0327464 0 -0.0892435 -0.995983 -0.00593108 0 -0.0320876 0.00882687 -0.999446 0 -0.182253 -0.515736 0.398172 1 
0.995572 -0.0881271 -0.0324197 0 -0.0883693 -0.996059 -0.00611314 0 -0.0317538 0.00895115 -0.999456 0 -0.183076 -0.518968 0.392453 1 
0.995631 -0.0874532 -0.0324374 0 -0.0876798 -0.996123 -0.00562703 0 -0.0318202 0.00844671 -0.999458 0 -0.183976 -0.521983 0.387312 1 
0.995683 -0.0868632 -0.0324212 0 -0.0871028 -0.996171 -0.0060499 0 -0.0317722 0.00884793 -0.999456 0 -0.184927 -0.52476 0.382016 1 
0.995713 -0.0863815 -0.0327749 0 -0.0865971 -0.99622 -0.00521422 0 -0.0322012 0.00803023 -0.999449 0 -0.186008 -0.527669 0.376843 1 
0.995755 -0.0857878 -0.0330712 0 -0.0860028 -0.996272 -0.00513205 0 -0.0325082 0.00795463 -0.99944 0 -0.187012 -0.530366 0.371539 1 
0.995786 -0.0853931 -0.0331549 0 -0.0856266 -0.996301 -0.00568357 0 -0.0325476 0.00849872 -0.999434 0 -0.188013 -0.532794 0.366297 1 
0.99582 -0.0849113 -0.0333701 0 -0.0851514 -0.996341 -0.00583682 0 -0.0327531 0.0086541 -0.999426 0 -0.188957 -0.535195 0.361346 1 
0.995856 -0.084577 -0.033148 0 -0.0848431 -0.996362 -0.00670092 0 -0.0324613 0.00948571 -0.999428 0 -0.189894 -0.537548 0.355807 1 
0.995891 -0.0842221 -0.0330043 0 -0.0845079 -0.996386 -0.00735965 0 -0.0322658 0.0101187 -0.999428 0 -0.190714 -0.539658 0.350877 1 
0.99592 -0.0840525 -0.0325431 0 -0.0843894 -0.996381 -0.00911873 0 -0.0316595 0.0118281 -0.999429 0 -0.191522 -0.541464 0.345883 1 
0.995951 -0.0839843 -0.031762 0 -0.0843963 -0.996352 -0.0118586 0 -0.0306508 0.0144915 -0.999425 0 -0.192298 -0.543074 0.340704 1 
0.995968 -0.0839695 -0.0312594 0 -0.0844186 -0.996332 -0.0133336 0 -0.0300257 0.015919 -0.999422 0 -0.193048 -0.544668 0.336186 1 
0.995978 -0.0841317 -0.0305104 0 -0.0846426 -0.996276 -0.0158559 0 -0.0290634 0.018375 -0.999409 0 -0.193925 -0.546183 0.330898 1 
0.995982 -0.0842675 -0.0300037 0 -0.0848362 -0.996219 -0.0182123 0 -0.0283561 0.0206849 -0.999384 0 -0.194817 -0.547556 0.325996 1 
0.99599 -0.0842934 -0.0296418 0 -0.0849227 -0.996164 -0.0206483 0 -0.0277881 0.0230832 -0.999347 0 -0.195669 -0.548812 0.321271 1 
0.99601 -0.0841424 -0.0293967 0 -0.0848508 -0.996101 -0.0237436 0 -0.0272848 0.0261437 -0.999286 0 -0.196478 -0.549864 0.316574 1 
0.99603 -0.0838086 -0.029676 0 -0.084583 -0.996071 -0.0258781 0 -0.0273912 0.028286 -0.999225 0 -0.197348 -0.55103 0.312312 1 
0.996046 -0.0834218 -0.0302359 0 -0.0842397 -0.996074 -0.0268674 0 -0.0278764 0.0293088 -0.999182 0 -0.198312 -0.552474 0.307882 1 
0.996062 -0.0828377 -0.0313045 0 -0.0836778 -0.996129 -0.0265505 0 -0.0289845 0.029066 -0.999157 0 -0.199421 -0.554282 0.303181 1 
0.996063 -0.08215 -0.0330303 0 -0.0829567 -0.996258 -0.0238391 0 -0.0309489 0.0264859 -0.99917 0 -0.200536 -0.556326 0.299567 1 
0.996068 -0.0812788 -0.0349648 0 -0.0820525 -0.996391 -0.0212908 0 -0.0331088 0.0240765 -0.999162 0 -0.201724 -0.558413 0.295605 1 
0.996069 -0.0802333 -0.0372718 0 -0.0809426 -0.996548 -0.0179239 0 -0.0357057 0.0208707 -0.999144 0 -0.202899 -0.560501 0.29187 1 
0.996064 -0.0789452 -0.0400667 0 -0.0795562 -0.996724 -0.0138884 0 -0.0388397 0.0170216 -0.9991 0 -0.204126 -0.562654 0.288368 1 
0.996058 -0.0776148 -0.0427199 0 -0.0781374 -0.996876 -0.0106999 0 -0.0417568 0.013996 -0.99903 0 -0.20535 -0.564664 0.284439 1 
0.996051 -0.0764545 -0.0449112 0 -0.0768897 -0.996998 -0.00804253 0 -0.0441624 0.0114642 -0.998959 0 -0.206419 -0.566401 0.280617 1 
0.996041 -0.0756378 -0.0465063 0 -0.0759574 -0.997088 -0.0051419 0 -0.0459829 0.00865421 -0.998905 0 -0.207333 -0.568092 0.276904 1 
0.996043 -0.0750203 -0.0474421 0 -0.0752634 -0.997148 -0.00335621 0 -0.0470559 0.00691371 -0.998868 0 -0.208117 -0.569566 0.272846 1 
0.996066 -0.0744965 -0.0477925 0 -0.0747522 -0.997186 -0.00358239 0 -0.047392 0.00714103 -0.998851 0 -0.208761 -0.570585 0.268651 1 
0.996078 -0.0741035 -0.0481465 0 -0.0743652 -0.997215 -0.0036647 0 -0.0477418 0.00723089 -0.998834 0 -0.209439 -0.571528 0.264636 1 
0.996088 -0.0738853 -0.0482785 0 -0.0741709 -0.997227 -0.00414972 0 -0.047839 0.0077145 -0.998825 0 -0.210111 -0.572326 0.260615 1 
0.996129 -0.0736589 -0.0477626 0 -0.0740612 -0.997222 -0.00670483 0 -0.0471369 0.0102164 -0.998836 0 -0.210592 -0.572722 0.25625 1 
0.996174 -0.0734663 -0.0471306 0 -0.0739864 -0.997205 -0.00938297 0 -0.0463105 0.0128343 -0.998845 0 -0.210996 -0.573055 0.251996 1 
0.996208 -0.0734128 -0.0464789 0 -0.0740294 -0.997178 -0.0116836 0 -0.0454909 0.0150804 -0.998851 0 -0.211403 -0.573382 0.248079 1 
0.996259 -0.0734114 -0.0453715 0 -0.0741801 -0.997115 -0.0154964 0 -0.0441038 0.0188045 -0.99885 0 -0.211718 -0.573412 0.243744 1 
0.996312 -0.0734798 -0.0440982 0 -0.0744163 -0.997017 -0.0199828 0 -0.0424992 0.0231911 -0.998827 0 -0.211994 -0.573233 0.239415 1 
0.996355 -0.0736067 -0.0428844 0 -0.0746851 -0.996906 -0.0241081 0 -0.040978 0.0272236 -0.998789 0 -0.212252 -0.57306 0.235507 1 
0.996386 -0.0737875 -0.0418406 0 -0.0749695 -0.996799 -0.0274197 0 -0.0396842 0.030458 -0.998748 0 -0.212538 -0.572985 0.231892 1 
0.996409 -0.0740549 -0.0408106 0 -0.0753171 -0.996689 -0.0303104 0 -0.0384315 0.033276 -0.998707 0 -0.212876 -0.572978 0.227991 1 
0.996423 -0.0742612 -0.040079 0 -0.075564 -0.996617 -0.0320306 0 -0.0375655 0.0349452 -0.998683 0 -0.213274 -0.573188 0.224183 1 
0.996432 -0.0743139 -0.0397786 0 -0.0756333 -0.996588 -0.0327565 0 -0.0372093 0.0356489 -0.998671 0 -0.213734 -0.573562 0.220781 1 
0.996448 -0.0740882 -0.0397773 0 -0.075431 -0.996582 -0.0333893 0 -0.0371683 0.0362719 -0.998651 0 -0.214232 -0.573941 0.217405 1 
0.996477 -0.0736227 -0.0399151 0 -0.074994 -0.996594 -0.0340192 0 -0.0372753 0.0368934 -0.998624 0 -0.214761 -0.574319 0.213715 1 
0.996512 -0.0732021 -0.0398339 0 -0.0746179 -0.996578 -0.0352953 0 -0.0371146 0.0381453 -0.998583 0 -0.215154 -0.574507 0.210255 1 
0.99656 -0.0732709 -0.0384769 0 -0.0748026 -0.996386 -0.0400015 0 -0.0354076 0.0427428 -0.998458 0 -0.214934 -0.573462 0.207646 1 
0.996589 -0.0731206 -0.0380013 0 -0.0746895 -0.996327 -0.0416473 0 -0.0348172 0.0443444 -0.998409 0 -0.214653 -0.572856 0.206924 1 
0.996619 -0.0726318 -0.0381688 0 -0.0741794 -0.996399 -0.0408264 0 -0.0350667 0.0435205 -0.998437 0 -0.214416 -0.573159 0.207326 1 
0.996625 -0.0724443 -0.038344 0 -0.0739753 -0.996442 -0.0401417 0 -0.0353002 0.0428436 -0.998458 0 -0.214366 -0.573412 0.207645 1 
0.99661 -0.0726459 -0.0383653 0 -0.0741792 -0.996426 -0.0401792 0 -0.03531 0.0428897 -0.998456 0 -0.214483 -0.57335 0.207639 1 
0.996588 -0.0729967 -0.0382658 0 -0.0745418 -0.99638 -0.0406367 0 -0.0351616 0.0433513 -0.998441 0 -0.214675 -0.573191 0.207376 1 
0.996583 -0.0731604 -0.0380763 0 -0.0747199 -0.99634 -0.0412854 0 -0.0349172 0.0439903 -0.998422 0 -0.214739 -0.573041 0.206997 1 
0.996607 -0.0729656 -0.0378323 0 -0.0745399 -0.996323 -0.0420173 0 -0.0346281 0.0446956 -0.9984 0 -0.2146 -0.572969 0.20654 1 
0.996636 -0.0726759 -0.0376198 0 -0.0742634 -0.996315 -0.0426779 0 -0.0343802 0.045329 -0.99838 0 -0.214422 -0.572947 0.20611 1 
0.996668 -0.0722392 -0.0376202 0 -0.073858 -0.996306 -0.0435818 0 -0.0343336 0.046216 -0.998341 0 -0.214327 -0.572896 0.205534 1 
0.99669 -0.0719588 -0.0375763 0 -0.073616 -0.996272 -0.0447554 0 -0.0342164 0.0473744 -0.998291 0 -0.21436 -0.572809 0.204714 1 
0.996692 -0.072096 -0.0372485 0 -0.0737815 -0.996201 -0.04605 0 -0.0337876 0.0486469 -0.998244 0 -0.214483 -0.572709 0.203732 1 
0.996687 -0.0724105 -0.0367836 0 -0.0741246 -0.996103 -0.0475959 0 -0.0331944 0.0501657 -0.998189 0 -0.214658 -0.572539 0.202663 1 
0.996675 -0.0728454 -0.0362348 0 -0.0745895 -0.995982 -0.0493694 0 -0.0324935 0.051909 -0.998123 0 -0.214897 -0.572334 0.201434 1 
0.996654 -0.073397 -0.0356856 0 -0.0751695 -0.995848 -0.0511617 0 -0.031783 0.053674 -0.998053 0 -0.215206 -0.572104 0.200188 1 
0.996616 -0.0741615 -0.0351748 0 -0.0759577 -0.995701 -0.0528207 0 -0.0311069 0.0553148 -0.997984 0 -0.21564 -0.571825 0.199039 1 
0.996565 -0.0750462 -0.0347524 0 -0.0768597 -0.995559 -0.0541764 0 -0.0305329 0.0566625 -0.997926 0 -0.216141 -0.571546 0.198097 1 
0.996496 -0.0760915 -0.0344459 0 -0.0779152 -0.995425 -0.0551256 0 -0.0300943 0.0576174 -0.997885 0 -0.216765 -0.571363 0.197351 1 
0.996427 -0.0770603 -0.0342867 0 -0.0788872 -0.995324 -0.0555731 0 -0.0298445 0.0580804 -0.997866 0 -0.217379 -0.571306 0.196899 1 
0.996357 -0.0779808 -0.0342319 0 -0.079806 -0.995246 -0.0556574 0 -0.0297295 0.0581877 -0.997863 0 -0.217988 -0.571358 0.196622 1 
0.996285 -0.0788336 -0.0343933 0 -0.0806451 -0.995219 -0.0549174 0 -0.0299001 0.0574881 -0.997898 0 -0.218638 -0.571633 0.196543 1 
0.996217 -0.0795529 -0.0347076 0 -0.0813404 -0.995237 -0.0535502 0 -0.0302828 0.0561718 -0.997962 0 -0.219275 -0.572111 0.196551 1 
0.996164 -0.0800899 -0.0349692 0 -0.0818565 -0.995256 -0.0524074 0 -0.0306066 0.0550699 -0.998013 0 -0.21981 -0.57266 0.19649 1 
0.99612 -0.0804884 -0.0353228 0 -0.0822252 -0.995307 -0.05083 0 -0.0310664 0.0535382 -0.998082 0 -0.220333 -0.573425 0.196428 1 
0.996077 -0.0808047 -0.0357984 0 -0.0824993 -0.995391 -0.0487011 0 -0.0316987 0.0514644 -0.998172 0 -0.22086 -0.574363 0.196326 1 
0.996037 -0.0810189 -0.0364375 0 -0.0826499 -0.995519 -0.0457357 0 -0.0325694 0.0485669 -0.998289 0 -0.221398 -0.575502 0.196066 1 
0.996004 -0.0810484 -0.0372464 0 -0.0825892 -0.995694 -0.0418787 0 -0.0336925 0.0447884 -0.998428 0 -0.2219 -0.576882 0.195564 1 
0.99598 -0.0809535 -0.0380944 0 -0.0823864 -0.995878 -0.037678 0 -0.0348879 0.0406658 -0.998564 0 -0.222372 -0.57838 0.194733 1 
0.995962 -0.0808575 -0.0387537 0 -0.0821916 -0.996021 -0.0341644 0 -0.0358378 0.0372124 -0.998665 0 -0.2228 -0.579743 0.19363 1 
0.995955 -0.0806914 -0.0392971 0 -0.0819298 -0.996146 -0.0309929 0 -0.0366455 0.0340878 -0.998747 0 -0.223197 -0.581062 0.192216 1 
0.995984 -0.080145 -0.0396781 0 -0.0812955 -0.996279 -0.0282821 0 -0.0372645 0.0313948 -0.998812 0 -0.223486 -0.582342 0.190455 1 
0.996009 -0.0797012 -0.0399382 0 -0.0807794 -0.996379 -0.0261496 0 -0.0377102 0.0292719 -0.99886 0 -0.22375 -0.583555 0.188636 1 
0.996016 -0.079548 -0.0400532 0 -0.0805733 -0.996434 -0.0246659 0 -0.037949 0.0277954 -0.998893 0 -0.224049 -0.584615 0.186784 1 
0.996034 -0.0793639 -0.0399811 0 -0.0803489 -0.996476 -0.0236612 0 -0.0379631 0.0267803 -0.99892 0 -0.224333 -0.585663 0.184311 1 
0.996057 -0.079108 -0.0399051 0 -0.0800493 -0.996526 -0.0225675 0 -0.0379819 0.0256734 -0.998949 0 -0.224597 -0.586762 0.181589 1 
0.996072 -0.0788645 -0.0400148 0 -0.0797392 -0.99659 -0.0207555 0 -0.0382422 0.0238652 -0.998983 0 -0.224914 -0.588019 0.179064 1 
0.99608 -0.0786859 -0.0401848 0 -0.0794862 -0.996651 -0.0187205 0 -0.0385779 0.0218417 -0.999017 0 -0.225293 -0.589341 0.176577 1 
0.996087 -0.0785336 -0.040305 0 -0.0792566 -0.996705 -0.0166629 0 -0.0388643 0.0197925 -0.999048 0 -0.225712 -0.590714 0.173615 1 
0.996094 -0.0783373 -0.0405033 0 -0.0789723 -0.996764 -0.0143206 0 -0.0392511 0.0174637 -0.999077 0 -0.226114 -0.592151 0.170847 1 
0.996087 -0.0781412 -0.0410654 0 -0.0786359 -0.996838 -0.01057 0 -0.0401103 0.0137582 -0.999101 0 -0.226637 -0.593998 0.168417 1 
0.996064 -0.0779967 -0.0418769 0 -0.0782992 -0.996904 -0.00562814 0 -0.041309 0.00888509 -0.999107 0 -0.227277 -0.59609 0.165743 1 
0.996051 -0.0778409 -0.0424771 0 -0.077971 -0.996945 -0.00141054 0 -0.0422384 0.00471704 -0.999096 0 -0.227871 -0.598025 0.162701 1 
0.996032 -0.0776677 -0.0432202 0 -0.0776004 -0.99697 0.00323512 0 -0.0433413 0.000131627 -0.99906 0 -0.22848 -0.600066 0.160055 1 
0.996024 -0.0774777 -0.0437437 0 -0.0772447 -0.996978 0.00699425 0 -0.0441543 -0.00358754 -0.999018 0 -0.229032 -0.60195 0.157256 1 
0.996028 -0.077304 -0.0439677 0 -0.0769548 -0.996979 0.00958311 0 -0.0445765 -0.00616164 -0.998987 0 -0.229498 -0.603501 0.154067 1 
0.996028 -0.0770579 -0.0443874 0 -0.0765523 -0.996971 0.0129816 0 -0.0452541 -0.00953224 -0.99893 0 -0.230017 -0.60531 0.151039 1 
0.996047 -0.0767218 -0.0445597 0 -0.0761125 -0.996973 0.0152163 0 -0.0455931 -0.0117648 -0.998891 0 -0.23043 -0.606887 0.148114 1 
0.996073 -0.0764842 -0.0443831 0 -0.0758403 -0.996982 0.0160167 0 -0.045475 -0.012588 -0.998886 0 -0.230743 -0.608151 0.144841 1 
0.996098 -0.076218 -0.0442741 0 -0.0755306 -0.996989 0.0169991 0 -0.0454373 -0.013589 -0.998875 0 -0.231079 -0.609609 0.141792 1 
0.99613 -0.0759863 -0.0439626 0 -0.0753079 -0.997008 0.0168909 0 -0.0451154 -0.0135151 -0.99889 0 -0.231365 -0.610822 0.138969 1 
0.996187 -0.0757325 -0.0430799 0 -0.0751709 -0.997055 0.0145128 0 -0.044053 -0.0112193 -0.998966 0 -0.231519 -0.611638 0.135635 1 
0.99624 -0.0754418 -0.0423722 0 -0.0749717 -0.997097 0.012577 0 -0.0431988 -0.00935314 -0.999023 0 -0.231669 -0.612548 0.132925 1 
0.996279 -0.0752047 -0.0418758 0 -0.0747932 -0.997125 0.0113104 0 -0.0426068 -0.00813644 -0.999059 0 -0.231903 -0.613649 0.130584 1 
0.996331 -0.0749319 -0.0411228 0 -0.074613 -0.99716 0.00923741 0 -0.041699 -0.00613534 -0.999111 0 -0.232091 -0.614605 0.127634 1 
0.996383 -0.074567 -0.0405049 0 -0.07432 -0.997196 0.00756973 0 -0.0409565 -0.00453212 -0.999151 0 -0.23225 -0.615573 0.12503 1 
0.99645 -0.0738588 -0.0401554 0 -0.0736441 -0.997252 0.00680138 0 -0.0405481 -0.00382011 -0.99917 0 -0.232529 -0.616939 0.122774 1 
0.996532 -0.0729819 -0.0397323 0 -0.0728098 -0.99732 0.00576427 0 -0.0400473 -0.00285144 -0.999194 0 -0.232847 -0.618192 0.120347 1 
0.996622 -0.071996 -0.0392608 0 -0.0718722 -0.997394 0.00455859 0 -0.0394874 -0.00172146 -0.999219 0 -0.233128 -0.619293 0.117919 1 
0.996725 -0.0706745 -0.0390515 0 -0.0705645 -0.997489 0.00418915 0 -0.0392503 -0.0014198 -0.999228 0 -0.233518 -0.620656 0.115941 1 
0.996828 -0.069282 -0.0389063 0 -0.069176 -0.997587 0.00406439 0 -0.0390947 -0.00136014 -0.999235 0 -0.233989 -0.622087 0.114065 1 
0.996925 -0.0680762 -0.0385685 0 -0.0679993 -0.99767 0.00330319 0 -0.0387043 -0.000670418 -0.99925 0 -0.234418 -0.623317 0.11179 1 
0.996993 -0.0672098 -0.0383331 0 -0.0671484 -0.997729 0.00288822 0 -0.0384409 -0.000305526 -0.999261 0 -0.234827 -0.624558 0.109788 1 
0.997024 -0.066744 -0.0383378 0 -0.0666684 -0.99776 0.00324636 0 -0.0384693 -0.00068079 -0.99926 0 -0.235337 -0.625986 0.108241 1 
0.997047 -0.0664529 -0.0382382 0 -0.0663781 -0.99778 0.00322476 0 -0.0383683 -0.000677074 -0.999263 0 -0.235829 -0.627228 0.106543 1 
0.997074 -0.0661836 -0.0379971 0 -0.0661261 -0.997798 0.00276939 0 -0.0380975 -0.00024869 -0.999274 0 -0.236271 -0.628369 0.104532 1 
0.997083 -0.0661122 -0.0378759 0 -0.0660565 -0.997803 0.00272327 0 -0.0379734 -0.000213384 -0.999279 0 -0.236702 -0.629537 0.102857 1 
0.997091 -0.0659639 -0.0379302 0 -0.0658909 -0.997812 0.00317238 0 -0.0380572 -0.000663913 -0.999275 0 -0.237165 -0.630771 0.101594 1 
0.997116 -0.0655837 -0.0379258 0 -0.0655018 -0.997837 0.00339789 0 -0.0380673 -0.000903906 -0.999275 0 -0.237647 -0.631964 0.100129 1 
0.997171 -0.0648384 -0.0377773 0 -0.0647663 -0.997886 0.00312986 0 -0.0379011 -0.000674324 -0.999281 0 -0.238051 -0.632966 0.0984324 1 
0.997249 -0.0636921 -0.0376719 0 -0.0636268 -0.99796 0.0029306 0 -0.0377824 -0.000525602 -0.999286 0 -0.238396 -0.633862 0.0969569 1 
0.997336 -0.0622961 -0.0376988 0 -0.0622234 -0.998048 0.00310172 0 -0.0378192 -0.000747719 -0.999284 0 -0.238799 -0.634846 0.0956903 1 
0.997401 -0.0611917 -0.0377863 0 -0.0611013 -0.998116 0.00354527 0 -0.0379328 -0.00122729 -0.99928 0 -0.239251 -0.635877 0.0945531 1 
0.997455 -0.0603095 -0.0377767 0 -0.0602165 -0.998169 0.00359633 0 -0.0379252 -0.00131242 -0.99928 0 -0.239627 -0.636719 0.0933154 1 
0.997517 -0.0593602 -0.037646 0 -0.0592839 -0.998227 0.00314166 0 -0.0377664 -0.000902071 -0.999286 0 -0.239965 -0.637421 0.0917805 1 
0.997583 -0.0583016 -0.0375438 0 -0.0582427 -0.998289 0.00265907 0 -0.0376353 -0.000466001 -0.999291 0 -0.240301 -0.638048 0.0903082 1 
0.997666 -0.0569349 -0.0374383 0 -0.0568904 -0.998368 0.00225257 0 -0.0375061 -0.000117436 -0.999296 0 -0.240647 -0.638613 0.0889874 1 
0.997736 -0.0557606 -0.0373299 0 -0.0557262 -0.998435 0.0019637 0 -0.0373817 0.000120994 -0.999301 0 -0.240993 -0.639174 0.0877731 1 
0.997783 -0.0549989 -0.0372274 0 -0.0549764 -0.998477 0.00162931 0 -0.037261 0.000420936 -0.999305 0 -0.241371 -0.639707 0.0865104 1 
0.997832 -0.05422 -0.0370431 0 -0.0542202 -0.998519 0.00100085 0 -0.0370432 0.00100982 -0.999313 0 -0.241681 -0.640083 0.0851315 1 
0.997914 -0.0528472 -0.0368245 0 -0.0528812 -0.998591 5.02062e-05 0 -0.036776 0.00189726 -0.999322 0 -0.241953 -0.640331 0.0835381 1 
0.997998 -0.0514245 -0.0365444 0 -0.0514901 -0.998663 -0.000856026 0 -0.0364523 0.00273604 -0.999332 0 -0.242182 -0.640547 0.0820079 1 
0.99806 -0.0504079 -0.0362763 0 -0.0504989 -0.998713 -0.00159573 0 -0.0361499 0.00342461 -0.999341 0 -0.242393 -0.640775 0.0805737 1 
0.998106 -0.0495712 -0.036172 0 -0.0496714 -0.998754 -0.00187648 0 -0.0360346 0.00366971 -0.999344 0 -0.242614 -0.641077 0.0792671 1 
0.998141 -0.0487954 -0.0362561 0 -0.0488803 -0.998794 -0.00146031 0 -0.0361418 0.00322986 -0.999341 0 -0.242866 -0.641478 0.0780237 1 
0.998174 -0.0479941 -0.0364103 0 -0.048049 -0.998835 -0.000632092 0 -0.0363382 0.00238046 -0.999337 0 -0.243104 -0.641921 0.0767057 1 
0.998209 -0.046968 -0.0367938 0 -0.0469624 -0.998887 0.00101844 0 -0.0368014 0.000711325 -0.999322 0 -0.243372 -0.642478 0.075295 1 
0.998237 -0.0457776 -0.0375235 0 -0.0456487 -0.998939 0.00428551 0 -0.0376806 -0.00256511 -0.999287 0 -0.243667 -0.643269 0.0738545 1 
0.998246 -0.0447287 -0.0385321 0 -0.0444266 -0.998965 0.0086628 0 -0.0388805 -0.00693589 -0.99922 0 -0.24396 -0.644212 0.0724835 1 
0.998241 -0.0439169 -0.0395946 0 -0.0434282 -0.998961 0.0131192 0 -0.0401304 -0.0113768 -0.99913 0 -0.244257 -0.645131 0.0711578 1 
0.998216 -0.0433301 -0.0408346 0 -0.0426163 -0.998916 0.0181938 0 -0.0415795 -0.0164214 -0.999 0 -0.244619 -0.646166 0.0699794 1 
0.99817 -0.0433145 -0.0419586 0 -0.0423762 -0.998827 0.0229991 0 -0.0429064 -0.0211794 -0.998855 0 -0.244978 -0.647137 0.0688336 1 
0.998122 -0.0434463 -0.042968 0 -0.0422948 -0.998721 0.0273527 0 -0.0441022 -0.0254845 -0.998702 0 -0.245313 -0.647983 0.0677116 1 
0.998072 -0.043609 -0.0439448 0 -0.0422393 -0.998597 0.0316289 0 -0.0452634 -0.0297123 -0.998533 0 -0.245647 -0.648739 0.0664121 1 
0.998038 -0.0438034 -0.0445121 0 -0.0422872 -0.998502 0.0344505 0 -0.0459553 -0.0325013 -0.998415 0 -0.245904 -0.64916 0.0649405 1 
0.998026 -0.0439674 -0.0446246 0 -0.0423938 -0.998456 0.0356178 0 -0.0461227 -0.0336564 -0.998369 0 -0.246041 -0.649236 0.0633283 1 
0.99803 -0.0440938 -0.044418 0 -0.0425336 -0.998455 0.0354777 0 -0.0459146 -0.0335192 -0.998383 0 -0.246088 -0.649074 0.0617637 1 
0.998048 -0.0442238 -0.0438883 0 -0.0427462 -0.998496 0.0340544 0 -0.0453291 -0.0321124 -0.998456 0 -0.246087 -0.648711 0.0602658 1 
0.998063 -0.0443449 -0.0434027 0 -0.0429444 -0.998533 0.0326849 0 -0.0447893 -0.0307583 -0.998523 0 -0.246093 -0.648404 0.0590655 1 
0.998075 -0.0444569 -0.0430116 0 -0.0431174 -0.998561 0.0315849 0 -0.0443547 -0.0296702 -0.998575 0 -0.246125 -0.648205 0.0580094 1 
0.998083 -0.0445677 -0.0427192 0 -0.0432732 -0.99858 0.030764 0 -0.0440305 -0.028857 -0.998613 0 -0.246191 -0.648105 0.0571207 1 
0.998089 -0.0446191 -0.0425116 0 -0.0433559 -0.998594 0.0301887 0 -0.0437996 -0.0282885 -0.99864 0 -0.246262 -0.64812 0.0563402 1 
0.998096 -0.0445623 -0.0424098 0 -0.0433147 -0.998604 0.0298948 0 -0.0436836 -0.0280015 -0.998653 0 -0.246321 -0.648244 0.0557427 1 
0.998106 -0.0443595 -0.0423939 0 -0.0431141 -0.998614 0.0298531 0 -0.0436603 -0.0279694 -0.998655 0 -0.24641 -0.648504 0.055227 1 
0.998124 -0.0438476 -0.0425023 0 -0.0425956 -0.998634 0.0299293 0 -0.0437574 -0.0280633 -0.998648 0 -0.246526 -0.648846 0.0547407 1 
0.998179 -0.0422722 -0.0428192 0 -0.0410079 -0.998699 0.0299881 0 -0.044032 -0.0281781 -0.998633 0 -0.246675 -0.649213 0.0542798 1 
0.998292 -0.0390027 -0.0432749 0 -0.0377291 -0.998832 0.0298668 0 -0.0443901 -0.0281836 -0.998617 0 -0.246846 -0.649544 0.0537764 1 
0.998433 -0.0347062 -0.0436786 0 -0.0334274 -0.998991 0.0296732 0 -0.0446652 -0.0281672 -0.998605 0 -0.24704 -0.649843 0.0532519 1 
0.998544 -0.0310446 -0.0438968 0 -0.0297626 -0.99911 0.029562 0 -0.0447763 -0.028213 -0.998599 0 -0.247232 -0.65013 0.0527549 1 
0.998617 -0.0283231 -0.0440763 0 -0.0270341 -0.999187 0.0295688 0 -0.0448788 -0.0283369 -0.99859 0 -0.247434 -0.650467 0.0522558 1 
0.998668 -0.0260451 -0.0443265 0 -0.0247445 -0.999245 0.0296416 0 -0.0450659 -0.0285058 -0.998577 0 -0.247639 -0.650849 0.0517567 1 
0.998692 -0.0247095 -0.0445536 0 -0.0233893 -0.999269 0.0299131 0 -0.045261 -0.0288324 -0.998559 0 -0.247884 -0.651291 0.0513153 1 
0.998698 -0.0240444 -0.0447858 0 -0.0227004 -0.999274 0.0302801 0 -0.0454822 -0.0292245 -0.998538 0 -0.248151 -0.651778 0.0508648 1 
0.998694 -0.0236166 -0.0450811 0 -0.0222432 -0.999271 0.0307281 0 -0.0457748 -0.0296858 -0.998511 0 -0.248415 -0.652321 0.0504251 1 
0.998687 -0.023314 -0.0454002 0 -0.0219056 -0.999261 0.0312744 0 -0.0460966 -0.0302394 -0.998479 0 -0.248679 -0.652915 0.0500116 1 
0.99868 -0.0230227 -0.0457093 0 -0.0215789 -0.999251 0.0318338 0 -0.0464089 -0.030806 -0.998447 0 -0.248947 -0.653558 0.0495182 1 
0.998676 -0.0225735 -0.0460242 0 -0.0211003 -0.999248 0.0322471 0 -0.0467184 -0.0312338 -0.99842 0 -0.249201 -0.654177 0.0489033 1 
0.998681 -0.0215707 -0.0463817 0 -0.0200803 -0.999265 0.0323632 0 -0.0470466 -0.0313897 -0.998399 0 -0.249425 -0.654697 0.048166 1 
0.998698 -0.0198244 -0.0467974 0 -0.0183301 -0.999305 0.0321483 0 -0.0474031 -0.0312492 -0.998387 0 -0.249626 -0.655147 0.0472237 1 
0.99872 -0.0176086 -0.0472064 0 -0.0161162 -0.999354 0.0318091 0 -0.047737 -0.0310082 -0.998379 0 -0.249823 -0.655562 0.0462078 1 
0.998743 -0.0153845 -0.0475059 0 -0.0138909 -0.999394 0.0316129 0 -0.0479643 -0.0309138 -0.998371 0 -0.250013 -0.656012 0.0452585 1 
0.998762 -0.0134438 -0.0476888 0 -0.0119452 -0.99942 0.0315718 0 -0.0480866 -0.0309637 -0.998363 0 -0.250204 -0.656482 0.0443983 1 
0.998776 -0.0116972 -0.0478655 0 -0.0101816 -0.999433 0.0317864 0 -0.0482111 -0.0312607 -0.998348 0 -0.250423 -0.65704 0.0436521 1 
0.99878 -0.0103992 -0.0480692 0 -0.00885573 -0.999432 0.0322121 0 -0.0483778 -0.0317477 -0.998324 0 -0.2507 -0.657655 0.0430092 1 
0.998781 -0.00943261 -0.0482563 0 -0.00786168 -0.999427 0.0326404 0 -0.0485375 -0.0322219 -0.998301 0 -0.250994 -0.658276 0.042312 1 
0.998782 -0.00820898 -0.0484479 0 -0.00661891 -0.999427 0.0328895 0 -0.0486911 -0.0325294 -0.998284 0 -0.251249 -0.658835 0.0415488 1 
0.998789 -0.00661996 -0.0485528 0 -0.00502341 -0.999435 0.0329309 0 -0.0487443 -0.0326477 -0.998278 0 -0.251487 -0.659308 0.0406797 1 
0.998799 -0.00485567 -0.0485515 0 -0.00326519 -0.999447 0.032784 0 -0.0486848 -0.0325868 -0.998282 0 -0.251657 -0.659684 0.0397659 1 
0.998807 -0.00310577 -0.0485407 0 -0.00152193 -0.999457 0.0326318 0 -0.0486166 -0.0325196 -0.998288 0 -0.251795 -0.660041 0.0388807 1 
0.99881 -0.00170327 -0.0485373 0 -0.000124943 -0.999462 0.0325021 0 -0.0485674 -0.0324579 -0.998292 0 -0.251912 -0.660369 0.0380811 1 
0.998814 -0.000205916 -0.0484951 0 0.00136192 -0.999468 0.0322942 0 -0.0484769 -0.0323225 -0.998301 0 -0.251998 -0.660632 0.0373198 1 
0.998812 0.00159142 -0.0485099 0 0.00315528 -0.999468 0.0321781 0 -0.0484338 -0.0322935 -0.998304 0 -0.252099 -0.660911 0.0366526 1 
0.998804 0.00333098 -0.0485836 0 0.00489803 -0.999461 0.0321712 0 -0.0484512 -0.0323713 -0.998301 0 -0.252245 -0.661213 0.0360767 1 
0.998796 0.00469376 -0.0486257 0 0.00626292 -0.999453 0.0321679 0 -0.0484491 -0.0324343 -0.998299 0 -0.252366 -0.661484 0.0355484 1 
0.998788 0.00597349 -0.0486494 0 0.00754202 -0.999446 0.0321217 0 -0.0484315 -0.0324504 -0.998299 0 -0.252463 -0.661731 0.0350102 1 
0.99878 0.00714266 -0.0486738 0 0.00871112 -0.999437 0.0320881 0 -0.0484181 -0.0324736 -0.998299 0 -0.252552 -0.661966 0.034508 1 
0.998774 0.00823233 -0.0486181 0 0.00978938 -0.999434 0.0318749 0 -0.0483292 -0.0323123 -0.998309 0 -0.252591 -0.662087 0.0339968 1 
0.998775 0.00886859 -0.0484902 0 0.0104039 -0.99944 0.0315026 0 -0.0481846 -0.0319691 -0.998327 0 -0.252591 -0.662098 0.0334778 1 
0.998778 0.00929243 -0.0483467 0 0.0108047 -0.999448 0.0311121 0 -0.0480318 -0.0315971 -0.998346 0 -0.252584 -0.66206 0.0330168 1 
0.998782 0.00972771 -0.0481772 0 0.011212 -0.999458 0.0306341 0 -0.047854 -0.0311376 -0.998369 0 -0.252559 -0.661948 0.032598 1 
