0.999121 -0.0411688 0.00659599 0 -0.0409139 -0.99854 -0.0349833 0 0.00802674 0.0346833 -0.999366 0 -0.15639 -0.396876 0.53433 1 
0.999121 -0.0411556 0.00659567 0 -0.0409007 -0.998541 -0.0349857 0 0.00802606 0.0346859 -0.999366 0 -0.156386 -0.396878 0.534328 1 
0.999121 -0.0411579 0.00659324 0 -0.0409031 -0.998541 -0.0349827 0 0.00802358 0.0346829 -0.999366 0 -0.156386 -0.396877 0.534331 1 
0.999121 -0.0411608 0.00659352 0 -0.0409061 -0.998541 -0.0349839 0 0.00802402 0.0346841 -0.999366 0 -0.156387 -0.396879 0.534329 1 
0.999121 -0.0411586 0.00659561 0 -0.0409038 -0.998541 -0.0349859 0 0.00802612 0.0346861 -0.999366 0 -0.156386 -0.396877 0.534329 1 
0.999121 -0.0411578 0.00659693 0 -0.0409029 -0.998541 -0.0349909 0 0.0080276 0.034691 -0.999366 0 -0.156387 -0.396878 0.534326 1 
0.999121 -0.041164 0.00659673 0 -0.0409091 -0.99854 -0.0349887 0 0.00802753 0.0346888 -0.999366 0 -0.156389 -0.396877 0.534327 1 
0.999122 -0.0411517 0.00659524 0 -0.0408969 -0.998541 -0.0349825 0 0.00802536 0.0346827 -0.999366 0 -0.156385 -0.396878 0.53433 1 
0.999121 -0.04116 0.00659658 0 -0.040905 -0.998541 -0.0349873 0 0.00802719 0.0346874 -0.999366 0 -0.156387 -0.396877 0.534329 1 
0.999121 -0.0411586 0.00659763 0 -0.0409036 -0.99854 -0.0349933 0 0.00802843 0.0346933 -0.999366 0 -0.156386 -0.396878 0.534326 1 
0.999121 -0.0411605 0.00659319 0 -0.0409057 -0.998541 -0.0349849 0 0.00802372 0.0346852 -0.999366 0 -0.156386 -0.396878 0.53433 1 
0.999121 -0.0411571 0.00659467 0 -0.0409023 -0.998541 -0.0349863 0 0.00802513 0.0346865 -0.999366 0 -0.156387 -0.396879 0.534329 1 
0.999121 -0.0411592 0.00659524 0 -0.0409044 -0.998541 -0.034985 0 0.00802572 0.0346851 -0.999366 0 -0.156385 -0.396879 0.534329 1 
0.999121 -0.0411659 0.00659687 0 -0.040911 -0.99854 -0.03499 0 0.00802779 0.03469 -0.999366 0 -0.156386 -0.396877 0.534328 1 
0.999121 -0.0411638 0.00659213 0 -0.0409091 -0.998541 -0.0349783 0 0.00802251 0.0346785 -0.999366 0 -0.156389 -0.396877 0.534332 1 
0.999121 -0.0411523 0.00659305 0 -0.0408976 -0.998541 -0.0349821 0 0.00802318 0.0346824 -0.999366 0 -0.156385 -0.396879 0.53433 1 
0.999121 -0.0411587 0.0065987 0 -0.0409037 -0.998541 -0.0349847 0 0.00802916 0.0346848 -0.999366 0 -0.156386 -0.396878 0.534329 1 
0.999121 -0.0411553 0.00659392 0 -0.0409005 -0.998541 -0.0349823 0 0.00802416 0.0346825 -0.999366 0 -0.156387 -0.396878 0.53433 1 
0.999121 -0.0411648 0.00659306 0 -0.0409101 -0.998541 -0.0349828 0 0.00802365 0.034683 -0.999366 0 -0.156388 -0.396877 0.53433 1 
0.999121 -0.0411621 0.00659246 0 -0.0409074 -0.998541 -0.0349812 0 0.0080229 0.0346815 -0.999366 0 -0.156387 -0.396878 0.534331 1 
0.999121 -0.0411612 0.00659483 0 -0.0409063 -0.998541 -0.0349895 0 0.00802557 0.0346896 -0.999366 0 -0.156386 -0.396878 0.534328 1 
0.999121 -0.0411582 0.00659632 0 -0.0409033 -0.998541 -0.0349874 0 0.00802687 0.0346875 -0.999366 0 -0.156387 -0.396879 0.534327 1 
0.999121 -0.041159 0.00659515 0 -0.0409041 -0.998541 -0.0349844 0 0.0080256 0.0346846 -0.999366 0 -0.156386 -0.396878 0.534329 1 
0.999121 -0.0411556 0.00659284 0 -0.0409009 -0.998541 -0.0349834 0 0.00802314 0.0346837 -0.999366 0 -0.156386 -0.396877 0.534331 1 
0.999121 -0.0411619 0.00659576 0 -0.040907 -0.998541 -0.0349861 0 0.00802639 0.0346862 -0.999366 0 -0.156388 -0.396877 0.534329 1 
0.999121 -0.0411603 0.00659448 0 -0.0409055 -0.998541 -0.0349849 0 0.008025 0.034685 -0.999366 0 -0.156385 -0.396879 0.534328 1 
0.999121 -0.0411636 0.0065944 0 -0.0409088 -0.998541 -0.0349825 0 0.00802494 0.0346827 -0.999366 0 -0.156388 -0.396877 0.53433 1 
0.999121 -0.0411594 0.0065939 0 -0.0409046 -0.998541 -0.0349829 0 0.00802431 0.0346831 -0.999366 0 -0.156386 -0.396877 0.534331 1 
0.999122 -0.0411505 0.00659537 0 -0.0408956 -0.998541 -0.034988 0 0.00802568 0.0346882 -0.999366 0 -0.156385 -0.396879 0.534328 1 
0.999121 -0.0411546 0.00659455 0 -0.0408997 -0.998541 -0.0349926 0 0.00802519 0.0346928 -0.999366 0 -0.156383 -0.396879 0.534327 1 
0.999121 -0.0411562 0.00659586 0 -0.0409013 -0.998541 -0.0349861 0 0.00802629 0.0346863 -0.999366 0 -0.156386 -0.396878 0.534328 1 
0.999121 -0.0411649 0.00659635 0 -0.04091 -0.99854 -0.0349881 0 0.00802716 0.0346882 -0.999366 0 -0.156388 -0.396878 0.534327 1 
0.999121 -0.0411528 0.00659341 0 -0.040898 -0.998541 -0.0349829 0 0.00802359 0.0346832 -0.999366 0 -0.156385 -0.396879 0.53433 1 
0.999121 -0.041167 0.00659523 0 -0.0409122 -0.99854 -0.034985 0 0.00802599 0.0346851 -0.999366 0 -0.156389 -0.396877 0.53433 1 
0.999121 -0.0411569 0.00659667 0 -0.0409019 -0.998541 -0.0349901 0 0.00802728 0.0346902 -0.999366 0 -0.156387 -0.396878 0.534327 1 
0.999121 -0.0411559 0.00659762 0 -0.0409009 -0.998541 -0.0349906 0 0.00802822 0.0346907 -0.999366 0 -0.156387 -0.396879 0.534326 1 
0.999121 -0.0411622 0.00659454 0 -0.0409074 -0.998541 -0.034985 0 0.00802513 0.0346851 -0.999366 0 -0.156386 -0.396878 0.534329 1 
0.999121 -0.0411633 0.00659386 0 -0.0409085 -0.998541 -0.0349788 0 0.00802424 0.0346789 -0.999366 0 -0.156389 -0.396876 0.534332 1 
0.999121 -0.041162 0.00659411 0 -0.0409072 -0.998541 -0.0349855 0 0.00802471 0.0346857 -0.999366 0 -0.156388 -0.396878 0.534328 1 
0.999122 -0.0411509 0.00659546 0 -0.040896 -0.998541 -0.0349946 0 0.00802605 0.0346948 -0.999366 0 -0.156384 -0.39688 0.534325 1 
0.999121 -0.0411563 0.00659472 0 -0.0409015 -0.998541 -0.0349826 0 0.00802501 0.0346828 -0.999366 0 -0.156388 -0.396877 0.534331 1 
0.999121 -0.0411656 0.00659672 0 -0.0409107 -0.998541 -0.0349847 0 0.00802741 0.0346847 -0.999366 0 -0.15639 -0.396877 0.534328 1 
0.999121 -0.0411631 0.00659308 0 -0.0409083 -0.998541 -0.034983 0 0.00802363 0.0346832 -0.999366 0 -0.156385 -0.396877 0.53433 1 
0.999121 -0.0411522 0.00659455 0 -0.0408974 -0.998541 -0.0349905 0 0.00802502 0.0346907 -0.999366 0 -0.156384 -0.396878 0.534327 1 
0.999121 -0.0411601 0.00659212 0 -0.0409054 -0.998541 -0.0349795 0 0.00802241 0.0346798 -0.999366 0 -0.156389 -0.396878 0.534332 1 
0.999121 -0.0411613 0.00659474 0 -0.0409064 -0.998541 -0.0349872 0 0.00802539 0.0346873 -0.999366 0 -0.156386 -0.396878 0.534329 1 
0.999121 -0.0411593 0.00659357 0 -0.0409045 -0.998541 -0.0349858 0 0.0080241 0.034686 -0.999366 0 -0.156386 -0.396878 0.534328 1 
0.999121 -0.0411531 0.00659375 0 -0.0408983 -0.998541 -0.034982 0 0.0080239 0.0346823 -0.999366 0 -0.156385 -0.396879 0.53433 1 
0.999121 -0.0411524 0.00659538 0 -0.0408976 -0.998541 -0.034983 0 0.00802554 0.0346832 -0.999366 0 -0.156385 -0.396879 0.534329 1 
0.999121 -0.0411612 0.00659488 0 -0.0409064 -0.998541 -0.0349874 0 0.00802553 0.0346875 -0.999366 0 -0.156387 -0.396879 0.534328 1 
0.999121 -0.0411601 0.00659589 0 -0.0409052 -0.998541 -0.0349829 0 0.00802632 0.0346831 -0.999366 0 -0.156387 -0.396878 0.534329 1 
0.999121 -0.0411575 0.00659387 0 -0.0409028 -0.998541 -0.0349824 0 0.00802419 0.0346827 -0.999366 0 -0.156387 -0.396878 0.53433 1 
0.999121 -0.0411552 0.00659596 0 -0.0409003 -0.998541 -0.0349901 0 0.00802652 0.0346902 -0.999366 0 -0.156385 -0.396879 0.534326 1 
0.999121 -0.0411613 0.00659554 0 -0.0409065 -0.998541 -0.034986 0 0.00802614 0.0346861 -0.999366 0 -0.156386 -0.396877 0.53433 1 
0.999121 -0.0411617 0.00659513 0 -0.0409068 -0.998541 -0.0349829 0 0.00802561 0.034683 -0.999366 0 -0.156386 -0.396878 0.53433 1 
0.999121 -0.04116 0.00659868 0 -0.0409049 -0.99854 -0.0349961 0 0.00802964 0.0346961 -0.999366 0 -0.156386 -0.396878 0.534325 1 
0.999121 -0.0411525 0.00659644 0 -0.0408976 -0.998541 -0.034989 0 0.00802686 0.0346892 -0.999366 0 -0.156387 -0.396878 0.534328 1 
0.999121 -0.0411612 0.00659382 0 -0.0409065 -0.998541 -0.0349829 0 0.00802429 0.034683 -0.999366 0 -0.156386 -0.396879 0.53433 1 
0.999121 -0.0411585 0.00659625 0 -0.0409036 -0.998541 -0.0349889 0 0.00802687 0.034689 -0.999366 0 -0.156388 -0.396878 0.534327 1 
0.999121 -0.0411566 0.00659652 0 -0.0409017 -0.998541 -0.0349896 0 0.0080271 0.0346897 -0.999366 0 -0.156387 -0.396878 0.534326 1 
0.999121 -0.0411647 0.00659415 0 -0.0409099 -0.998541 -0.0349838 0 0.00802478 0.0346839 -0.999366 0 -0.156388 -0.396878 0.534329 1 
0.999121 -0.0411541 0.0065931 0 -0.0408994 -0.998541 -0.0349841 0 0.00802338 0.0346844 -0.999366 0 -0.156386 -0.396879 0.534329 1 
0.999121 -0.0411567 0.006595 0 -0.0409019 -0.998541 -0.0349841 0 0.00802536 0.0346843 -0.999366 0 -0.156386 -0.396877 0.53433 1 
0.999121 -0.0411602 0.00659509 0 -0.0409053 -0.998541 -0.0349878 0 0.00802573 0.0346879 -0.999366 0 -0.156387 -0.396877 0.534329 1 
0.999121 -0.0411618 0.0065929 0 -0.0409071 -0.998541 -0.0349823 0 0.00802337 0.0346825 -0.999366 0 -0.156387 -0.396877 0.534331 1 
0.999121 -0.0411599 0.00659185 0 -0.0409052 -0.998541 -0.0349789 0 0.00802212 0.0346792 -0.999366 0 -0.156388 -0.396878 0.534331 1 
0.999121 -0.0411596 0.0065953 0 -0.0409047 -0.998541 -0.0349863 0 0.00802585 0.0346865 -0.999366 0 -0.156386 -0.396877 0.534329 1 
0.999121 -0.0411642 0.00659483 0 -0.0409093 -0.998541 -0.0349821 0 0.00802537 0.0346823 -0.999366 0 -0.156387 -0.396877 0.534331 1 
0.999121 -0.0411578 0.00659557 0 -0.0409029 -0.998541 -0.0349877 0 0.00802612 0.0346878 -0.999366 0 -0.156387 -0.396877 0.534329 1 
0.999121 -0.0411608 0.00659394 0 -0.040906 -0.998541 -0.0349831 0 0.00802441 0.0346833 -0.999366 0 -0.156386 -0.396879 0.53433 1 
0.999121 -0.0411613 0.00659567 0 -0.0409064 -0.998541 -0.0349858 0 0.00802626 0.0346859 -0.999366 0 -0.156387 -0.396877 0.534329 1 
0.999121 -0.0411549 0.00659435 0 -0.0409001 -0.998541 -0.0349837 0 0.00802463 0.0346839 -0.999366 0 -0.156387 -0.396879 0.534329 1 
0.999121 -0.0411634 0.00659399 0 -0.0409085 -0.998541 -0.0349856 0 0.00802464 0.0346857 -0.999366 0 -0.156387 -0.396878 0.534328 1 
0.999121 -0.0411641 0.0065949 0 -0.0409092 -0.998541 -0.0349855 0 0.00802558 0.0346856 -0.999366 0 -0.156388 -0.396878 0.534329 1 
0.999121 -0.041156 0.0065947 0 -0.0409012 -0.998541 -0.0349863 0 0.00802513 0.0346865 -0.999366 0 -0.156387 -0.396879 0.534328 1 
0.999121 -0.0411653 0.00659602 0 -0.0409104 -0.998541 -0.0349838 0 0.00802666 0.0346839 -0.999366 0 -0.156388 -0.396878 0.534329 1 
0.999121 -0.0411571 0.00659375 0 -0.0409024 -0.998541 -0.0349824 0 0.00802406 0.0346826 -0.999366 0 -0.156386 -0.396878 0.53433 1 
0.999121 -0.041161 0.00659865 0 -0.040906 -0.998541 -0.0349866 0 0.00802926 0.0346866 -0.999366 0 -0.156385 -0.396878 0.534328 1 
0.999121 -0.0411609 0.0065948 0 -0.0409061 -0.998541 -0.0349857 0 0.00802538 0.0346858 -0.999366 0 -0.156387 -0.396876 0.534329 1 
0.999121 -0.0411619 0.00659408 0 -0.0409071 -0.998541 -0.0349836 0 0.0080246 0.0346838 -0.999366 0 -0.156386 -0.396879 0.534329 1 
0.999122 -0.0411504 0.00659252 0 -0.0408956 -0.998541 -0.0349844 0 0.00802267 0.0346847 -0.999366 0 -0.156385 -0.396879 0.53433 1 
0.999121 -0.0411544 0.00659373 0 -0.0408996 -0.998541 -0.0349868 0 0.00802412 0.034687 -0.999366 0 -0.156385 -0.396879 0.534328 1 
0.999122 -0.0411302 0.0065956 0 -0.0408753 -0.998542 -0.0349944 0 0.00802547 0.0346948 -0.999366 0 -0.156375 -0.396882 0.534326 1 
0.999122 -0.0411314 0.00659183 0 -0.0408767 -0.998542 -0.0349908 0 0.00802159 0.0346913 -0.999366 0 -0.156376 -0.396882 0.534327 1 
0.99912 -0.041195 0.00659991 0 -0.0409399 -0.998539 -0.034987 0 0.00803171 0.0346867 -0.999366 0 -0.1564 -0.396872 0.534328 1 
0.999119 -0.0412121 0.00660534 0 -0.0409569 -0.998539 -0.0349848 0 0.00803764 0.0346841 -0.999366 0 -0.156412 -0.39687 0.534327 1 
0.999121 -0.0411602 0.00659985 0 -0.0409051 -0.998541 -0.0349909 0 0.00803061 0.0346909 -0.999366 0 -0.156393 -0.396878 0.534327 1 
0.999122 -0.0411304 0.0065877 0 -0.0408759 -0.998542 -0.0349884 0 0.00801734 0.0346891 -0.999366 0 -0.156374 -0.396883 0.534329 1 
0.999121 -0.0411564 0.00659247 0 -0.0409017 -0.998541 -0.034975 0 0.00802246 0.0346753 -0.999366 0 -0.156386 -0.396877 0.534334 1 
0.999119 -0.0412119 0.00660187 0 -0.0409568 -0.998539 -0.0349769 0 0.00803384 0.0346764 -0.999366 0 -0.156412 -0.39687 0.53433 1 
0.999119 -0.0412181 0.00660308 0 -0.040963 -0.998538 -0.0349809 0 0.00803543 0.0346803 -0.999366 0 -0.156414 -0.396869 0.534329 1 
0.99912 -0.041185 0.00659079 0 -0.0409305 -0.99854 -0.0349659 0 0.0080214 0.0346661 -0.999367 0 -0.156399 -0.396873 0.534337 1 
0.999121 -0.0411633 0.00658619 0 -0.0409089 -0.998541 -0.0349639 0 0.00801596 0.0346644 -0.999367 0 -0.156389 -0.396877 0.534338 1 
0.999121 -0.0411726 0.00659586 0 -0.0409178 -0.99854 -0.0349806 0 0.00802663 0.0346806 -0.999366 0 -0.156395 -0.396876 0.534331 1 
0.99912 -0.0411978 0.00659576 0 -0.040943 -0.99854 -0.0349712 0 0.00802702 0.0346711 -0.999367 0 -0.156406 -0.396873 0.534334 1 
0.999119 -0.0412122 0.00659526 0 -0.0409575 -0.998539 -0.0349647 0 0.00802676 0.0346644 -0.999367 0 -0.156409 -0.396869 0.534336 1 
0.999119 -0.0412019 0.00659364 0 -0.0409472 -0.99854 -0.0349685 0 0.00802493 0.0346683 -0.999367 0 -0.156406 -0.396871 0.534335 1 
0.999121 -0.0411576 0.00658988 0 -0.0409031 -0.998541 -0.0349714 0 0.00801977 0.0346718 -0.999367 0 -0.156389 -0.396879 0.534333 1 
0.999123 -0.0411262 0.00657869 0 -0.0408721 -0.998543 -0.0349562 0 0.00800687 0.0346573 -0.999367 0 -0.156375 -0.396886 0.534339 1 
0.999123 -0.0411183 0.00657508 0 -0.0408645 -0.998544 -0.0349437 0 0.00800249 0.034645 -0.999368 0 -0.156375 -0.396888 0.534344 1 
0.999121 -0.0411714 0.00658076 0 -0.0409174 -0.998542 -0.0349412 0 0.00800989 0.0346419 -0.999368 0 -0.156394 -0.39688 0.534344 1 
0.999119 -0.0412049 0.00658548 0 -0.0409507 -0.99854 -0.0349379 0 0.00801563 0.0346381 -0.999368 0 -0.156407 -0.396873 0.534346 1 
0.99912 -0.0411938 0.00658156 0 -0.0409398 -0.998541 -0.0349351 0 0.00801122 0.0346356 -0.999368 0 -0.156403 -0.396874 0.534347 1 
0.999121 -0.0411768 0.00657856 0 -0.040923 -0.998542 -0.0349299 0 0.00800742 0.0346306 -0.999368 0 -0.156396 -0.396877 0.53435 1 
0.99912 -0.0412008 0.00657388 0 -0.0409473 -0.998542 -0.03491 0 0.00800276 0.0346108 -0.999369 0 -0.156405 -0.396871 0.534359 1 
0.999119 -0.0412243 0.00657632 0 -0.0409708 -0.998541 -0.0348988 0 0.00800556 0.0345993 -0.999369 0 -0.156417 -0.396866 0.534363 1 
0.999118 -0.0412386 0.00657478 0 -0.0409851 -0.99854 -0.0348976 0 0.00800447 0.034598 -0.999369 0 -0.156419 -0.396867 0.534363 1 
0.999119 -0.0412251 0.006572 0 -0.0409718 -0.998541 -0.0348939 0 0.00800107 0.0345945 -0.999369 0 -0.156416 -0.396869 0.534366 1 
0.999119 -0.0412197 0.00656562 0 -0.0409668 -0.998542 -0.0348739 0 0.0079937 0.0345749 -0.99937 0 -0.156415 -0.396872 0.534374 1 
0.999119 -0.0412147 0.00656481 0 -0.0409618 -0.998542 -0.034876 0 0.00799279 0.034577 -0.99937 0 -0.156414 -0.396873 0.534374 1 
0.999119 -0.0412211 0.00656626 0 -0.040968 -0.998542 -0.0348854 0 0.00799485 0.0345863 -0.99937 0 -0.156416 -0.396872 0.53437 1 
0.999117 -0.0412735 0.0065688 0 -0.0410204 -0.99854 -0.0348729 0 0.00799869 0.0345733 -0.99937 0 -0.156439 -0.396864 0.534374 1 
0.999115 -0.0413067 0.00657473 0 -0.0410534 -0.998539 -0.0348689 0 0.0080056 0.0345688 -0.99937 0 -0.156453 -0.396859 0.534374 1 
0.999116 -0.0412948 0.00657373 0 -0.0410415 -0.998539 -0.0348734 0 0.00800437 0.0345735 -0.99937 0 -0.15645 -0.396863 0.534372 1 
0.999117 -0.0412732 0.00656459 0 -0.0410204 -0.99854 -0.0348579 0 0.00799386 0.0345585 -0.999371 0 -0.156441 -0.396863 0.53438 1 
0.999116 -0.0412806 0.0065746 0 -0.0410272 -0.998539 -0.0348887 0 0.00800538 0.0345888 -0.99937 0 -0.156444 -0.396865 0.534367 1 
0.999116 -0.0412789 0.0066036 0 -0.0410238 -0.998537 -0.0349662 0 0.00803745 0.0346651 -0.999367 0 -0.156442 -0.396874 0.534329 1 
0.999117 -0.0412675 0.00660402 0 -0.0410124 -0.998537 -0.0349763 0 0.00803789 0.0346752 -0.999366 0 -0.15644 -0.396875 0.534327 1 
0.999118 -0.0412314 0.0066077 0 -0.040976 -0.998538 -0.034989 0 0.00804084 0.034688 -0.999366 0 -0.156424 -0.396878 0.534321 1 
0.999119 -0.0412073 0.00663519 0 -0.0409503 -0.998536 -0.0350755 0 0.00807099 0.0347735 -0.999363 0 -0.156413 -0.396886 0.534283 1 
0.999118 -0.0412203 0.00666449 0 -0.0409616 -0.998532 -0.0351565 0 0.00810402 0.0348532 -0.99936 0 -0.156422 -0.396896 0.534244 1 
0.999118 -0.0412219 0.00670991 0 -0.0409608 -0.998529 -0.0352606 0 0.00815371 0.0349553 -0.999356 0 -0.15643 -0.396911 0.534197 1 
0.999119 -0.0411761 0.00678271 0 -0.0409107 -0.998523 -0.0354773 0 0.00823367 0.0351693 -0.999347 0 -0.156414 -0.396929 0.5341 1 
0.99912 -0.0411558 0.00685121 0 -0.0408863 -0.998517 -0.0356823 0 0.00830975 0.0353715 -0.99934 0 -0.156413 -0.396957 0.534004 1 
0.999115 -0.0412581 0.00689399 0 -0.0409862 -0.998509 -0.0357892 0 0.00836047 0.0354756 -0.999336 0 -0.156477 -0.396975 0.533904 1 
0.999101 -0.0416316 0.00665492 0 -0.0413744 -0.998521 -0.0349883 0 0.00810185 0.0346822 -0.999366 0 -0.156732 -0.39715 0.53385 1 
0.999087 -0.0420009 0.00652438 0 -0.0417511 -0.998519 -0.0345925 0 0.00796779 0.0342892 -0.99938 0 -0.156972 -0.397312 0.533605 1 
0.999072 -0.0423537 0.00651702 0 -0.0421042 -0.998505 -0.0345672 0 0.00797149 0.0342614 -0.999381 0 -0.157201 -0.397455 0.533252 1 
0.999043 -0.0430244 0.00656859 0 -0.0427721 -0.998474 -0.0346553 0 0.00804974 0.0343419 -0.999378 0 -0.157581 -0.397614 0.532834 1 
0.999003 -0.0438587 0.00701811 0 -0.04358 -0.998396 -0.0358768 0 0.00858053 0.0355359 -0.999332 0 -0.157974 -0.397625 0.532183 1 
0.998966 -0.0446049 0.00764827 0 -0.0442868 -0.998299 -0.0376607 0 0.00931529 0.0372837 -0.999261 0 -0.15831 -0.397604 0.531337 1 
0.998915 -0.045541 0.00867899 0 -0.0451527 -0.998143 -0.0406494 0 0.0105143 0.0402142 -0.999136 0 -0.158764 -0.397631 0.529923 1 
0.998866 -0.0463891 0.00976206 0 -0.0459141 -0.997954 -0.0442685 0 0.0117959 0.0437709 -0.998972 0 -0.159222 -0.397678 0.528243 1 
0.998819 -0.047156 0.0108815 0 -0.0465772 -0.997731 -0.0484167 0 0.0131402 0.0478536 -0.998768 0 -0.159692 -0.397779 0.526281 1 
0.998777 -0.0478286 0.0117658 0 -0.0471473 -0.997492 -0.0526149 0 0.014253 0.0519968 -0.998546 0 -0.160247 -0.398046 0.524068 1 
0.99874 -0.0484486 0.0123372 0 -0.0476694 -0.99722 -0.0571094 0 0.01507 0.0564504 -0.998292 0 -0.160944 -0.398486 0.521468 1 
0.99872 -0.0488976 0.0121323 0 -0.048067 -0.996955 -0.0612531 0 0.0150908 0.0605928 -0.998048 0 -0.161811 -0.399144 0.518694 1 
0.998723 -0.049154 0.0107757 0 -0.0483512 -0.996694 -0.0651506 0 0.0139428 0.0645477 -0.997817 0 -0.162941 -0.400033 0.515751 1 
0.99874 -0.0492181 0.00878926 0 -0.0484979 -0.996433 -0.0689266 0 0.0121506 0.0684148 -0.997583 0 -0.164225 -0.401133 0.51259 1 
0.99876 -0.0491255 0.0067831 0 -0.0485183 -0.996263 -0.0713187 0 0.0102615 0.0709026 -0.99743 0 -0.165572 -0.402717 0.509226 1 
0.998776 -0.0490534 0.00458744 0 -0.0486036 -0.996272 -0.0711421 0 0.00806025 0.0708334 -0.997456 0 -0.167078 -0.404964 0.505769 1 
0.998787 -0.0490054 0.00213896 0 -0.0487398 -0.996396 -0.0692768 0 0.0055263 0.0690898 -0.997595 0 -0.168765 -0.407715 0.502116 1 
0.998794 -0.0489047 -0.000427524 0 -0.0488261 -0.996613 -0.0660241 0 0.00280287 0.0659666 -0.997818 0 -0.170434 -0.410646 0.49871 1 
0.998798 -0.0487385 -0.00294625 0 -0.0488274 -0.996906 -0.0614336 0 5.70479e-05 0.0615047 -0.998107 0 -0.172187 -0.414101 0.49499 1 
0.998799 -0.0485599 -0.00483192 0 -0.0487568 -0.997166 -0.0571229 0 -0.00204439 0.057291 -0.998355 0 -0.173937 -0.417847 0.490806 1 
0.998795 -0.0484379 -0.00650298 0 -0.0487117 -0.99744 -0.0521587 0 -0.00395996 0.0524137 -0.998618 0 -0.175642 -0.421684 0.486645 1 
0.998789 -0.0483436 -0.008025 0 -0.0486709 -0.997678 -0.0474309 0 -0.0057135 0.047765 -0.998842 0 -0.177278 -0.425374 0.482489 1 
0.998788 -0.0482153 -0.00884481 0 -0.0485632 -0.997815 -0.044592 0 -0.00667559 0.0449684 -0.998966 0 -0.178941 -0.429166 0.477579 1 
0.99879 -0.0480856 -0.00937634 0 -0.0484418 -0.997914 -0.0424372 0 -0.00731631 0.0428408 -0.999055 0 -0.180592 -0.432986 0.472284 1 
0.998785 -0.048101 -0.00972824 0 -0.0484609 -0.997976 -0.0409514 0 -0.0077389 0.0413739 -0.999114 0 -0.182022 -0.436334 0.467637 1 
0.998763 -0.0486146 -0.00944612 0 -0.0489633 -0.997946 -0.0410795 0 -0.0074298 0.041492 -0.999111 0 -0.18355 -0.439941 0.462117 1 
0.998714 -0.0496637 -0.00915876 0 -0.0500019 -0.997881 -0.0414076 0 -0.00708303 0.0418132 -0.9991 0 -0.184969 -0.443349 0.456857 1 
0.998615 -0.051762 -0.00838465 0 -0.0520768 -0.997702 -0.0431251 0 -0.00613325 0.0435029 -0.999034 0 -0.186343 -0.446625 0.451404 1 
0.998484 -0.054354 -0.00751078 0 -0.0546392 -0.997471 -0.0452438 0 -0.0050327 0.0455865 -0.998948 0 -0.187668 -0.449657 0.446192 1 
0.998345 -0.0569552 -0.00670288 0 -0.0572095 -0.997229 -0.0473514 0 -0.00398747 0.0476574 -0.998856 0 -0.189049 -0.452934 0.440676 1 
0.99822 -0.0592312 -0.00549422 0 -0.059433 -0.996956 -0.0502807 0 -0.00249935 0.0505186 -0.99872 0 -0.190451 -0.456228 0.434846 1 
0.998099 -0.0613281 -0.00415412 0 -0.0614628 -0.996654 -0.053697 0 -0.000847107 0.0538513 -0.998549 0 -0.191727 -0.459392 0.42894 1 
0.998009 -0.062868 -0.00271138 0 -0.06292 -0.996367 -0.0572318 0 0.000896539 0.0572895 -0.998357 0 -0.193045 -0.462581 0.422763 1 
0.998012 -0.0628564 -0.0012886 0 -0.062819 -0.996178 -0.0605358 0 0.00252144 0.0604976 -0.998165 0 -0.194233 -0.465857 0.416459 1 
0.998044 -0.0623537 2.51822e-05 0 -0.0622266 -0.996035 -0.06343 0 0.00398025 0.0633056 -0.997986 0 -0.195324 -0.468983 0.410446 1 
0.998094 -0.0615426 0.00148706 0 -0.0613067 -0.995879 -0.0666904 0 0.00558535 0.0664734 -0.997773 0 -0.196335 -0.472296 0.403846 1 
0.99814 -0.0607647 0.00234729 0 -0.0604639 -0.995832 -0.0681498 0 0.00647873 0.0678824 -0.997672 0 -0.197427 -0.475735 0.39759 1 
0.998189 -0.059909 0.00328574 0 -0.0595343 -0.995774 -0.0697951 0 0.00745336 0.0694744 -0.997556 0 -0.198429 -0.479165 0.391158 1 
0.998232 -0.0591687 0.00349374 0 -0.0587867 -0.995867 -0.0690871 0 0.00756724 0.0687609 -0.997604 0 -0.199866 -0.483532 0.383904 1 
0.998277 -0.0584073 0.00356832 0 -0.0580293 -0.995978 -0.0681245 0 0.00753308 0.0678014 -0.99767 0 -0.201074 -0.487287 0.377558 1 
0.998311 -0.0578406 0.00311158 0 -0.0575125 -0.996177 -0.0656049 0 0.00689445 0.0653164 -0.997841 0 -0.202416 -0.491139 0.371559 1 
0.998326 -0.0576145 0.00251454 0 -0.0573456 -0.996392 -0.0624185 0 0.00610179 0.062171 -0.998047 0 -0.204038 -0.495627 0.364366 1 
0.998333 -0.0575255 0.0018397 0 -0.0573156 -0.996585 -0.0592711 0 0.00524312 0.059068 -0.99824 0 -0.205433 -0.499446 0.358216 1 
0.998347 -0.057297 0.00113937 0 -0.0571435 -0.996785 -0.0559857 0 0.00434361 0.0558291 -0.998431 0 -0.20688 -0.503143 0.352189 1 
0.998367 -0.0569568 0.000695524 0 -0.0568382 -0.99694 -0.0534796 0 0.0037395 0.0533537 -0.998569 0 -0.208132 -0.506477 0.346263 1 
0.998384 -0.0566552 0.000377033 0 -0.0565614 -0.997072 -0.0512741 0 0.00328093 0.0511709 -0.998685 0 -0.209428 -0.50987 0.339934 1 
0.998415 -0.0561104 0.000295707 0 -0.056026 -0.997176 -0.0498266 0 0.00309072 0.049732 -0.998758 0 -0.210458 -0.512993 0.333587 1 
0.998435 -0.0557541 0.000124521 0 -0.0556834 -0.997277 -0.0481471 0 0.00280863 0.0480658 -0.99884 0 -0.211516 -0.515927 0.327615 1 
0.99846 -0.0552957 0.000269739 0 -0.0552208 -0.99734 -0.0473829 0 0.00288915 0.047296 -0.998877 0 -0.212371 -0.518601 0.321639 1 
0.998484 -0.0548711 0.000104512 0 -0.0548089 -0.99744 -0.0457203 0 0.00261302 0.0456461 -0.998954 0 -0.213313 -0.521374 0.315617 1 
0.998516 -0.0542811 0.000172907 0 -0.0542191 -0.997517 -0.0447299 0 0.00260051 0.044655 -0.998999 0 -0.214085 -0.524024 0.309411 1 
0.998538 -0.0538829 0.000157717 0 -0.053825 -0.997593 -0.0435031 0 0.00250146 0.0434318 -0.999053 0 -0.214921 -0.526561 0.303483 1 
0.998571 -0.0532652 0.000168888 0 -0.0532104 -0.997677 -0.0423153 0 0.00242248 0.0422466 -0.999104 0 -0.215594 -0.529059 0.29743 1 
0.998596 -0.0527815 0.000191672 0 -0.0527289 -0.997749 -0.0411978 0 0.00236577 0.0411306 -0.999151 0 -0.216281 -0.531474 0.291518 1 
0.998619 -0.0523559 0.000235514 0 -0.052304 -0.99781 -0.0402552 0 0.00234264 0.040188 -0.999189 0 -0.216854 -0.533724 0.286077 1 
0.998634 -0.0520578 0.000261017 0 -0.0520077 -0.997869 -0.039164 0 0.0022993 0.0390977 -0.999233 0 -0.217564 -0.53604 0.280294 1 
0.998649 -0.0517678 0.000296121 0 -0.0517191 -0.997927 -0.0380406 0 0.00226483 0.0379746 -0.999276 0 -0.218155 -0.53827 0.274935 1 
0.998638 -0.0519817 0.000741453 0 -0.0519157 -0.997915 -0.0380983 0 0.00272037 0.0380087 -0.999274 0 -0.218782 -0.540294 0.269226 1 
0.998626 -0.0522178 0.000639087 0 -0.052159 -0.997952 -0.0367817 0 0.00255849 0.0366985 -0.999323 0 -0.219473 -0.542423 0.264239 1 
0.998613 -0.0524631 0.000977503 0 -0.0523919 -0.997941 -0.0367409 0 0.00290309 0.0366394 -0.999324 0 -0.220181 -0.544321 0.25869 1 
0.998602 -0.0526653 0.000935995 0 -0.0525984 -0.997968 -0.0356974 0 0.00281416 0.035599 -0.999362 0 -0.220887 -0.546198 0.254174 1 
0.998585 -0.0529818 0.00142598 0 -0.0528957 -0.997935 -0.0361788 0 0.00333992 0.0360528 -0.999344 0 -0.221624 -0.547926 0.248943 1 
0.998582 -0.0530407 0.00138063 0 -0.0529598 -0.997971 -0.0350827 0 0.0032387 0.0349605 -0.999383 0 -0.222426 -0.549863 0.24429 1 
0.998581 -0.0530439 0.00160787 0 -0.052956 -0.997981 -0.0347959 0 0.0034504 0.0346621 -0.999393 0 -0.223102 -0.551566 0.239614 1 
0.998581 -0.0530317 0.00190811 0 -0.0529336 -0.997984 -0.0347335 0 0.00374632 0.0345839 -0.999395 0 -0.223768 -0.55326 0.23477 1 
0.998581 -0.0530377 0.00200075 0 -0.0529387 -0.998005 -0.0341298 0 0.003807 0.0339761 -0.999415 0 -0.224478 -0.555008 0.230385 1 
0.998576 -0.0531085 0.00248042 0 -0.0529911 -0.997985 -0.0346237 0 0.00431432 0.0344436 -0.999397 0 -0.225152 -0.556609 0.225516 1 
0.99858 -0.0530392 0.00231331 0 -0.0529334 -0.998036 -0.0332081 0 0.00407017 0.0330391 -0.999446 0 -0.225861 -0.558518 0.221434 1 
0.998582 -0.0529985 0.00245182 0 -0.0528904 -0.998057 -0.0326522 0 0.00417765 0.0324768 -0.999464 0 -0.226542 -0.560322 0.216803 1 
0.998586 -0.0529262 0.00217221 0 -0.0528339 -0.998115 -0.0309177 0 0.00380455 0.0307598 -0.99952 0 -0.227292 -0.562324 0.212722 1 
0.998586 -0.0529392 0.00209123 0 -0.0528538 -0.99815 -0.0297316 0 0.0036614 0.0295796 -0.999556 0 -0.228079 -0.56431 0.208353 1 
0.998588 -0.0529023 0.00189096 0 -0.0528282 -0.998197 -0.0281681 0 0.00337778 0.028029 -0.999601 0 -0.228847 -0.566331 0.203937 1 
0.998595 -0.0528049 0.00112188 0 -0.0527605 -0.998285 -0.0249895 0 0.00243957 0.0248957 -0.999687 0 -0.229663 -0.568547 0.200214 1 
0.998596 -0.052786 0.000786847 0 -0.0527537 -0.99833 -0.023132 0 0.00200662 0.0230584 -0.999732 0 -0.2304 -0.57045 0.196138 1 
0.9986 -0.0527205 2.41931e-05 0 -0.0527094 -0.998399 -0.0200507 0 0.00108126 0.0200217 -0.999799 0 -0.231214 -0.572606 0.192623 1 
0.998604 -0.0526436 -0.000209409 0 -0.0526384 -0.998431 -0.018587 0 0.000769421 0.0185724 -0.999827 0 -0.23192 -0.574477 0.188684 1 
0.998608 -0.0525568 -0.000507612 0 -0.0525579 -0.998464 -0.0169621 0 0.000384648 0.0169655 -0.999856 0 -0.232591 -0.5763 0.18481 1 
0.998613 -0.0524628 -0.00100082 0 -0.0524719 -0.998503 -0.0147785 0 -0.000224003 0.0148108 -0.99989 0 -0.233263 -0.57815 0.18128 1 
0.998619 -0.0523465 -0.000811436 0 -0.0523528 -0.998512 -0.0145863 0 -4.66863e-05 0.014609 -0.999893 0 -0.233769 -0.579613 0.177088 1 
0.998629 -0.0521521 -0.000800342 0 -0.0521582 -0.99853 -0.0140971 0 -6.39712e-05 0.0141198 -0.9999 0 -0.234231 -0.581042 0.173702 1 
0.998635 -0.0520397 -0.000493659 0 -0.0520414 -0.998531 -0.0144291 0 0.000257955 0.0144353 -0.999896 0 -0.234686 -0.582361 0.169998 1 
0.998639 -0.0519633 0.000454201 0 -0.0519486 -0.998503 -0.0165654 0 0.00131434 0.0165196 -0.999863 0 -0.235 -0.583325 0.165963 1 
0.998646 -0.0518181 0.00134471 0 -0.0517838 -0.998472 -0.0187713 0 0.00231539 0.0186766 -0.999823 0 -0.235284 -0.584259 0.16248 1 
0.998648 -0.0517133 0.00279648 0 -0.0516366 -0.998397 -0.0227346 0 0.00396775 0.0225599 -0.999738 0 -0.235474 -0.584836 0.15846 1 
0.998652 -0.051558 0.00419136 0 -0.0514292 -0.998314 -0.0265347 0 0.00555248 0.0262839 -0.999639 0 -0.235659 -0.585459 0.154706 1 
0.998662 -0.0512576 0.00519788 0 -0.0510833 -0.998251 -0.0294383 0 0.00669786 0.0291339 -0.999553 0 -0.235902 -0.586217 0.15156 1 
0.998667 -0.051011 0.00660826 0 -0.0507629 -0.998141 -0.0334448 0 0.00830219 0.0330654 -0.999419 0 -0.236074 -0.586791 0.147613 1 
0.998673 -0.0506991 0.0078517 0 -0.0503759 -0.998035 -0.036991 0 0.00971187 0.0365471 -0.999285 0 -0.236256 -0.587468 0.143926 1 
0.998702 -0.0499923 0.00873075 0 -0.049606 -0.99796 -0.0399401 0 0.0107098 0.0394559 -0.999164 0 -0.2365 -0.588238 0.140657 1 
0.998736 -0.0491318 0.00961691 0 -0.0486705 -0.99786 -0.0434383 0 0.0117308 0.0429162 -0.99901 0 -0.236698 -0.588826 0.137087 1 
0.998775 -0.0482829 0.00992763 0 -0.0477759 -0.997781 -0.046173 0 0.0121352 0.045643 -0.998884 0 -0.237092 -0.589742 0.133862 1 
0.998814 -0.0474321 0.0100779 0 -0.0468865 -0.997697 -0.0488159 0 0.0123704 0.0482864 -0.998757 0 -0.23754 -0.590609 0.130714 1 
0.998856 -0.0465122 0.0102365 0 -0.0459247 -0.9976 -0.0516247 0 0.0126134 0.0510965 -0.998614 0 -0.237975 -0.591437 0.127199 1 
0.998897 -0.0456913 0.00992842 0 -0.0451054 -0.997573 -0.0528541 0 0.0123195 0.052349 -0.998553 0 -0.238575 -0.592642 0.124419 1 
0.998921 -0.0451841 0.00983377 0 -0.0445896 -0.997534 -0.0540137 0 0.0122503 0.0535179 -0.998492 0 -0.239198 -0.593837 0.121373 1 
0.998942 -0.0447129 0.00980145 0 -0.0441087 -0.997502 -0.0550076 0 0.0122367 0.0545181 -0.998438 0 -0.239726 -0.594918 0.118184 1 
0.998971 -0.0442328 0.00903764 0 -0.0436868 -0.997596 -0.0536193 0 0.0113879 0.0531704 -0.998521 0 -0.240466 -0.596642 0.115385 1 
0.998988 -0.0440081 0.00817881 0 -0.043534 -0.997732 -0.0511433 0 0.0104112 0.0507365 -0.998658 0 -0.241226 -0.598456 0.112355 1 
0.999005 -0.0438022 0.00720246 0 -0.043406 -0.997887 -0.0481544 0 0.00929668 0.0477948 -0.998814 0 -0.241946 -0.600259 0.109442 1 
0.999021 -0.043628 0.00587283 0 -0.0433289 -0.998085 -0.0439235 0 0.00777803 0.0436268 -0.999018 0 -0.242761 -0.602365 0.106892 1 
0.999029 -0.0435828 0.00471258 0 -0.043361 -0.998255 -0.0398554 0 0.00644149 0.0396132 -0.999194 0 -0.243528 -0.604344 0.103876 1 
0.999036 -0.0435324 0.00363178 0 -0.0433734 -0.998398 -0.0360789 0 0.00519666 0.0358873 -0.999342 0 -0.244255 -0.606233 0.101013 1 
0.999039 -0.0435498 0.00220096 0 -0.04346 -0.998557 -0.0312349 0 0.00355813 0.0311098 -0.99951 0 -0.245089 -0.608327 0.0986727 1 
0.999039 -0.0435996 0.00111407 0 -0.043553 -0.998669 -0.0272933 0 0.0023026 0.027219 -0.999627 0 -0.245786 -0.610086 0.0957423 1 
0.99904 -0.0435821 0.000327448 0 -0.0435613 -0.998746 -0.0242915 0 0.00138574 0.0242544 -0.999705 0 -0.246311 -0.611519 0.0928957 1 
0.99904 -0.0435868 -0.000763062 0 -0.0435933 -0.998831 -0.0204271 0 0.000128184 0.0204412 -0.999791 0 -0.246941 -0.61321 0.0904821 1 
0.999039 -0.0435811 -0.00159669 0 -0.0436022 -0.998889 -0.0173218 0 -0.000840029 0.0173751 -0.999849 0 -0.247505 -0.614738 0.087838 1 
0.999042 -0.0434926 -0.00194384 0 -0.0435177 -0.99892 -0.0156523 0 -0.001261 0.0157222 -0.999876 0 -0.247881 -0.615957 0.0849571 1 
0.999046 -0.0433745 -0.00243393 0 -0.0434038 -0.998954 -0.0136825 0 -0.00183795 0.0137754 -0.999903 0 -0.248264 -0.617247 0.0826765 1 
0.999052 -0.0431994 -0.00323785 0 -0.0432319 -0.998998 -0.0107571 0 -0.00276996 0.0108871 -0.999937 0 -0.248702 -0.618749 0.0804578 1 
0.99906 -0.0429531 -0.00387032 0 -0.0429842 -0.999031 -0.00835229 0 -0.00350788 0.00851096 -0.999958 0 -0.249031 -0.620086 0.077822 1 
0.999068 -0.0427288 -0.00429787 0 -0.0427568 -0.999054 -0.00664698 0 -0.00400986 0.00682468 -0.999969 0 -0.249306 -0.621276 0.0755159 1 
0.999075 -0.0425219 -0.00472486 0 -0.0425454 -0.999072 -0.00499804 0 -0.00450803 0.00519453 -0.999976 0 -0.249649 -0.622589 0.0735776 1 
0.999082 -0.0423402 -0.00483054 0 -0.0423612 -0.999083 -0.00432342 0 -0.00464315 0.00452416 -0.999979 0 -0.249949 -0.623739 0.0715493 1 
0.99909 -0.0421709 -0.00456773 0 -0.0421927 -0.999088 -0.00478381 0 -0.00436191 0.00497227 -0.999978 0 -0.25013 -0.624548 0.0692611 1 
0.999099 -0.0419924 -0.00429773 0 -0.042015 -0.999093 -0.00532372 0 -0.00407036 0.0054996 -0.999977 0 -0.250353 -0.625439 0.0671972 1 
0.999114 -0.0416302 -0.00430837 0 -0.0416522 -0.999109 -0.00516031 0 -0.00408979 0.0053353 -0.999977 0 -0.250688 -0.626561 0.0655935 1 
0.999126 -0.0413305 -0.00435102 0 -0.0413517 -0.999123 -0.00489444 0 -0.004145 0.00507018 -0.999979 0 -0.25108 -0.627732 0.0639885 1 
0.999144 -0.040925 -0.00423821 0 -0.0409472 -0.999138 -0.00530097 0 -0.00401769 0.00547008 -0.999977 0 -0.251409 -0.628669 0.0619804 1 
0.999174 -0.0401575 -0.00433534 0 -0.0401809 -0.999168 -0.0054391 0 -0.0041134 0.00560892 -0.999976 0 -0.251738 -0.629664 0.0602179 1 
0.999197 -0.0395552 -0.00467186 0 -0.0395781 -0.999195 -0.0049236 0 -0.00447343 0.00510465 -0.999977 0 -0.252116 -0.630828 0.0589258 1 
0.999213 -0.039095 -0.00509282 0 -0.0391168 -0.999216 -0.00424135 0 -0.00492311 0.00443732 -0.999978 0 -0.252538 -0.632089 0.0576508 1 
0.999236 -0.0384595 -0.0053988 0 -0.0384827 -0.999241 -0.004253 0 -0.00523123 0.0044576 -0.999976 0 -0.252893 -0.633087 0.0560103 1 
0.999259 -0.0378027 -0.00569491 0 -0.0378281 -0.999265 -0.00442283 0 -0.00552364 0.00463507 -0.999974 0 -0.253192 -0.633948 0.0544192 1 
0.999278 -0.0372323 -0.00616008 0 -0.0372573 -0.999288 -0.00400922 0 -0.00600654 0.00423591 -0.999973 0 -0.253562 -0.635024 0.053127 1 
0.999302 -0.0364633 -0.00680183 0 -0.0364857 -0.999319 -0.00320344 0 -0.00668052 0.00344944 -0.999972 0 -0.253964 -0.63622 0.0521123 1 
0.999331 -0.0355508 -0.00742436 0 -0.0355701 -0.999354 -0.00248429 0 -0.00733138 0.00274677 -0.999969 0 -0.254341 -0.637329 0.0511268 1 
0.999352 -0.034842 -0.00786154 0 -0.0348603 -0.99938 -0.00220353 0 -0.00778004 0.0024762 -0.999967 0 -0.254673 -0.638277 0.0498587 1 
0.999369 -0.0342741 -0.0082193 0 -0.0342913 -0.9994 -0.00196459 0 -0.00814719 0.00224525 -0.999964 0 -0.254955 -0.639166 0.048626 1 
0.999393 -0.0334626 -0.00869112 0 -0.0334771 -0.999429 -0.00153818 0 -0.00863485 0.00182824 -0.999961 0 -0.255206 -0.640052 0.0476589 1 
0.999416 -0.0326004 -0.00925201 0 -0.0326097 -0.999458 -0.00085551 0 -0.00921928 0.00115674 -0.999957 0 -0.255452 -0.641034 0.0468573 1 
0.999432 -0.0319602 -0.00975023 0 -0.0319626 -0.999479 -8.77297e-05 0 -0.00974254 0.00039933 -0.999952 0 -0.25568 -0.642011 0.0461329 1 
0.999448 -0.0313208 -0.0101286 0 -0.0313181 -0.9995 0.000432761 0 -0.0101373 -0.000115315 -0.999949 0 -0.255842 -0.642859 0.0453292 1 
0.999464 -0.0307476 -0.0103536 0 -0.0307426 -0.999517 0.000645684 0 -0.0103687 -0.000327048 -0.999946 0 -0.255925 -0.643556 0.0444112 1 
0.999477 -0.0302973 -0.0104354 0 -0.030292 -0.999531 0.000665262 0 -0.0104508 -0.000348813 -0.999945 0 -0.255944 -0.644154 0.0434238 1 
0.999493 -0.0297449 -0.0104679 0 -0.0297404 -0.999548 0.000581664 0 -0.0104807 -0.000270055 -0.999945 0 -0.255857 -0.644691 0.0424605 1 
0.999514 -0.0290138 -0.0105321 0 -0.0290105 -0.999569 0.00046807 0 -0.0105413 -0.000162305 -0.999944 0 -0.255733 -0.645183 0.0415771 1 
0.999536 -0.0281967 -0.0106258 0 -0.0281939 -0.999593 0.000410021 0 -0.0106333 -0.000110249 -0.999943 0 -0.255596 -0.645665 0.0407956 1 
0.999557 -0.0273976 -0.0107452 0 -0.027394 -0.999615 0.000488667 0 -0.0107546 -0.000194102 -0.999942 0 -0.255465 -0.646174 0.0401264 1 
0.999578 -0.0265724 -0.0108581 0 -0.026567 -0.999637 0.000636768 0 -0.0108713 -0.000348039 -0.999941 0 -0.255315 -0.646705 0.0395046 1 
0.999601 -0.0256383 -0.0110052 0 -0.0256306 -0.999661 0.000841322 0 -0.0110233 -0.000558928 -0.999939 0 -0.255151 -0.647277 0.0388956 1 
0.99962 -0.0248097 -0.0111416 0 -0.0247991 -0.999682 0.00108569 0 -0.0111652 -0.000808992 -0.999937 0 -0.254997 -0.647845 0.0383288 1 
0.999641 -0.0238639 -0.0113229 0 -0.0238508 -0.999705 0.00129568 0 -0.0113507 -0.00102518 -0.999935 0 -0.254865 -0.64837 0.0378005 1 
0.999673 -0.0223473 -0.0116291 0 -0.022331 -0.99974 0.00153356 0 -0.0116605 -0.00127339 -0.999931 0 -0.254751 -0.648901 0.0373363 1 
0.999712 -0.0203058 -0.0119756 0 -0.0202857 -0.999783 0.00179629 0 -0.0120097 -0.00155287 -0.999927 0 -0.254627 -0.649421 0.0369525 1 
0.999745 -0.0184465 -0.0122346 0 -0.0184221 -0.999818 0.00210835 0 -0.0122715 -0.00188246 -0.999923 0 -0.254485 -0.649899 0.036677 1 
0.999771 -0.0168252 -0.0124661 0 -0.0167959 -0.999846 0.00244753 0 -0.0125056 -0.00223763 -0.999919 0 -0.2543 -0.650358 0.036486 1 
0.99979 -0.0154562 -0.0127155 0 -0.0154218 -0.999868 0.00280401 0 -0.0127574 -0.00260738 -0.999915 0 -0.254073 -0.650787 0.0364063 1 
0.999803 -0.0143872 -0.0129226 0 -0.0143478 -0.999883 0.00313454 0 -0.0129664 -0.00294857 -0.999912 0 -0.253796 -0.651172 0.036386 1 
0.999812 -0.0136612 -0.0130575 0 -0.0136176 -0.999892 0.00342638 0 -0.0131032 -0.00324799 -0.999909 0 -0.253444 -0.651554 0.0363538 1 
0.999817 -0.0132555 -0.0130735 0 -0.0132103 -0.999897 0.00354181 0 -0.0131193 -0.00336852 -0.999908 0 -0.253212 -0.651769 0.0362646 1 
0.99982 -0.0129881 -0.0131232 0 -0.0129407 -0.9999 0.00369229 0 -0.0131701 -0.00352187 -0.999907 0 -0.25307 -0.651981 0.0361678 1 
0.999822 -0.0127492 -0.0132247 0 -0.0126972 -0.999902 0.00400743 0 -0.0132748 -0.00383887 -0.999905 0 -0.252987 -0.652265 0.0361229 1 
0.999822 -0.0125578 -0.0133736 0 -0.0125 -0.999903 0.00439646 0 -0.0134278 -0.00422858 -0.999901 0 -0.25296 -0.652587 0.0360809 1 
0.999821 -0.01252 -0.0135078 0 -0.0124568 -0.999901 0.0047543 0 -0.0135663 -0.00458527 -0.999897 0 -0.253029 -0.652864 0.0360044 1 
0.999819 -0.0125966 -0.0135898 0 -0.0125298 -0.999899 0.0049845 0 -0.0136515 -0.00481341 -0.999895 0 -0.253161 -0.653076 0.0358278 1 
0.999818 -0.0126294 -0.0136293 0 -0.0125606 -0.999898 0.00512143 0 -0.0136928 -0.0049494 -0.999894 0 -0.253272 -0.653296 0.0355141 1 
0.999817 -0.012645 -0.0136557 0 -0.0125744 -0.999898 0.00524624 0 -0.0137209 -0.00507367 -0.999893 0 -0.253365 -0.653533 0.0351575 1 
0.999817 -0.0126543 -0.0136661 0 -0.0125821 -0.999897 0.00535924 0 -0.0137327 -0.00518641 -0.999892 0 -0.253441 -0.653769 0.0347936 1 
0.999818 -0.0126253 -0.0136436 0 -0.012553 -0.999897 0.00536975 0 -0.0137103 -0.00519761 -0.999893 0 -0.253501 -0.654008 0.0342998 1 
0.999819 -0.0126109 -0.0135643 0 -0.0125409 -0.999898 0.0052337 0 -0.0136292 -0.00506274 -0.999894 0 -0.253561 -0.6542 0.0336925 1 
0.999821 -0.0125763 -0.0134603 0 -0.0125092 -0.999899 0.00505975 0 -0.0135229 -0.00489056 -0.999897 0 -0.253605 -0.654409 0.0329912 1 
0.999823 -0.0125077 -0.0133545 0 -0.0124437 -0.999901 0.00486444 0 -0.0134143 -0.00469749 -0.999899 0 -0.253633 -0.654644 0.032215 1 
0.999826 -0.0123975 -0.0132247 0 -0.0123377 -0.999904 0.00459187 0 -0.0132807 -0.004428 -0.999902 0 -0.253641 -0.654881 0.0313482 1 
0.99983 -0.01228 -0.0130481 0 -0.0122257 -0.999907 0.00422853 0 -0.013099 -0.00406837 -0.999906 0 -0.253646 -0.655063 0.0304458 1 
0.999834 -0.0121719 -0.0128399 0 -0.0121245 -0.99991 0.0037634 0 -0.0128848 -0.00360717 -0.99991 0 -0.253635 -0.65522 0.0294555 1 
0.999836 -0.0121341 -0.0126874 0 -0.0120914 -0.999911 0.00343517 0 -0.0127282 -0.00328126 -0.999914 0 -0.253674 -0.655406 0.0285611 1 
0.999838 -0.0120764 -0.0126202 0 -0.0120351 -0.999912 0.00333849 0 -0.0126597 -0.00318612 -0.999915 0 -0.253752 -0.655656 0.0278455 1 
0.99984 -0.0118895 -0.0126365 0 -0.0118466 -0.999914 0.00346615 0 -0.0126768 -0.00331596 -0.999914 0 -0.253846 -0.656011 0.0272226 1 
0.999839 -0.0118558 -0.0127728 0 -0.0118071 -0.999913 0.00388589 0 -0.012818 -0.00373452 -0.999911 0 -0.254015 -0.656484 0.0267292 1 
0.999838 -0.0117626 -0.0129168 0 -0.0117073 -0.999912 0.00434455 0 -0.012967 -0.00419271 -0.999907 0 -0.2542 -0.656944 0.0263056 1 
0.999839 -0.0114513 -0.0130971 0 -0.0113878 -0.999913 0.00490762 0 -0.0131524 -0.00475777 -0.999902 0 -0.254382 -0.657457 0.0259212 1 
0.999837 -0.0113931 -0.0133204 0 -0.0113198 -0.999911 0.00556637 0 -0.0133829 -0.00541478 -0.999896 0 -0.254589 -0.658006 0.0255841 1 
0.999834 -0.0113937 -0.0135555 0 -0.0113097 -0.999907 0.00625756 0 -0.0136258 -0.00610333 -0.999889 0 -0.254805 -0.658559 0.025278 1 
0.999832 -0.0112507 -0.0137579 0 -0.0111572 -0.999905 0.00686073 0 -0.013834 -0.00670621 -0.999882 0 -0.254992 -0.659079 0.0249682 1 
0.999832 -0.0111425 -0.013912 0 -0.0110415 -0.999903 0.00731853 0 -0.0139924 -0.00716383 -0.999876 0 -0.255153 -0.659528 0.0246106 1 
0.99983 -0.0111461 -0.0140379 0 -0.0110386 -0.9999 0.00771226 0 -0.0141228 -0.00755613 -0.999872 0 -0.255304 -0.659891 0.0243041 1 
0.99983 -0.0110691 -0.0141039 0 -0.010958 -0.999899 0.00793452 0 -0.0141906 -0.00777876 -0.999869 0 -0.255382 -0.660137 0.0240513 1 
