0.999945 0.0082331 -0.00484331 0 0.00850107 -0.99826 0.0581899 0 -0.00435588 -0.058229 -0.998294 0 -0.229511 -0.332252 0.488596 1 
0.999945 0.00824499 -0.00484243 0 0.00851286 -0.99826 0.0581817 0 -0.00435438 -0.0582208 -0.998294 0 -0.229506 -0.332255 0.488592 1 
0.999945 0.00825152 -0.00484648 0 0.00851962 -0.99826 0.0581846 0 -0.00435802 -0.0582238 -0.998294 0 -0.229504 -0.332257 0.488594 1 
0.999945 0.00823965 -0.00484633 0 0.00850777 -0.99826 0.058187 0 -0.00435854 -0.0582262 -0.998294 0 -0.229507 -0.332254 0.488594 1 
0.999945 0.00824085 -0.00484342 0 0.0085088 -0.99826 0.0581858 0 -0.00435557 -0.0582249 -0.998294 0 -0.229507 -0.332254 0.488594 1 
0.999945 0.00824732 -0.00484511 0 0.00851536 -0.99826 0.0581849 0 -0.0043569 -0.058224 -0.998294 0 -0.229505 -0.332254 0.488594 1 
0.999945 0.00825365 -0.00484668 0 0.00852176 -0.99826 0.0581838 0 -0.0043581 -0.058223 -0.998294 0 -0.229504 -0.332255 0.488594 1 
0.999945 0.00825064 -0.00484667 0 0.00851875 -0.99826 0.0581846 0 -0.00435826 -0.0582238 -0.998294 0 -0.229505 -0.332255 0.488594 1 
0.999945 0.00824184 -0.00484631 0 0.00850997 -0.99826 0.0581882 0 -0.00435838 -0.0582273 -0.998294 0 -0.229506 -0.332255 0.488596 1 
0.999945 0.00824604 -0.00484318 0 0.00851397 -0.99826 0.0581853 0 -0.00435504 -0.0582244 -0.998294 0 -0.229506 -0.332255 0.488594 1 
0.999945 0.00824555 -0.00484152 0 0.00851339 -0.99826 0.0581873 0 -0.00435339 -0.0582264 -0.998294 0 -0.229507 -0.332255 0.488594 1 
0.999945 0.00824653 -0.00484704 0 0.00851469 -0.99826 0.0581866 0 -0.00435885 -0.0582258 -0.998294 0 -0.229505 -0.332255 0.488595 1 
0.999945 0.0082424 -0.00484519 0 0.00851047 -0.99826 0.0581909 0 -0.0043572 -0.05823 -0.998294 0 -0.229506 -0.332256 0.488595 1 
0.999945 0.0082475 -0.00484375 0 0.00851546 -0.99826 0.0581848 0 -0.00435553 -0.0582239 -0.998294 0 -0.229506 -0.332254 0.488593 1 
0.999945 0.00824823 -0.00484422 0 0.0085162 -0.99826 0.058183 0 -0.00435596 -0.0582221 -0.998294 0 -0.229504 -0.332256 0.488593 1 
0.999945 0.00824954 -0.00484572 0 0.00851762 -0.99826 0.0581886 0 -0.00435735 -0.0582277 -0.998294 0 -0.229504 -0.332256 0.488596 1 
0.999945 0.00824775 -0.00484624 0 0.00851586 -0.99826 0.0581879 0 -0.00435797 -0.0582271 -0.998294 0 -0.229506 -0.332255 0.488595 1 
0.999945 0.00824369 -0.00484697 0 0.00851185 -0.99826 0.0581881 0 -0.00435894 -0.0582272 -0.998294 0 -0.229506 -0.332254 0.488595 1 
0.999945 0.00825139 -0.00484734 0 0.00851955 -0.99826 0.0581865 0 -0.00435887 -0.0582257 -0.998294 0 -0.229504 -0.332256 0.488595 1 
0.999945 0.00824361 -0.00484562 0 0.00851169 -0.99826 0.0581862 0 -0.00435761 -0.0582253 -0.998294 0 -0.229505 -0.332255 0.488595 1 
0.999945 0.0082487 -0.00484439 0 0.0085167 -0.99826 0.0581864 0 -0.00435608 -0.0582256 -0.998294 0 -0.229507 -0.332254 0.488594 1 
0.999945 0.00824373 -0.0048464 0 0.00851187 -0.99826 0.0581913 0 -0.00435833 -0.0582305 -0.998294 0 -0.229506 -0.332255 0.488596 1 
0.999945 0.0082505 -0.00484293 0 0.0085184 -0.99826 0.0581846 0 -0.00435453 -0.0582237 -0.998294 0 -0.229504 -0.332255 0.488594 1 
0.999945 0.00824933 -0.00484476 0 0.00851735 -0.99826 0.0581883 0 -0.0043564 -0.0582275 -0.998294 0 -0.229505 -0.332257 0.488594 1 
0.999945 0.00824642 -0.00484522 0 0.00851446 -0.99826 0.0581847 0 -0.00435706 -0.0582238 -0.998294 0 -0.229506 -0.332255 0.488594 1 
0.999945 0.00823429 -0.0048392 0 0.00850201 -0.99826 0.0581873 0 -0.00435173 -0.0582264 -0.998294 0 -0.22951 -0.332252 0.488593 1 
0.999945 0.00824756 -0.00484584 0 0.00851564 -0.99826 0.0581864 0 -0.0043576 -0.0582255 -0.998294 0 -0.229506 -0.332256 0.488595 1 
0.999945 0.00824755 -0.00484704 0 0.0085157 -0.99826 0.0581863 0 -0.0043588 -0.0582255 -0.998294 0 -0.229505 -0.332256 0.488595 1 
0.999945 0.00825145 -0.0048445 0 0.00851942 -0.99826 0.0581816 0 -0.00435607 -0.0582208 -0.998294 0 -0.229505 -0.332256 0.488593 1 
0.999945 0.00823871 -0.00484104 0 0.00850651 -0.99826 0.0581825 0 -0.00435335 -0.0582216 -0.998294 0 -0.229508 -0.332253 0.488592 1 
0.999945 0.00824541 -0.00484319 0 0.00851333 -0.99826 0.0581838 0 -0.0043551 -0.0582229 -0.998294 0 -0.229506 -0.332254 0.488593 1 
0.999945 0.00824994 -0.00484584 0 0.00851801 -0.99826 0.0581852 0 -0.00435746 -0.0582244 -0.998294 0 -0.229505 -0.332256 0.488594 1 
0.999945 0.00825075 -0.00484239 0 0.00851859 -0.99826 0.0581796 0 -0.00435403 -0.0582187 -0.998294 0 -0.229504 -0.332255 0.488591 1 
0.999945 0.00824619 -0.00484596 0 0.00851427 -0.99826 0.0581831 0 -0.00435782 -0.0582223 -0.998294 0 -0.229505 -0.332255 0.488593 1 
0.999945 0.00824211 -0.00484277 0 0.00851001 -0.99826 0.058182 0 -0.00435489 -0.0582211 -0.998294 0 -0.229507 -0.332254 0.488592 1 
0.999945 0.0082435 -0.00484577 0 0.00851158 -0.99826 0.0581874 0 -0.00435776 -0.0582266 -0.998294 0 -0.229506 -0.332255 0.488595 1 
0.999945 0.00824111 -0.0048461 0 0.00850922 -0.99826 0.0581877 0 -0.00435822 -0.0582268 -0.998294 0 -0.229506 -0.332255 0.488595 1 
0.999945 0.00824326 -0.0048464 0 0.00851139 -0.99826 0.0581882 0 -0.00435839 -0.0582273 -0.998294 0 -0.229506 -0.332255 0.488595 1 
0.999945 0.00823298 -0.00484081 0 0.00850082 -0.99826 0.0581914 0 -0.00435338 -0.0582304 -0.998294 0 -0.22951 -0.332253 0.488595 1 
0.999945 0.00824305 -0.0048446 0 0.00851106 -0.99826 0.0581838 0 -0.00435664 -0.0582229 -0.998294 0 -0.229506 -0.332255 0.488594 1 
0.999944 0.00826923 -0.00484435 0 0.00853716 -0.99826 0.0581803 0 -0.0043549 -0.0582195 -0.998294 0 -0.229498 -0.33226 0.488592 1 
0.999945 0.00824698 -0.00484918 0 0.00851527 -0.99826 0.0581898 0 -0.00436093 -0.058229 -0.998294 0 -0.229505 -0.332255 0.488596 1 
0.999945 0.00824004 -0.00484021 0 0.00850779 -0.99826 0.0581828 0 -0.00435244 -0.0582218 -0.998294 0 -0.229508 -0.332252 0.488592 1 
0.999945 0.00823841 -0.00484485 0 0.00850646 -0.99826 0.0581891 0 -0.00435712 -0.0582282 -0.998294 0 -0.229508 -0.332253 0.488595 1 
0.999945 0.0082478 -0.0048486 0 0.00851606 -0.99826 0.0581897 0 -0.00436031 -0.0582289 -0.998294 0 -0.229505 -0.332255 0.488597 1 
0.999945 0.00824138 -0.00484199 0 0.00850923 -0.99826 0.0581822 0 -0.00435414 -0.0582213 -0.998294 0 -0.229507 -0.332254 0.488592 1 
0.999945 0.00824092 -0.0048431 0 0.00850884 -0.99826 0.0581836 0 -0.00435527 -0.0582227 -0.998294 0 -0.229508 -0.332252 0.488593 1 
0.999945 0.0082484 -0.00484858 0 0.00851666 -0.998259 0.0581928 0 -0.00436022 -0.058232 -0.998294 0 -0.229504 -0.332256 0.488597 1 
0.999945 0.00825287 -0.00484203 0 0.00852072 -0.99826 0.0581858 0 -0.00435349 -0.058225 -0.998294 0 -0.229505 -0.332256 0.488593 1 
0.999945 0.00824431 -0.00484262 0 0.00851219 -0.99826 0.0581826 0 -0.0043546 -0.0582217 -0.998294 0 -0.229506 -0.332255 0.488593 1 
0.999945 0.00823801 -0.00484572 0 0.00850611 -0.99826 0.0581878 0 -0.00435802 -0.058227 -0.998294 0 -0.229508 -0.332253 0.488595 1 
0.999945 0.00824263 -0.00484607 0 0.00851076 -0.99826 0.0581905 0 -0.00435808 -0.0582296 -0.998294 0 -0.229507 -0.332254 0.488596 1 
0.999945 0.00825341 -0.00484227 0 0.00852126 -0.99826 0.0581844 0 -0.00435371 -0.0582236 -0.998294 0 -0.229504 -0.332256 0.488594 1 
0.999945 0.00824148 -0.00484652 0 0.00850962 -0.99826 0.0581879 0 -0.00435861 -0.058227 -0.998294 0 -0.229507 -0.332255 0.488594 1 
0.999945 0.0082493 -0.00484418 0 0.00851727 -0.99826 0.0581827 0 -0.00435587 -0.0582219 -0.998294 0 -0.229504 -0.332257 0.488592 1 
0.999945 0.00824753 -0.00484071 0 0.00851531 -0.99826 0.0581867 0 -0.00435248 -0.0582258 -0.998294 0 -0.229507 -0.332254 0.488593 1 
0.999945 0.00824826 -0.00484681 0 0.00851643 -0.998259 0.0581928 0 -0.00435846 -0.058232 -0.998294 0 -0.229505 -0.332255 0.488597 1 
0.999945 0.00825462 -0.00484472 0 0.00852262 -0.99826 0.0581843 0 -0.00435608 -0.0582235 -0.998294 0 -0.229505 -0.332256 0.488593 1 
0.999945 0.00824306 -0.00484643 0 0.0085112 -0.99826 0.0581893 0 -0.00435842 -0.0582284 -0.998294 0 -0.229507 -0.332254 0.488597 1 
0.999945 0.00824251 -0.00484372 0 0.00851048 -0.99826 0.058186 0 -0.00435577 -0.0582251 -0.998294 0 -0.22951 -0.332252 0.488594 1 
0.999945 0.00824793 -0.00484389 0 0.0085159 -0.99826 0.0581866 0 -0.00435562 -0.0582258 -0.998294 0 -0.229507 -0.332254 0.488594 1 
0.999945 0.00825243 -0.00484364 0 0.00852038 -0.99826 0.0581883 0 -0.0043551 -0.0582275 -0.998294 0 -0.229504 -0.332257 0.488595 1 
0.999945 0.00824842 -0.00484578 0 0.00851651 -0.99826 0.0581887 0 -0.00435747 -0.0582279 -0.998294 0 -0.229504 -0.332255 0.488595 1 
0.999945 0.00824197 -0.00484299 0 0.00850987 -0.99826 0.058182 0 -0.00435511 -0.0582211 -0.998294 0 -0.229507 -0.332254 0.488593 1 
0.999945 0.0082469 -0.00484865 0 0.00851515 -0.99826 0.0581873 0 -0.00436044 -0.0582264 -0.998294 0 -0.229506 -0.332255 0.488595 1 
0.999945 0.0082436 -0.00484422 0 0.00851159 -0.99826 0.0581843 0 -0.00435623 -0.0582234 -0.998294 0 -0.229505 -0.332255 0.488593 1 
0.999945 0.00824734 -0.00484518 0 0.00851538 -0.99826 0.0581864 0 -0.00435695 -0.0582255 -0.998294 0 -0.229506 -0.332255 0.488594 1 
0.999945 0.00823897 -0.00484113 0 0.0085068 -0.99826 0.0581884 0 -0.00435338 -0.0582275 -0.998294 0 -0.229508 -0.332254 0.488594 1 
0.999945 0.00824135 -0.0048419 0 0.00850921 -0.99826 0.0581871 0 -0.00435401 -0.0582262 -0.998294 0 -0.229507 -0.332255 0.488594 1 
0.999945 0.00824409 -0.00483909 0 0.00851177 -0.99826 0.0581851 0 -0.00435107 -0.0582242 -0.998294 0 -0.229506 -0.332255 0.488593 1 
0.999945 0.00824176 -0.00484711 0 0.00850994 -0.99826 0.05819 0 -0.00435917 -0.0582292 -0.998294 0 -0.229506 -0.332255 0.488596 1 
0.999945 0.00824585 -0.00484666 0 0.008514 -0.99826 0.0581902 0 -0.00435848 -0.0582294 -0.998294 0 -0.229506 -0.332256 0.488596 1 
0.999945 0.00824531 -0.00484662 0 0.00851343 -0.99826 0.0581856 0 -0.00435851 -0.0582248 -0.998294 0 -0.229506 -0.332255 0.488595 1 
0.999945 0.00824297 -0.00484576 0 0.00851107 -0.99826 0.0581891 0 -0.00435776 -0.0582282 -0.998294 0 -0.229508 -0.332254 0.488595 1 
0.999945 0.00825514 -0.00484541 0 0.00852316 -0.99826 0.0581824 0 -0.00435676 -0.0582216 -0.998294 0 -0.229505 -0.332256 0.488593 1 
0.999945 0.00824757 -0.00484193 0 0.0085154 -0.99826 0.0581815 0 -0.00435373 -0.0582206 -0.998294 0 -0.229505 -0.332255 0.488592 1 
0.999945 0.00824658 -0.00484598 0 0.00851468 -0.99826 0.0581896 0 -0.00435777 -0.0582288 -0.998294 0 -0.229507 -0.332254 0.488596 1 
0.999945 0.00823948 -0.00484308 0 0.00850741 -0.99826 0.0581847 0 -0.00435532 -0.0582238 -0.998294 0 -0.229507 -0.332252 0.488593 1 
0.999945 0.00824634 -0.00484539 0 0.0085144 -0.99826 0.0581867 0 -0.00435722 -0.0582259 -0.998294 0 -0.229505 -0.332255 0.488594 1 
0.999945 0.00824652 -0.00484385 0 0.00851448 -0.99826 0.0581849 0 -0.00435568 -0.058224 -0.998294 0 -0.229506 -0.332254 0.488594 1 
0.999945 0.00824463 -0.00484235 0 0.0085125 -0.99826 0.0581837 0 -0.00435431 -0.0582229 -0.998294 0 -0.229506 -0.332255 0.488593 1 
0.999945 0.00825182 -0.00484786 0 0.00852001 -0.99826 0.0581869 0 -0.00435936 -0.0582261 -0.998294 0 -0.229505 -0.332255 0.488595 1 
0.999945 0.00824479 -0.00484242 0 0.00851266 -0.99826 0.0581846 0 -0.00435436 -0.0582237 -0.998294 0 -0.229504 -0.332255 0.488593 1 
0.999945 0.00824909 -0.00484375 0 0.00851703 -0.99826 0.0581818 0 -0.00435546 -0.0582209 -0.998294 0 -0.229505 -0.332255 0.488592 1 
0.999945 0.00823861 -0.00484264 0 0.00850652 -0.99826 0.0581871 0 -0.00435492 -0.0582262 -0.998294 0 -0.229508 -0.332254 0.488594 1 
0.999945 0.00824883 -0.00483997 0 0.00851657 -0.99826 0.0581862 0 -0.00435166 -0.0582253 -0.998294 0 -0.229505 -0.332255 0.488593 1 
0.999945 0.00824163 -0.00484617 0 0.00850974 -0.99826 0.0581855 0 -0.00435827 -0.0582247 -0.998294 0 -0.229507 -0.332255 0.488594 1 
0.999945 0.00824705 -0.00484148 0 0.00851488 -0.99826 0.0581857 0 -0.00435328 -0.0582248 -0.998294 0 -0.229506 -0.332254 0.488593 1 
0.999945 0.00823931 -0.00484257 0 0.00850721 -0.99826 0.0581849 0 -0.00435483 -0.058224 -0.998294 0 -0.229509 -0.332254 0.488593 1 
0.999945 0.0082504 -0.00484565 0 0.00851846 -0.99826 0.0581848 0 -0.00435726 -0.058224 -0.998294 0 -0.229506 -0.332255 0.488594 1 
0.999945 0.00824831 -0.00484626 0 0.00851641 -0.99826 0.0581852 0 -0.00435798 -0.0582244 -0.998294 0 -0.229506 -0.332255 0.488594 1 
0.999945 0.00823326 -0.00484466 0 0.00850129 -0.99826 0.0581865 0 -0.00435725 -0.0582256 -0.998294 0 -0.229511 -0.332253 0.488593 1 
0.999945 0.00822468 -0.00484447 0 0.00849274 -0.99826 0.0581908 0 -0.00435752 -0.0582299 -0.998294 0 -0.229514 -0.332251 0.488595 1 
0.999945 0.00823186 -0.00484224 0 0.00849975 -0.99826 0.0581856 0 -0.00435492 -0.0582247 -0.998294 0 -0.229511 -0.332252 0.488593 1 
0.999945 0.00824452 -0.0048465 0 0.00851266 -0.99826 0.0581898 0 -0.0043584 -0.058229 -0.998294 0 -0.229507 -0.332256 0.488595 1 
0.999945 0.00824749 -0.00485069 0 0.00851587 -0.99826 0.0581901 0 -0.00436241 -0.0582293 -0.998294 0 -0.229506 -0.332256 0.488596 1 
0.999945 0.00822598 -0.00484643 0 0.00849417 -0.998259 0.0581942 0 -0.00435937 -0.0582333 -0.998293 0 -0.229514 -0.332252 0.488597 1 
0.999945 0.0082107 -0.00483721 0 0.00847838 -0.99826 0.058195 0 -0.00435105 -0.058234 -0.998293 0 -0.229521 -0.332247 0.488594 1 
0.999945 0.00822559 -0.00484517 0 0.00849371 -0.99826 0.058194 0 -0.00435814 -0.058233 -0.998294 0 -0.229515 -0.332251 0.488596 1 
0.999945 0.00822303 -0.00484434 0 0.00849111 -0.998259 0.0581974 0 -0.00435743 -0.0582364 -0.998293 0 -0.229517 -0.33225 0.488597 1 
0.999945 0.0082041 -0.00483854 0 0.00847185 -0.99826 0.058193 0 -0.00435279 -0.0582319 -0.998294 0 -0.229523 -0.332245 0.488593 1 
0.999945 0.00818952 -0.00484019 0 0.00845741 -0.99826 0.0581969 0 -0.00435524 -0.0582358 -0.998293 0 -0.229527 -0.332242 0.488594 1 
0.999945 0.00819759 -0.0048409 0 0.00846552 -0.998259 0.0581984 0 -0.00435547 -0.0582373 -0.998293 0 -0.229526 -0.332243 0.488595 1 
0.999945 0.00820357 -0.00484331 0 0.00847164 -0.998259 0.0582009 0 -0.0043575 -0.0582399 -0.998293 0 -0.229522 -0.332245 0.488598 1 
0.999945 0.00820738 -0.00483218 0 0.00847472 -0.99826 0.0581822 0 -0.00434633 -0.0582211 -0.998294 0 -0.22952 -0.332244 0.48859 1 
0.999945 0.00821205 -0.00483402 0 0.00847952 -0.99826 0.0581889 0 -0.00434784 -0.0582278 -0.998294 0 -0.229519 -0.332245 0.488593 1 
0.999945 0.00821308 -0.00483361 0 0.00848051 -0.99826 0.0581871 0 -0.00434739 -0.058226 -0.998294 0 -0.229517 -0.332245 0.488592 1 
0.999945 0.00822748 -0.00483357 0 0.00849484 -0.99826 0.0581771 0 -0.0043466 -0.0582161 -0.998295 0 -0.229514 -0.332249 0.488589 1 
0.999945 0.00821476 -0.00483462 0 0.00848222 -0.99826 0.0581819 0 -0.00434835 -0.0582208 -0.998294 0 -0.229517 -0.332246 0.488591 1 
0.999945 0.00822854 -0.00483036 0 0.00849573 -0.99826 0.0581813 0 -0.00434329 -0.0582202 -0.998294 0 -0.229512 -0.332251 0.488588 1 
0.999945 0.00823974 -0.00483589 0 0.00850724 -0.99826 0.0581821 0 -0.00434815 -0.0582212 -0.998294 0 -0.229509 -0.332253 0.488589 1 
0.999945 0.00822333 -0.00483354 0 0.00849074 -0.99826 0.0581869 0 -0.00434672 -0.0582259 -0.998294 0 -0.229513 -0.332251 0.488591 1 
0.999945 0.00823504 -0.00483889 0 0.00850271 -0.99826 0.0581806 0 -0.00435144 -0.0582197 -0.998294 0 -0.229512 -0.332252 0.48859 1 
0.999945 0.00820381 -0.00483403 0 0.00847127 -0.99826 0.0581849 0 -0.00434836 -0.0582238 -0.998294 0 -0.229522 -0.332244 0.48859 1 
0.999945 0.00815692 -0.00482697 0 0.00842409 -0.99826 0.0581953 0 -0.00434397 -0.0582339 -0.998294 0 -0.229538 -0.332233 0.488592 1 
0.999945 0.00816935 -0.00482292 0 0.00843622 -0.998261 0.0581843 0 -0.00433929 -0.0582229 -0.998294 0 -0.229535 -0.332235 0.488587 1 
0.999945 0.00820161 -0.00483157 0 0.00846893 -0.99826 0.0581848 0 -0.00434604 -0.0582236 -0.998294 0 -0.229523 -0.332245 0.488589 1 
0.999945 0.00819171 -0.00483075 0 0.00845901 -0.99826 0.0581865 0 -0.00434579 -0.0582253 -0.998294 0 -0.229527 -0.332244 0.488588 1 
0.999946 0.00815451 -0.00481816 0 0.00842112 -0.998261 0.0581838 0 -0.0043354 -0.0582223 -0.998294 0 -0.22954 -0.332234 0.488586 1 
0.999946 0.00814648 -0.00481243 0 0.00841277 -0.998261 0.0581823 0 -0.00433017 -0.0582208 -0.998294 0 -0.229543 -0.332232 0.488584 1 
0.999945 0.00818267 -0.00482532 0 0.00844966 -0.99826 0.0581836 0 -0.00434091 -0.0582224 -0.998294 0 -0.229533 -0.332241 0.488586 1 
0.999945 0.00819588 -0.00482505 0 0.00846281 -0.998261 0.0581809 0 -0.0043399 -0.0582196 -0.998294 0 -0.229528 -0.332243 0.488587 1 
0.999945 0.00816738 -0.00482025 0 0.00843409 -0.998261 0.0581814 0 -0.00433676 -0.05822 -0.998294 0 -0.229537 -0.332236 0.488586 1 
0.999945 0.0081607 -0.00481846 0 0.00842732 -0.998261 0.058183 0 -0.00433535 -0.0582215 -0.998294 0 -0.229539 -0.332234 0.488586 1 
0.999945 0.00817367 -0.00481715 0 0.00844016 -0.998261 0.0581759 0 -0.00433334 -0.0582145 -0.998295 0 -0.229535 -0.332238 0.488583 1 
0.999945 0.00817287 -0.00482196 0 0.00843967 -0.998261 0.0581825 0 -0.00433814 -0.0582211 -0.998294 0 -0.229536 -0.332238 0.488586 1 
0.999945 0.00816486 -0.00481615 0 0.00843132 -0.998261 0.0581794 0 -0.00433283 -0.0582179 -0.998294 0 -0.229537 -0.332234 0.488585 1 
0.999946 0.00816126 -0.00480747 0 0.00842716 -0.998262 0.058165 0 -0.00432449 -0.0582035 -0.998295 0 -0.229536 -0.332232 0.488578 1 
0.999945 0.00817133 -0.0048155 0 0.00843772 -0.998261 0.0581758 0 -0.00433183 -0.0582143 -0.998295 0 -0.229533 -0.332236 0.488582 1 
0.999945 0.00817937 -0.00480992 0 0.00844537 -0.998262 0.0581627 0 -0.00432591 -0.0582013 -0.998295 0 -0.229528 -0.332237 0.488578 1 
0.999945 0.00817042 -0.00480867 0 0.00843639 -0.998262 0.0581682 0 -0.00432514 -0.0582067 -0.998295 0 -0.229532 -0.332236 0.48858 1 
0.999945 0.00816515 -0.00480634 0 0.00843098 -0.998262 0.0581655 0 -0.00432314 -0.0582039 -0.998295 0 -0.229535 -0.332233 0.488578 1 
0.999945 0.00818606 -0.00480524 0 0.00845177 -0.998262 0.0581603 0 -0.00432086 -0.0581989 -0.998296 0 -0.229527 -0.332238 0.488576 1 
0.999945 0.00821116 -0.00479914 0 0.00847637 -0.998263 0.0581366 0 -0.00431352 -0.0581752 -0.998297 0 -0.229516 -0.332241 0.488567 1 
0.999945 0.00819366 -0.00479173 0 0.00845847 -0.998263 0.0581365 0 -0.00430714 -0.058175 -0.998297 0 -0.229521 -0.332237 0.488565 1 
0.999945 0.00818123 -0.00479681 0 0.00844639 -0.998263 0.0581455 0 -0.00431286 -0.058184 -0.998297 0 -0.229525 -0.332234 0.488569 1 
0.999945 0.00818588 -0.00479853 0 0.00845113 -0.998263 0.0581452 0 -0.0043143 -0.0581837 -0.998297 0 -0.229525 -0.332235 0.48857 1 
0.999945 0.00818157 -0.00479593 0 0.00844666 -0.998263 0.0581407 0 -0.004312 -0.0581791 -0.998297 0 -0.229525 -0.332235 0.488566 1 
0.999946 0.00816089 -0.0047925 0 0.00842587 -0.998263 0.058152 0 -0.00430968 -0.0581904 -0.998296 0 -0.229532 -0.33223 0.48857 1 
0.999945 0.00817608 -0.00479873 0 0.0084414 -0.998262 0.058154 0 -0.004315 -0.0581924 -0.998296 0 -0.229529 -0.332233 0.488572 1 
0.999945 0.00820431 -0.00480966 0 0.00847024 -0.998262 0.058158 0 -0.00432424 -0.0581967 -0.998296 0 -0.22952 -0.33224 0.488577 1 
0.999945 0.0081928 -0.00480904 0 0.00845871 -0.998262 0.0581587 0 -0.00432428 -0.0581973 -0.998296 0 -0.229523 -0.332238 0.488576 1 
0.999945 0.00817237 -0.00480253 0 0.00843793 -0.998262 0.0581562 0 -0.00431899 -0.0581947 -0.998296 0 -0.22953 -0.332233 0.488575 1 
0.999945 0.00818722 -0.00480352 0 0.00845279 -0.998262 0.058153 0 -0.00431914 -0.0581916 -0.998296 0 -0.229526 -0.332235 0.488574 1 
0.999945 0.00821056 -0.004807 0 0.00847628 -0.998262 0.058149 0 -0.0043213 -0.0581876 -0.998296 0 -0.229516 -0.332242 0.488573 1 
0.999945 0.00820715 -0.00480509 0 0.00847278 -0.998262 0.0581527 0 -0.00431955 -0.0581913 -0.998296 0 -0.229517 -0.332242 0.488574 1 
0.999945 0.0082097 -0.0048044 0 0.00847524 -0.998263 0.0581421 0 -0.00431881 -0.0581807 -0.998297 0 -0.229517 -0.33224 0.48857 1 
0.999945 0.00821151 -0.0047944 0 0.00847643 -0.998263 0.058134 0 -0.00430878 -0.0581726 -0.998297 0 -0.229514 -0.332241 0.488565 1 
0.999945 0.00822117 -0.00479501 0 0.0084861 -0.998263 0.0581321 0 -0.00430886 -0.0581707 -0.998297 0 -0.229512 -0.332241 0.488563 1 
0.999945 0.00822581 -0.00479029 0 0.0084904 -0.998264 0.0581194 0 -0.00430398 -0.058158 -0.998298 0 -0.229509 -0.332243 0.488559 1 
0.999945 0.00822033 -0.0047764 0 0.00848404 -0.998265 0.0580992 0 -0.0042906 -0.0581376 -0.998299 0 -0.229509 -0.332242 0.488549 1 
0.999945 0.00821273 -0.00476405 0 0.00847568 -0.998266 0.0580868 0 -0.00427882 -0.0581251 -0.9983 0 -0.229514 -0.33224 0.48854 1 
0.999946 0.0081797 -0.00475189 0 0.00844197 -0.998267 0.0580781 0 -0.00426868 -0.0581162 -0.998301 0 -0.229524 -0.332232 0.488535 1 
0.999946 0.00817724 -0.00474255 0 0.00843892 -0.998267 0.0580685 0 -0.00425957 -0.0581065 -0.998301 0 -0.229524 -0.332227 0.488529 1 
0.999946 0.00819024 -0.00472607 0 0.00845081 -0.998269 0.0580359 0 -0.00424265 -0.0580738 -0.998303 0 -0.229521 -0.332232 0.488514 1 
0.999946 0.00818709 -0.00472058 0 0.00844733 -0.998269 0.0580337 0 -0.00423736 -0.0580716 -0.998303 0 -0.229524 -0.332229 0.488512 1 
0.999946 0.00820074 -0.00469589 0 0.00845937 -0.998271 0.0579972 0 -0.00421224 -0.0580349 -0.998306 0 -0.229515 -0.332233 0.488494 1 
0.999945 0.00826786 -0.00468034 0 0.0085253 -0.998273 0.0579543 0 -0.00419318 -0.0579921 -0.998308 0 -0.229493 -0.332248 0.488478 1 
0.999945 0.00825015 -0.00468002 0 0.00850756 -0.998274 0.057945 0 -0.00419397 -0.0579828 -0.998309 0 -0.2295 -0.332246 0.488477 1 
0.999946 0.0082226 -0.00466087 0 0.00847896 -0.998274 0.0579486 0 -0.00417641 -0.0579861 -0.998309 0 -0.229509 -0.332237 0.488476 1 
0.999945 0.00829235 -0.00465392 0 0.008548 -0.998276 0.0579041 0 -0.00416582 -0.0579418 -0.998311 0 -0.229484 -0.332256 0.488459 1 
0.999944 0.00846796 -0.00465452 0 0.00872325 -0.998276 0.0578799 0 -0.00415645 -0.0579184 -0.998313 0 -0.229427 -0.332294 0.488451 1 
0.999942 0.00868007 -0.00461997 0 0.00893279 -0.998277 0.0578259 0 -0.00411015 -0.0578649 -0.998316 0 -0.22935 -0.332339 0.488429 1 
0.999939 0.00900382 -0.00455866 0 0.00925184 -0.998283 0.0576735 0 -0.00403163 -0.0577133 -0.998325 0 -0.229233 -0.332413 0.488361 1 
0.999936 0.00949729 -0.00440841 0 0.00973486 -0.998293 0.0574251 0 -0.00385557 -0.0574654 -0.99834 0 -0.229054 -0.332512 0.488227 1 
0.999931 0.0101144 -0.00416664 0 0.0103357 -0.998308 0.0570605 0 -0.00358253 -0.0571007 -0.998362 0 -0.22882 -0.332614 0.488019 1 
0.999925 0.010803 -0.00377829 0 0.0109993 -0.998332 0.0565061 0 -0.00316161 -0.0565446 -0.998395 0 -0.228542 -0.332704 0.487696 1 
0.999916 0.0117638 -0.00317723 0 0.0119225 -0.998369 0.055661 0 -0.00251731 -0.0556953 -0.998445 0 -0.228147 -0.33282 0.4872 1 
0.999903 0.0129872 -0.00240856 0 0.0130994 -0.998413 0.0546012 0 -0.00169565 -0.0546286 -0.998505 0 -0.227647 -0.33297 0.486574 1 
0.999886 0.0143432 -0.00153366 0 0.0144046 -0.99846 0.053387 0 -0.00076557 -0.0534041 -0.998573 0 -0.22709 -0.333131 0.485857 1 
0.999864 0.0158716 -0.000421333 0 0.0158721 -0.99852 0.0518359 0 0.000402017 -0.0518365 -0.998656 0 -0.226448 -0.333296 0.484948 1 
0.999837 0.0175205 0.000865084 0 0.0174552 -0.998584 0.0500623 0 0.00174101 -0.0500399 -0.998746 0 -0.225753 -0.333468 0.483909 1 
0.999804 0.0191802 0.00228955 0 0.0190479 -0.998652 0.0480903 0 0.0032089 -0.0480381 -0.99884 0 -0.225052 -0.333635 0.482761 1 
0.999764 0.0209199 0.0038187 0 0.0207224 -0.998718 0.0459653 0 0.00477549 -0.0458762 -0.998936 0 -0.224335 -0.33384 0.481538 1 
0.999717 0.02274 0.00539363 0 0.0224823 -0.998778 0.0438009 0 0.00638319 -0.0436681 -0.999026 0 -0.223618 -0.334107 0.480307 1 
0.999667 0.0244634 0.00698432 0 0.0241524 -0.998833 0.0415964 0 0.00799391 -0.0414147 -0.99911 0 -0.222941 -0.334378 0.479067 1 
0.999609 0.0262155 0.00872747 0 0.0258544 -0.998888 0.03919 0 0.00974533 -0.0389498 -0.999194 0 -0.222239 -0.334692 0.477721 1 
0.999563 0.0272581 0.0105163 0 0.0268548 -0.998954 0.0367536 0 0.0115074 -0.0364559 -0.999269 0 -0.22161 -0.335002 0.476371 1 
0.999526 0.0278856 0.0122845 0 0.0274498 -0.999024 0.0343186 0 0.0132297 -0.0339658 -0.999335 0 -0.22107 -0.3353 0.475049 1 
0.999481 0.0285729 0.0142277 0 0.0281113 -0.999094 0.031655 0 0.0151196 -0.0312392 -0.999398 0 -0.220488 -0.335671 0.473613 1 
0.999437 0.029069 0.0161738 0 0.0285922 -0.999162 0.0289711 0 0.0170027 -0.0284929 -0.999449 0 -0.219942 -0.336053 0.472175 1 
0.999384 0.0297593 0.0180842 0 0.0292779 -0.999215 0.0263254 0 0.0188538 -0.0257802 -0.99949 0 -0.219369 -0.336501 0.470778 1 
0.999324 0.0306261 0.0198695 0 0.0301498 -0.999251 0.0238442 0 0.0205852 -0.0232295 -0.999518 0 -0.2188 -0.337031 0.469484 1 
0.999258 0.0316422 0.0215319 0 0.0311793 -0.999273 0.0215063 0 0.0221972 -0.0208194 -0.999537 0 -0.218237 -0.337661 0.4683 1 
0.999186 0.0327991 0.0230592 0 0.032355 -0.999279 0.0193746 0 0.0236785 -0.0186131 -0.999546 0 -0.217648 -0.338366 0.467222 1 
0.999126 0.0337524 0.0242527 0 0.0333275 -0.999278 0.0177154 0 0.0248336 -0.016892 -0.999549 0 -0.217117 -0.339329 0.466174 1 
0.999077 0.0346917 0.0249633 0 0.0342806 -0.999263 0.0167138 0 0.0255253 -0.0158429 -0.999549 0 -0.216673 -0.340452 0.465193 1 
0.999046 0.0351953 0.0254948 0 0.034796 -0.999258 0.0159412 0 0.0260374 -0.0150392 -0.999548 0 -0.216281 -0.341703 0.46416 1 
0.999064 0.0346483 0.0255266 0 0.0342503 -0.999278 0.01587 0 0.0260585 -0.0149812 -0.999548 0 -0.215962 -0.34316 0.463179 1 
0.99912 0.0333014 0.025135 0 0.0328956 -0.999315 0.0163911 0 0.0256641 -0.0155501 -0.99955 0 -0.215703 -0.344764 0.462264 1 
0.999206 0.0313336 0.0241995 0 0.0309093 -0.999356 0.0177158 0 0.0247395 -0.0169541 -0.99955 0 -0.215555 -0.346515 0.461435 1 
0.999297 0.0296203 0.0225716 0 0.0291691 -0.999363 0.0200634 0 0.023152 -0.0193913 -0.999544 0 -0.215495 -0.348502 0.460712 1 
0.999379 0.0284194 0.0203797 0 0.0279434 -0.999329 0.0232727 0 0.0210278 -0.0226892 -0.999521 0 -0.215532 -0.350656 0.460098 1 
0.999465 0.0269291 0.0180127 0 0.0264407 -0.999281 0.0268236 0 0.0187225 -0.0263335 -0.999478 0 -0.215596 -0.352909 0.459505 1 
0.999548 0.0254221 0.0154082 0 0.0249388 -0.999205 0.030786 0 0.0161789 -0.0303884 -0.999407 0 -0.215653 -0.355388 0.458854 1 
0.999607 0.0244527 0.0130196 0 0.0239914 -0.999108 0.0344801 0 0.0138514 -0.0341548 -0.999321 0 -0.215731 -0.357935 0.458035 1 
0.99965 0.023717 0.0108919 0 0.0232898 -0.999004 0.0378022 0 0.0117778 -0.037536 -0.999226 0 -0.215838 -0.360387 0.457118 1 
0.999677 0.0235942 0.00836462 0 0.0232252 -0.998848 0.041758 0 0.00934041 -0.041551 -0.999093 0 -0.21605 -0.363078 0.456104 1 
0.999711 0.0227814 0.0063359 0 0.0224734 -0.998722 0.0450514 0 0.00735428 -0.0448968 -0.998965 0 -0.21616 -0.365691 0.454982 1 
0.999747 0.0216189 0.00441284 0 0.021381 -0.998596 0.0482687 0 0.00545027 -0.048163 -0.998825 0 -0.216261 -0.368224 0.45391 1 
0.999781 0.020284 0.00280544 0 0.0201145 -0.998484 0.0510489 0 0.00383674 -0.0509823 -0.998692 0 -0.216364 -0.370792 0.45263 1 
0.999812 0.0187851 0.00172137 0 0.0186672 -0.998405 0.0531082 0 0.00271632 -0.0530671 -0.998587 0 -0.216489 -0.3734 0.450984 1 
0.999847 0.0169185 0.000925608 0 0.0168422 -0.99834 0.0548986 0 0.00185291 -0.0548757 -0.998491 0 -0.216696 -0.375934 0.44923 1 
0.999887 0.0144062 0.000392243 0 0.0143613 -0.998303 0.0562723 0 0.00120227 -0.0562614 -0.998415 0 -0.216881 -0.378271 0.44752 1 
0.999922 0.0116502 -0.000130041 0 0.0116383 -0.998257 0.05769 0 0.000542296 -0.0576882 -0.998335 0 -0.217054 -0.380879 0.44554 1 
0.999946 0.00945115 9.80417e-05 0 0.00942957 -0.998264 0.0579751 0 0.000645815 -0.0579721 -0.998318 0 -0.217121 -0.383236 0.443392 1 
0.999962 0.00746675 0.000717916 0 0.00741301 -0.998303 0.0575953 0 0.00114677 -0.0575889 -0.99834 0 -0.217217 -0.385522 0.440999 1 
0.999974 0.00564767 0.000902627 0 0.00558593 -0.998297 0.0579087 0 0.00122816 -0.0579033 -0.998321 0 -0.21738 -0.388041 0.438581 1 
0.999979 0.00459935 0.00104381 0 0.00453107 -0.998297 0.0579988 0 0.00130882 -0.057994 -0.998316 0 -0.217409 -0.39047 0.436241 1 
0.999983 0.00359356 0.00133487 0 0.0035104 -0.998313 0.0577974 0 0.00154035 -0.0577928 -0.998327 0 -0.21747 -0.392815 0.433808 1 
0.999986 0.00247527 0.00164026 0 0.0023767 -0.998328 0.0575925 0 0.00178011 -0.0575889 -0.998339 0 -0.217615 -0.395375 0.43107 1 
0.999988 0.00121431 0.00192981 0 0.00110153 -0.998341 0.0574067 0 0.00199636 -0.057405 -0.998349 0 -0.217658 -0.397843 0.428455 1 
0.999988 -0.000904357 0.00182246 0 -0.00100842 -0.99831 0.0579312 0 0.00176703 -0.0579335 -0.998319 0 -0.217797 -0.40037 0.425952 1 
0.999978 -0.00463625 0.00199412 0 -0.00474426 -0.998291 0.0580859 0 0.00172145 -0.0580952 -0.99831 0 -0.218047 -0.403114 0.422977 1 
0.999957 -0.00779608 0.00233244 0 -0.007918 -0.998284 0.0578625 0 0.00187738 -0.0578796 -0.998322 0 -0.218233 -0.405605 0.420111 1 
0.999941 -0.00968223 0.00230168 0 -0.00979977 -0.998248 0.058185 0 0.00173432 -0.0582052 -0.998303 0 -0.218373 -0.407946 0.417605 1 
0.999926 -0.011083 0.0024226 0 -0.0112052 -0.998234 0.0581706 0 0.00177365 -0.0581945 -0.998304 0 -0.218594 -0.410366 0.41479 1 
0.999908 -0.0126528 0.00226506 0 -0.0127639 -0.998188 0.0586472 0 0.00151893 -0.0586718 -0.998276 0 -0.218961 -0.413052 0.411706 1 
0.999906 -0.0128446 0.00183118 0 -0.0129309 -0.998135 0.0595063 0 0.00106345 -0.0595256 -0.998226 0 -0.219213 -0.415504 0.40911 1 
0.999912 -0.0124151 0.0013594 0 -0.0124745 -0.998086 0.0604158 0 0.00060674 -0.0604286 -0.998172 0 -0.219444 -0.418036 0.4064 1 
0.999917 -0.0120427 0.00101463 0 -0.0120822 -0.998051 0.0610657 0 0.000277264 -0.061074 -0.998133 0 -0.219787 -0.420664 0.403336 1 
0.999925 -0.0114596 0.000537657 0 -0.0114708 -0.997999 0.0620256 0 -0.000174208 -0.0620283 -0.998074 0 -0.220052 -0.423161 0.400552 1 
0.999931 -0.0109018 -0.000340617 0 -0.0108578 -0.997895 0.0637874 0 -0.00103532 -0.0637806 -0.997963 0 -0.220346 -0.425962 0.397661 1 
0.999927 -0.0112259 -0.000595441 0 -0.0111642 -0.997846 0.0644894 0 -0.00131814 -0.0644793 -0.997918 0 -0.220626 -0.428619 0.394452 1 
0.999911 -0.0125292 -0.000968022 0 -0.012439 -0.99777 0.0654306 0 -0.00178569 -0.065414 -0.997857 0 -0.220999 -0.431211 0.391316 1 
0.999889 -0.0141849 -0.00126145 0 -0.0140701 -0.997692 0.0662861 0 -0.00219884 -0.0662623 -0.9978 0 -0.221241 -0.433668 0.388363 1 
0.999849 -0.0167377 -0.00130039 0 -0.0166137 -0.997626 0.0666899 0 -0.00241359 -0.0666595 -0.997773 0 -0.221533 -0.436165 0.384993 1 
0.999807 -0.0191154 -0.000848636 0 -0.0190175 -0.99762 0.0661244 0 -0.00211065 -0.0660968 -0.997811 0 -0.221664 -0.438499 0.381514 1 
0.999775 -0.0207289 -0.000669258 0 -0.0206396 -0.997596 0.0660026 0 -0.00203585 -0.0659752 -0.997819 0 -0.221779 -0.440741 0.378298 1 
0.99974 -0.0223864 1.32634e-05 0 -0.0223401 -0.997633 0.0648871 0 -0.00143938 -0.0648717 -0.997893 0 -0.221855 -0.442877 0.374709 1 
0.99971 -0.0236471 0.000773439 0 -0.0236485 -0.99769 0.0635279 0 -0.000730616 -0.0635291 -0.99798 0 -0.221942 -0.444912 0.371058 1 
0.999683 -0.0247494 0.00113597 0 -0.0247718 -0.997698 0.062975 0 -0.000425246 -0.0629844 -0.998014 0 -0.221957 -0.446994 0.367729 1 
0.99965 -0.0260108 0.00194016 0 -0.0260809 -0.997758 0.0614726 0 0.000336863 -0.0615028 -0.998107 0 -0.221947 -0.448962 0.364072 1 
0.999618 -0.0271419 0.0027954 0 -0.0272605 -0.997827 0.0598273 0 0.00116553 -0.0598818 -0.998205 0 -0.221877 -0.450804 0.360497 1 
0.999581 -0.0283947 0.00353547 0 -0.0285529 -0.99787 0.0584941 0 0.00186705 -0.0585717 -0.998281 0 -0.221685 -0.452881 0.356821 1 
0.999533 -0.0298766 0.00462841 0 -0.0300902 -0.997946 0.0563891 0 0.00293425 -0.0565032 -0.998398 0 -0.221407 -0.454814 0.353039 1 
0.999468 -0.0318896 0.00531466 0 -0.0321343 -0.997953 0.0551124 0 0.00354634 -0.0552549 -0.998466 0 -0.221201 -0.456768 0.349439 1 
0.999383 -0.0343774 0.00563856 0 -0.0346346 -0.997895 0.0546475 0 0.00374813 -0.0548102 -0.99849 0 -0.220952 -0.458661 0.346299 1 
0.999281 -0.0371408 0.00629285 0 -0.0374247 -0.997858 0.0534822 0 0.00429308 -0.0536802 -0.998549 0 -0.220603 -0.46057 0.342793 1 
0.999197 -0.0392223 0.00695005 0 -0.0395322 -0.997846 0.0521755 0 0.00488873 -0.0524093 -0.998614 0 -0.220271 -0.46247 0.339107 1 
0.999141 -0.0405357 0.00734236 0 -0.0408602 -0.997833 0.051391 0 0.00524338 -0.0516478 -0.998652 0 -0.219904 -0.464337 0.335801 1 
0.999112 -0.0412061 0.00766554 0 -0.0415425 -0.997842 0.0506641 0 0.00556143 -0.0509385 -0.998686 0 -0.219579 -0.466182 0.332507 1 
0.99907 -0.0421567 0.00793787 0 -0.0425019 -0.997834 0.0500072 0 0.00581265 -0.050299 -0.998717 0 -0.219319 -0.468085 0.328888 1 
0.999037 -0.0429071 0.0080421 0 -0.043255 -0.997816 0.0497374 0 0.00589055 -0.0500383 -0.99873 0 -0.219021 -0.469867 0.325719 1 
0.999023 -0.0432453 0.00798289 0 -0.0435903 -0.997797 0.0498148 0 0.00581117 -0.0501151 -0.998727 0 -0.21872 -0.47175 0.322611 1 
0.999005 -0.043623 0.00820199 0 -0.043975 -0.997809 0.0492289 0 0.00603662 -0.0495415 -0.998754 0 -0.218394 -0.473619 0.319128 1 
0.998987 -0.0439793 0.00841602 0 -0.0443379 -0.997821 0.0486696 0 0.00625735 -0.0489944 -0.998779 0 -0.218024 -0.475504 0.315692 1 
0.998971 -0.0444406 0.00793608 0 -0.0447812 -0.997749 0.049729 0 0.00570834 -0.0500342 -0.998731 0 -0.217735 -0.477533 0.312791 1 
0.998943 -0.045093 0.00773528 0 -0.0454252 -0.997698 0.0501514 0 0.0054561 -0.0504507 -0.998712 0 -0.217412 -0.479487 0.309556 1 
0.998912 -0.0457907 0.00760994 0 -0.0461171 -0.997653 0.050424 0 0.00528323 -0.0507211 -0.998699 0 -0.217028 -0.481305 0.306462 1 
0.99884 -0.0474108 0.00715409 0 -0.0477176 -0.997518 0.0515882 0 0.00469059 -0.0518707 -0.998643 0 -0.216621 -0.48338 0.30347 1 
0.998762 -0.0490896 0.00679052 0 -0.0493795 -0.997384 0.0526036 0 0.00419055 -0.0528748 -0.998592 0 -0.216174 -0.485367 0.300615 1 
0.998697 -0.0504391 0.00640593 0 -0.0507106 -0.997265 0.0535912 0 0.00368539 -0.0538472 -0.998542 0 -0.215791 -0.487279 0.29757 1 
0.998639 -0.0516188 0.00601574 0 -0.0518708 -0.997149 0.0546187 0 0.0031793 -0.0548575 -0.998489 0 -0.215316 -0.489177 0.294584 1 
0.998586 -0.0526904 0.00552205 0 -0.0529171 -0.997023 0.0559101 0 0.00255974 -0.0561243 -0.998421 0 -0.214876 -0.491042 0.291849 1 
0.998564 -0.0531121 0.00545853 0 -0.053335 -0.996993 0.0560531 0 0.00246506 -0.0562649 -0.998413 0 -0.214314 -0.492809 0.288654 1 
0.998506 -0.0541628 0.00571084 0 -0.0543966 -0.996968 0.0554709 0 0.00268912 -0.0556997 -0.998444 0 -0.213775 -0.494296 0.285548 1 
0.998445 -0.0552954 0.0055849 0 -0.0555215 -0.996883 0.0558818 0 0.00247753 -0.0561061 -0.998422 0 -0.213254 -0.495899 0.282729 1 
0.998358 -0.0568376 0.00563926 0 -0.0570642 -0.996797 0.0558538 0 0.00244665 -0.056085 -0.998423 0 -0.212755 -0.497343 0.279898 1 
0.998286 -0.058024 0.00623927 0 -0.0582779 -0.99681 0.0543513 0 0.00306574 -0.0546228 -0.998502 0 -0.212203 -0.498465 0.276764 1 
0.998174 -0.0598398 0.00701778 0 -0.0601262 -0.996804 0.0524097 0 0.00385924 -0.0527369 -0.998601 0 -0.211623 -0.499535 0.273453 1 
0.998042 -0.0619048 0.00776341 0 -0.0622194 -0.99677 0.0505887 0 0.00460674 -0.0509737 -0.998689 0 -0.211008 -0.500507 0.270554 1 
0.997862 -0.0645899 0.00900132 0 -0.0649462 -0.996749 0.047476 0 0.0059057 -0.04796 -0.998832 0 -0.210348 -0.501209 0.267617 1 
0.99766 -0.0673729 0.0108058 0 -0.0677759 -0.996776 0.0427245 0 0.00789268 -0.0433577 -0.999028 0 -0.209556 -0.501706 0.264223 1 
0.997527 -0.0690119 0.0125849 0 -0.0694434 -0.996857 0.0378742 0 0.00993176 -0.0386552 -0.999203 0 -0.208706 -0.502108 0.261136 1 
0.997426 -0.0701018 0.0144306 0 -0.0705429 -0.996962 0.0327423 0 0.0120917 -0.0336766 -0.99936 0 -0.207751 -0.502594 0.258036 1 
0.997356 -0.0706788 0.0163119 0 -0.0711069 -0.997084 0.0273528 0 0.0143314 -0.0284409 -0.999493 0 -0.206803 -0.503136 0.25477 1 
0.997284 -0.071258 0.0180867 0 -0.0716525 -0.997173 0.0221925 0 0.0164545 -0.0234287 -0.99959 0 -0.205944 -0.503638 0.251631 1 
0.997176 -0.0723179 0.0197759 0 -0.0726611 -0.997198 0.0172225 0 0.0184753 -0.0186112 -0.999656 0 -0.204951 -0.504359 0.248555 1 
0.997045 -0.0736376 0.021445 0 -0.07391 -0.997181 0.0122003 0 0.0204866 -0.0137495 -0.999696 0 -0.203901 -0.505374 0.24529 1 
0.996912 -0.0749812 0.0229332 0 -0.0751728 -0.997132 0.00760793 0 0.0222974 -0.00930856 -0.999708 0 -0.203017 -0.506304 0.242229 1 
0.99676 -0.0765886 0.0241607 0 -0.0766991 -0.997038 0.00368059 0 0.0238077 -0.00552187 -0.999701 0 -0.202216 -0.507377 0.239457 1 
0.996618 -0.0781233 0.0251125 0 -0.0781563 -0.996931 0.000334655 0 0.0250097 -0.00229626 -0.999685 0 -0.201479 -0.508565 0.236965 1 
0.996469 -0.079646 0.0262097 0 -0.0795731 -0.996812 -0.00381475 0 0.0264305 0.00171573 -0.999649 0 -0.200743 -0.509647 0.234065 1 
0.996324 -0.0810909 0.0272709 0 -0.0809086 -0.996682 -0.00772524 0 0.0278074 0.0054905 -0.999598 0 -0.200018 -0.510706 0.231313 1 
0.99623 -0.0819228 0.0282073 0 -0.0816406 -0.996591 -0.0110172 0 0.0290143 0.00867296 -0.999541 0 -0.199323 -0.511978 0.22885 1 
0.996208 -0.0818245 0.029248 0 -0.081425 -0.996563 -0.0146019 0 0.0303428 0.0121653 -0.999466 0 -0.198645 -0.513203 0.226196 1 
0.996246 -0.0809468 0.0303764 0 -0.0804121 -0.996582 -0.0184323 0 0.0317652 0.0159208 -0.999369 0 -0.198008 -0.514295 0.223443 1 
0.996334 -0.0794613 0.0313786 0 -0.0787992 -0.996642 -0.0218028 0 0.0330063 0.0192507 -0.99927 0 -0.197353 -0.51553 0.220921 1 
0.996431 -0.0778497 0.0323336 0 -0.077059 -0.996703 -0.0250232 0 0.0341757 0.0224427 -0.999164 0 -0.19671 -0.51677 0.218429 1 
0.996521 -0.0761864 0.0334992 0 -0.07523 -0.996736 -0.0289417 0 0.0355955 0.0263213 -0.99902 0 -0.196004 -0.517886 0.215485 1 
0.996632 -0.0742636 0.0344933 0 -0.0731577 -0.996788 -0.0322884 0 0.0367811 0.0296568 -0.998883 0 -0.195249 -0.519102 0.212838 1 
0.996761 -0.0721962 0.0351563 0 -0.0709841 -0.996868 -0.0345841 0 0.0375437 0.0319772 -0.998783 0 -0.194513 -0.520531 0.210463 1 
0.996897 -0.0700597 0.0356136 0 -0.0687664 -0.996961 -0.0363296 0 0.0380513 0.0337685 -0.998705 0 -0.193789 -0.522105 0.207721 1 
0.99705 -0.0679008 0.0355196 0 -0.066608 -0.997106 -0.0363934 0 0.0378887 0.0339208 -0.998706 0 -0.19314 -0.523855 0.20523 1 
0.997252 -0.0653629 0.0345817 0 -0.0641889 -0.997348 -0.0340362 0 0.0367154 0.0317235 -0.998822 0 -0.192533 -0.526144 0.202819 1 
0.997446 -0.0629525 0.0334425 0 -0.0619083 -0.997578 -0.031391 0 0.0353383 0.029241 -0.998948 0 -0.192011 -0.528322 0.20013 1 
0.997625 -0.0607634 0.032148 0 -0.059863 -0.997797 -0.0282672 0 0.0337954 0.026276 -0.999083 0 -0.191568 -0.530361 0.197563 1 
0.997829 -0.058346 0.0302413 0 -0.05766 -0.99806 -0.0230809 0 0.0315299 0.0212875 -0.999276 0 -0.191148 -0.532924 0.195016 1 
0.998016 -0.056166 0.0280978 0 -0.0557077 -0.998295 -0.0168374 0 0.0289962 0.0152391 -0.999463 0 -0.19081 -0.535547 0.192579 1 
0.998188 -0.0540308 0.0261368 0 -0.0537522 -0.998481 -0.0112468 0 0.0267053 0.00982172 -0.999595 0 -0.190386 -0.537927 0.189666 1 
0.998358 -0.0518232 0.0239894 0 -0.0517168 -0.998639 -0.00503504 0 0.0242182 0.00378619 -0.9997 0 -0.189919 -0.540337 0.18702 1 
0.998528 -0.0495432 0.021629 0 -0.0495949 -0.998758 0.0018568 0 0.0215105 -0.00292681 -0.999764 0 -0.18942 -0.542817 0.184643 1 
0.99867 -0.0474144 0.0197846 0 -0.0475639 -0.998833 0.00715094 0 0.0194228 -0.00808261 -0.999779 0 -0.188828 -0.544868 0.181993 1 
0.998803 -0.0451699 0.018231 0 -0.0453839 -0.998894 0.0114972 0 0.0176919 -0.0123111 -0.999768 0 -0.188076 -0.546734 0.179009 1 
0.998922 -0.043052 0.0168216 0 -0.0433143 -0.998931 0.0155486 0 0.0161346 -0.0162608 -0.999738 0 -0.187312 -0.548461 0.176329 1 
0.999018 -0.0412847 0.0154817 0 -0.0415838 -0.998935 0.0195246 0 0.0146594 -0.0201496 -0.999689 0 -0.186643 -0.550043 0.173915 1 
0.999082 -0.0400344 0.0146114 0 -0.0403494 -0.998935 0.0219422 0 0.0137176 -0.0225121 -0.999652 0 -0.185957 -0.551328 0.171067 1 
0.999112 -0.039489 0.0140065 0 -0.0398106 -0.998922 0.0234805 0 0.0130644 -0.0240177 -0.999626 0 -0.185317 -0.552423 0.16817 1 
0.999108 -0.0397071 0.0136642 0 -0.0400307 -0.998894 0.0242903 0 0.0126848 -0.0248161 -0.999612 0 -0.184795 -0.553373 0.165688 1 
0.999078 -0.0406074 0.0132216 0 -0.0409347 -0.998827 0.0255009 0 0.0121708 -0.0260191 -0.999587 0 -0.184414 -0.554523 0.163409 1 
0.999042 -0.0416081 0.012837 0 -0.0419369 -0.998759 0.0265035 0 0.0117186 -0.027017 -0.999566 0 -0.184149 -0.55571 0.160945 1 
0.998997 -0.0427085 0.0127241 0 -0.0430356 -0.998708 0.0266554 0 0.0115695 -0.0271768 -0.999564 0 -0.183906 -0.556748 0.158438 1 
0.998956 -0.0436704 0.0126876 0 -0.0439958 -0.998668 0.0266135 0 0.0115087 -0.0271445 -0.999565 0 -0.183673 -0.557881 0.156103 1 
