0.999913 0.00887769 -0.00871457 0 0.009406 -0.997986 0.0625816 0 -0.00814159 -0.0626593 -0.998002 0 -0.229849 -0.332822 0.490953 1 
0.999913 0.00888034 -0.008713 0 0.0094085 -0.997986 0.0625755 0 -0.00813992 -0.0626533 -0.998002 0 -0.229848 -0.332822 0.49095 1 
0.999913 0.0088794 -0.00871344 0 0.00940761 -0.997986 0.062579 0 -0.00814038 -0.0626567 -0.998002 0 -0.229848 -0.332823 0.490952 1 
0.999913 0.0088812 -0.0087141 0 0.00940948 -0.997986 0.0625822 0 -0.0081409 -0.06266 -0.998002 0 -0.229848 -0.332822 0.490953 1 
0.999913 0.00888665 -0.00871281 0 0.00941483 -0.997986 0.0625811 0 -0.00813928 -0.0626589 -0.998002 0 -0.229848 -0.332823 0.490952 1 
0.999913 0.00888147 -0.0087145 0 0.00940973 -0.997986 0.0625766 0 -0.00814133 -0.0626543 -0.998002 0 -0.229848 -0.332822 0.490951 1 
0.999913 0.00888792 -0.00871455 0 0.00941619 -0.997986 0.0625794 0 -0.00814095 -0.0626573 -0.998002 0 -0.229847 -0.332823 0.490952 1 
0.999913 0.00888295 -0.00871538 0 0.0094113 -0.997986 0.0625813 0 -0.00814207 -0.0626591 -0.998002 0 -0.229849 -0.332823 0.490953 1 
0.999913 0.00888579 -0.00871733 0 0.00941428 -0.997986 0.062584 0 -0.00814382 -0.0626619 -0.998002 0 -0.229847 -0.332823 0.490954 1 
0.999913 0.00888081 -0.00871443 0 0.00940909 -0.997986 0.0625802 0 -0.00814128 -0.0626579 -0.998002 0 -0.22985 -0.332822 0.490952 1 
0.999913 0.00888421 -0.008715 0 0.00941252 -0.997986 0.0625796 0 -0.00814164 -0.0626574 -0.998002 0 -0.229847 -0.332824 0.490952 1 
0.999913 0.008893 -0.00871711 0 0.00942143 -0.997986 0.0625799 0 -0.00814319 -0.0626578 -0.998002 0 -0.229846 -0.332824 0.490953 1 
0.999913 0.00888559 -0.00871522 0 0.00941392 -0.997986 0.0625808 0 -0.00814176 -0.0626586 -0.998002 0 -0.229847 -0.332823 0.490953 1 
0.999913 0.00888131 -0.00871325 0 0.0094095 -0.997986 0.0625784 0 -0.00814008 -0.0626561 -0.998002 0 -0.229849 -0.332822 0.490951 1 
0.999913 0.00888121 -0.00871247 0 0.00940935 -0.997986 0.0625783 0 -0.00813931 -0.0626561 -0.998002 0 -0.229848 -0.332822 0.49095 1 
0.999913 0.00887636 -0.00871509 0 0.0094047 -0.997986 0.0625808 0 -0.0081422 -0.0626585 -0.998002 0 -0.229849 -0.332822 0.490952 1 
0.999913 0.00888906 -0.00871568 0 0.00941739 -0.997986 0.0625779 0 -0.00814203 -0.0626557 -0.998002 0 -0.229846 -0.332825 0.490951 1 
0.999913 0.00888548 -0.00871545 0 0.00941382 -0.997986 0.0625807 0 -0.00814199 -0.0626585 -0.998002 0 -0.229848 -0.332823 0.490952 1 
0.999913 0.00888038 -0.00871684 0 0.00940883 -0.997986 0.062582 0 -0.00814368 -0.0626598 -0.998002 0 -0.229849 -0.332821 0.490954 1 
0.999913 0.00888372 -0.00871632 0 0.00941212 -0.997986 0.06258 0 -0.00814297 -0.0626578 -0.998002 0 -0.229848 -0.332823 0.490952 1 
0.999913 0.00888289 -0.00871624 0 0.0094113 -0.997986 0.062582 0 -0.00814293 -0.0626598 -0.998002 0 -0.229847 -0.332824 0.490954 1 
0.999913 0.00888008 -0.00871251 0 0.00940823 -0.997986 0.0625787 0 -0.00813942 -0.0626564 -0.998002 0 -0.229848 -0.332823 0.490951 1 
0.999913 0.00888192 -0.00871318 0 0.00941013 -0.997986 0.0625809 0 -0.00813995 -0.0626586 -0.998002 0 -0.229849 -0.332822 0.490952 1 
0.999913 0.00888407 -0.00871417 0 0.00941235 -0.997986 0.0625818 0 -0.00814079 -0.0626595 -0.998002 0 -0.229847 -0.332823 0.490953 1 
0.999913 0.00887925 -0.00871098 0 0.00940731 -0.997986 0.0625789 0 -0.00813794 -0.0626566 -0.998002 0 -0.229848 -0.332823 0.490951 1 
0.999913 0.0088842 -0.00871424 0 0.00941245 -0.997986 0.0625783 0 -0.00814089 -0.0626561 -0.998002 0 -0.229846 -0.332824 0.490951 1 
0.999913 0.00887847 -0.00871592 0 0.00940686 -0.997986 0.062581 0 -0.0081429 -0.0626588 -0.998002 0 -0.229848 -0.332823 0.490953 1 
0.999913 0.00888269 -0.00871338 0 0.00941089 -0.997986 0.0625794 0 -0.00814011 -0.0626572 -0.998002 0 -0.229849 -0.332822 0.490952 1 
0.999913 0.00888352 -0.00871726 0 0.00941195 -0.997986 0.0625766 0 -0.00814396 -0.0626544 -0.998002 0 -0.229847 -0.332824 0.490952 1 
0.999913 0.00888361 -0.00871512 0 0.00941191 -0.997986 0.0625773 0 -0.00814182 -0.0626551 -0.998002 0 -0.229847 -0.332824 0.490951 1 
0.999913 0.00887912 -0.00871344 0 0.00940734 -0.997986 0.0625786 0 -0.0081404 -0.0626563 -0.998002 0 -0.229848 -0.332823 0.490951 1 
0.999913 0.00888563 -0.00871234 0 0.00941374 -0.997986 0.0625768 0 -0.00813892 -0.0626546 -0.998002 0 -0.229847 -0.332824 0.490951 1 
0.999913 0.00888654 -0.00871441 0 0.0094148 -0.997986 0.0625794 0 -0.0081409 -0.0626572 -0.998002 0 -0.229847 -0.332823 0.490953 1 
0.999913 0.00888332 -0.00871289 0 0.0094115 -0.997986 0.0625797 0 -0.00813959 -0.0626575 -0.998002 0 -0.229849 -0.332822 0.490952 1 
0.999913 0.00888513 -0.00871183 0 0.0094132 -0.997986 0.062576 0 -0.00813844 -0.0626537 -0.998002 0 -0.229848 -0.332823 0.490951 1 
0.999913 0.00888241 -0.00871436 0 0.00941067 -0.997986 0.0625777 0 -0.00814112 -0.0626555 -0.998002 0 -0.229849 -0.332823 0.490952 1 
0.999913 0.0088801 -0.00871217 0 0.00940822 -0.997986 0.0625769 0 -0.0081391 -0.0626546 -0.998002 0 -0.229848 -0.332823 0.49095 1 
0.999913 0.00888856 -0.00871734 0 0.00941701 -0.997986 0.0625799 0 -0.0081437 -0.0626578 -0.998002 0 -0.229846 -0.332823 0.490953 1 
0.999913 0.00888372 -0.00871698 0 0.00941217 -0.997986 0.0625822 0 -0.00814362 -0.06266 -0.998002 0 -0.229849 -0.332823 0.490954 1 
0.999913 0.008883 -0.00871483 0 0.00941129 -0.997986 0.0625793 0 -0.00814154 -0.062657 -0.998002 0 -0.229848 -0.332823 0.490952 1 
0.999913 0.00888216 -0.00871321 0 0.00941035 -0.997986 0.0625792 0 -0.00813998 -0.0626569 -0.998002 0 -0.229847 -0.332823 0.490951 1 
0.999913 0.00889135 -0.00871238 0 0.00941945 -0.997986 0.0625753 0 -0.00813862 -0.0626531 -0.998002 0 -0.229847 -0.332824 0.49095 1 
0.999913 0.00888092 -0.00871332 0 0.00940911 -0.997986 0.0625775 0 -0.00814018 -0.0626552 -0.998002 0 -0.229849 -0.332823 0.490951 1 
0.999913 0.00888284 -0.00871562 0 0.00941121 -0.997986 0.0625824 0 -0.00814231 -0.0626602 -0.998002 0 -0.229848 -0.332823 0.490953 1 
0.999913 0.00888492 -0.0087161 0 0.00941334 -0.997986 0.0625842 0 -0.00814265 -0.062662 -0.998002 0 -0.229848 -0.332823 0.490954 1 
0.999913 0.00888713 -0.00871656 0 0.00941551 -0.997986 0.0625776 0 -0.00814302 -0.0626554 -0.998002 0 -0.229848 -0.332823 0.490951 1 
0.999913 0.00888441 -0.008714 0 0.00941264 -0.997986 0.0625777 0 -0.00814064 -0.0626555 -0.998002 0 -0.229847 -0.332823 0.490951 1 
0.999913 0.00888774 -0.00871693 0 0.00941617 -0.997986 0.0625803 0 -0.00814333 -0.0626581 -0.998002 0 -0.229848 -0.332824 0.490953 1 
0.999913 0.00888587 -0.00871335 0 0.00941405 -0.997986 0.0625782 0 -0.00813989 -0.062656 -0.998002 0 -0.229846 -0.332823 0.490951 1 
0.999913 0.00888308 -0.00871346 0 0.00941126 -0.997986 0.0625761 0 -0.0081402 -0.0626539 -0.998002 0 -0.229847 -0.332823 0.490951 1 
0.999913 0.00888502 -0.00871516 0 0.00941336 -0.997986 0.0625818 0 -0.00814173 -0.0626596 -0.998002 0 -0.229848 -0.332823 0.490953 1 
0.999913 0.00888796 -0.00871428 0 0.0094162 -0.997986 0.0625778 0 -0.0081407 -0.0626556 -0.998002 0 -0.229847 -0.332824 0.490952 1 
0.999913 0.00887854 -0.00870979 0 0.00940649 -0.997986 0.0625743 0 -0.00813684 -0.062652 -0.998002 0 -0.229849 -0.332822 0.490949 1 
0.999913 0.00888227 -0.00871491 0 0.00941058 -0.997986 0.0625807 0 -0.00814165 -0.0626585 -0.998002 0 -0.229848 -0.332822 0.490953 1 
0.999913 0.00888374 -0.00871378 0 0.00941197 -0.997986 0.06258 0 -0.00814044 -0.0626578 -0.998002 0 -0.229848 -0.332823 0.490952 1 
0.999913 0.00888216 -0.00871304 0 0.00941034 -0.997986 0.0625789 0 -0.00813981 -0.0626567 -0.998002 0 -0.229848 -0.332824 0.490952 1 
0.999913 0.00887838 -0.0087148 0 0.00940671 -0.997986 0.0625824 0 -0.00814178 -0.0626602 -0.998002 0 -0.229849 -0.332822 0.490953 1 
0.999913 0.008882 -0.00871209 0 0.00941012 -0.997986 0.0625784 0 -0.00813888 -0.0626561 -0.998002 0 -0.229849 -0.332822 0.490951 1 
0.999913 0.00888157 -0.00871225 0 0.00940968 -0.997986 0.0625769 0 -0.00813908 -0.0626546 -0.998002 0 -0.229847 -0.332823 0.490951 1 
0.999913 0.00888153 -0.00871543 0 0.00940988 -0.997986 0.0625815 0 -0.00814221 -0.0626593 -0.998002 0 -0.229848 -0.332823 0.490953 1 
0.999913 0.00888498 -0.0087126 0 0.00941311 -0.997986 0.0625762 0 -0.00813923 -0.062654 -0.998002 0 -0.229847 -0.332824 0.490951 1 
0.999913 0.00888603 -0.00871501 0 0.00941436 -0.997986 0.0625822 0 -0.0081415 -0.06266 -0.998002 0 -0.229848 -0.332823 0.490953 1 
0.999913 0.00888069 -0.00871373 0 0.00940891 -0.997986 0.0625779 0 -0.00814061 -0.0626556 -0.998002 0 -0.229849 -0.332822 0.490952 1 
0.999913 0.00888632 -0.00871518 0 0.00941465 -0.997986 0.062581 0 -0.00814167 -0.0626588 -0.998002 0 -0.229849 -0.332822 0.490953 1 
0.999913 0.00888488 -0.00871181 0 0.00941296 -0.997986 0.0625761 0 -0.00813844 -0.0626538 -0.998002 0 -0.229849 -0.332822 0.49095 1 
0.999913 0.00888169 -0.00871659 0 0.0094101 -0.997986 0.0625793 0 -0.00814338 -0.0626571 -0.998002 0 -0.229847 -0.332823 0.490953 1 
0.999913 0.00888172 -0.00871166 0 0.00940979 -0.997986 0.0625751 0 -0.0081385 -0.0626529 -0.998002 0 -0.229848 -0.332822 0.490951 1 
0.999913 0.00888235 -0.00871325 0 0.00941052 -0.997986 0.0625759 0 -0.00814004 -0.0626536 -0.998002 0 -0.229847 -0.332824 0.490951 1 
0.999913 0.00888211 -0.00871339 0 0.00941033 -0.997986 0.0625807 0 -0.00814015 -0.0626584 -0.998002 0 -0.229848 -0.332823 0.490952 1 
0.999913 0.00888739 -0.00871187 0 0.00941546 -0.997986 0.0625751 0 -0.00813836 -0.0626529 -0.998002 0 -0.229846 -0.332823 0.49095 1 
0.999913 0.00888511 -0.00871332 0 0.0094133 -0.997986 0.0625783 0 -0.00813991 -0.062656 -0.998002 0 -0.229849 -0.332823 0.490952 1 
0.999913 0.0088795 -0.0087135 0 0.00940771 -0.997986 0.0625778 0 -0.00814045 -0.0626555 -0.998002 0 -0.229848 -0.332823 0.490952 1 
0.999913 0.00888727 -0.00871575 0 0.00941562 -0.997986 0.0625796 0 -0.00814219 -0.0626574 -0.998002 0 -0.229846 -0.332825 0.490953 1 
0.999913 0.00887997 -0.00871447 0 0.00940825 -0.997986 0.062579 0 -0.00814138 -0.0626567 -0.998002 0 -0.229849 -0.332822 0.490952 1 
0.999913 0.00887885 -0.00871173 0 0.00940695 -0.997986 0.062579 0 -0.00813871 -0.0626567 -0.998002 0 -0.229849 -0.332821 0.490951 1 
0.999913 0.00887748 -0.00871212 0 0.00940561 -0.997986 0.0625787 0 -0.00813919 -0.0626564 -0.998002 0 -0.22985 -0.332822 0.490951 1 
0.999913 0.00888455 -0.00871581 0 0.00941289 -0.997986 0.062577 0 -0.00814244 -0.0626548 -0.998002 0 -0.229847 -0.332823 0.490951 1 
0.999913 0.00887923 -0.0087147 0 0.00940751 -0.997986 0.0625781 0 -0.00814166 -0.0626558 -0.998002 0 -0.229848 -0.332822 0.490951 1 
0.999913 0.00888319 -0.00871394 0 0.00941144 -0.997986 0.062581 0 -0.00814063 -0.0626587 -0.998002 0 -0.229849 -0.332823 0.490952 1 
0.999913 0.00888338 -0.00871591 0 0.00941177 -0.997986 0.0625818 0 -0.00814258 -0.0626596 -0.998002 0 -0.229849 -0.332822 0.490953 1 
0.999913 0.00888788 -0.00871385 0 0.00941609 -0.997986 0.0625782 0 -0.00814027 -0.062656 -0.998002 0 -0.229847 -0.332824 0.490951 1 
0.999913 0.00888497 -0.00871335 0 0.00941316 -0.997986 0.0625786 0 -0.00813995 -0.0626563 -0.998002 0 -0.229847 -0.332824 0.490952 1 
0.999913 0.0088732 -0.0087124 0 0.00940136 -0.997986 0.0625788 0 -0.00813974 -0.0626565 -0.998002 0 -0.229849 -0.332822 0.490952 1 
0.999913 0.00888279 -0.00871567 0 0.00941114 -0.997986 0.0625791 0 -0.00814239 -0.0626569 -0.998002 0 -0.229849 -0.332823 0.490952 1 
0.999913 0.00888106 -0.00871787 0 0.00940958 -0.997986 0.0625819 0 -0.00814468 -0.0626597 -0.998002 0 -0.229847 -0.332825 0.490954 1 
0.999913 0.00888221 -0.00871233 0 0.00941034 -0.997986 0.062578 0 -0.00813911 -0.0626557 -0.998002 0 -0.229847 -0.332823 0.490951 1 
0.999913 0.00888303 -0.00871369 0 0.00941128 -0.997986 0.0625827 0 -0.00814037 -0.0626604 -0.998002 0 -0.229849 -0.332824 0.490953 1 
0.999913 0.00888428 -0.00871591 0 0.00941263 -0.997986 0.062578 0 -0.00814255 -0.0626558 -0.998002 0 -0.229847 -0.332823 0.490952 1 
0.999913 0.00888149 -0.00871475 0 0.00940979 -0.997986 0.0625803 0 -0.00814154 -0.0626581 -0.998002 0 -0.229847 -0.332823 0.490952 1 
0.999913 0.00888743 -0.00871581 0 0.00941576 -0.997986 0.0625764 0 -0.00814227 -0.0626542 -0.998002 0 -0.229845 -0.332825 0.490952 1 
0.999913 0.00889172 -0.00871501 0 0.00942001 -0.997986 0.0625795 0 -0.00814117 -0.0626574 -0.998002 0 -0.229845 -0.332826 0.490953 1 
0.999913 0.00888152 -0.00871325 0 0.00940969 -0.997986 0.062576 0 -0.00814009 -0.0626538 -0.998002 0 -0.229847 -0.332823 0.490951 1 
0.999913 0.0088776 -0.00871256 0 0.00940573 -0.997986 0.0625751 0 -0.00813965 -0.0626528 -0.998002 0 -0.229849 -0.332822 0.49095 1 
0.999913 0.00888317 -0.00871749 0 0.00941167 -0.997986 0.0625841 0 -0.00814414 -0.0626619 -0.998002 0 -0.22985 -0.332822 0.490954 1 
0.999913 0.00888317 -0.0087166 0 0.00941162 -0.997986 0.0625854 0 -0.00814324 -0.0626632 -0.998002 0 -0.22985 -0.332824 0.490954 1 
0.999913 0.00887843 -0.00871022 0 0.00940643 -0.997986 0.0625764 0 -0.00813725 -0.0626541 -0.998002 0 -0.229851 -0.332822 0.490949 1 
0.999913 0.00887483 -0.0087157 0 0.00940322 -0.997986 0.0625829 0 -0.00814289 -0.0626606 -0.998002 0 -0.229851 -0.332822 0.490953 1 
0.999913 0.00887584 -0.00871418 0 0.00940412 -0.997986 0.0625803 0 -0.00814133 -0.062658 -0.998002 0 -0.22985 -0.332822 0.490952 1 
0.999913 0.00889126 -0.00871338 0 0.00941945 -0.997986 0.0625789 0 -0.00813959 -0.0626568 -0.998002 0 -0.229846 -0.332825 0.490951 1 
0.999913 0.0088818 -0.00871389 0 0.00941003 -0.997986 0.0625782 0 -0.00814069 -0.0626559 -0.998002 0 -0.229849 -0.332823 0.490951 1 
0.999913 0.00888785 -0.00871697 0 0.0094163 -0.997986 0.0625819 0 -0.00814335 -0.0626597 -0.998002 0 -0.229849 -0.332824 0.490953 1 
0.999913 0.00887826 -0.00871394 0 0.00940652 -0.997986 0.062581 0 -0.00814094 -0.0626587 -0.998002 0 -0.229851 -0.332822 0.490952 1 
0.999913 0.00887943 -0.00871453 0 0.00940771 -0.997986 0.0625794 0 -0.00814146 -0.0626571 -0.998002 0 -0.22985 -0.332822 0.490951 1 
0.999913 0.008888 -0.00871389 0 0.0094162 -0.997986 0.0625763 0 -0.00814032 -0.0626541 -0.998002 0 -0.229848 -0.332824 0.49095 1 
0.999913 0.00887748 -0.00871276 0 0.00940566 -0.997986 0.0625797 0 -0.00813982 -0.0626574 -0.998002 0 -0.229849 -0.332823 0.490951 1 
0.999913 0.00887976 -0.00871317 0 0.00940793 -0.997986 0.062575 0 -0.00814013 -0.0626527 -0.998002 0 -0.22985 -0.332822 0.490949 1 
0.999913 0.00887355 -0.00871631 0 0.00940195 -0.997986 0.0625783 0 -0.00814363 -0.0626561 -0.998002 0 -0.229853 -0.332821 0.490952 1 
0.999913 0.00888119 -0.00871243 0 0.00940931 -0.997986 0.0625755 0 -0.0081393 -0.0626532 -0.998002 0 -0.22985 -0.332822 0.49095 1 
0.999913 0.00887853 -0.00871361 0 0.00940677 -0.997986 0.0625796 0 -0.0081406 -0.0626573 -0.998002 0 -0.229851 -0.332823 0.490951 1 
0.999913 0.00888139 -0.00871414 0 0.00940962 -0.997986 0.0625761 0 -0.00814099 -0.0626538 -0.998002 0 -0.229849 -0.332824 0.49095 1 
0.999913 0.00887712 -0.00872167 0 0.00940594 -0.997985 0.0625896 0 -0.00814864 -0.0626674 -0.998001 0 -0.229853 -0.332823 0.490957 1 
0.999913 0.00886258 -0.00872518 0 0.00939176 -0.997985 0.0626042 0 -0.00815292 -0.0626819 -0.998 0 -0.229858 -0.332821 0.490962 1 
0.999913 0.008875 -0.0087234 0 0.009404 -0.997985 0.0625982 0 -0.00815042 -0.062676 -0.998001 0 -0.229855 -0.332824 0.490959 1 
0.999913 0.00887432 -0.00872967 0 0.00940373 -0.997985 0.0626 0 -0.0081567 -0.0626779 -0.998 0 -0.229852 -0.332825 0.490961 1 
0.999913 0.00887338 -0.00872632 0 0.00940256 -0.997985 0.0625974 0 -0.00815344 -0.0626752 -0.998001 0 -0.229853 -0.332824 0.49096 1 
0.999913 0.00887108 -0.00872517 0 0.00940021 -0.997985 0.0626 0 -0.00815241 -0.0626777 -0.998001 0 -0.229854 -0.332823 0.49096 1 
0.999913 0.00886861 -0.00872661 0 0.00939786 -0.997985 0.0626023 0 -0.00815399 -0.0626801 -0.998 0 -0.229855 -0.332823 0.490961 1 
0.999913 0.00887309 -0.00872442 0 0.00940216 -0.997985 0.0625986 0 -0.00815155 -0.0626764 -0.998001 0 -0.229855 -0.332824 0.490959 1 
0.999913 0.00887052 -0.00872287 0 0.00939946 -0.997985 0.0625942 0 -0.00815021 -0.0626719 -0.998001 0 -0.229853 -0.332823 0.490957 1 
0.999913 0.00887406 -0.00872253 0 0.00940297 -0.997985 0.0625934 0 -0.00814966 -0.0626712 -0.998001 0 -0.229853 -0.332823 0.490957 1 
0.999913 0.00887654 -0.00871746 0 0.00940508 -0.997986 0.0625878 0 -0.0081445 -0.0626655 -0.998001 0 -0.229854 -0.332822 0.490954 1 
0.999913 0.00888014 -0.00872133 0 0.0094089 -0.997986 0.0625856 0 -0.00814815 -0.0626634 -0.998001 0 -0.229851 -0.332826 0.490954 1 
0.999913 0.00889087 -0.00872235 0 0.00941966 -0.997986 0.062584 0 -0.00814851 -0.0626619 -0.998002 0 -0.229846 -0.332827 0.490953 1 
0.999913 0.00890085 -0.0087175 0 0.00942923 -0.997986 0.0625738 0 -0.00814315 -0.0626517 -0.998002 0 -0.229844 -0.332829 0.490948 1 
0.999913 0.00889609 -0.00871682 0 0.00942444 -0.997986 0.062574 0 -0.00814276 -0.0626519 -0.998002 0 -0.229844 -0.332828 0.490948 1 
0.999913 0.00889571 -0.00871579 0 0.00942402 -0.997986 0.0625774 0 -0.00814173 -0.0626553 -0.998002 0 -0.229845 -0.332828 0.490949 1 
0.999913 0.00889477 -0.00871623 0 0.00942308 -0.997986 0.0625727 0 -0.00814227 -0.0626506 -0.998002 0 -0.229846 -0.332827 0.490948 1 
0.999913 0.00888612 -0.00871354 0 0.00941432 -0.997986 0.0625776 0 -0.00814007 -0.0626554 -0.998002 0 -0.229847 -0.332826 0.490949 1 
0.999913 0.00888882 -0.00871603 0 0.00941717 -0.997986 0.0625788 0 -0.00814238 -0.0626567 -0.998002 0 -0.229849 -0.332825 0.49095 1 
0.999913 0.00889011 -0.00871271 0 0.00941826 -0.997986 0.0625784 0 -0.00813899 -0.0626562 -0.998002 0 -0.229847 -0.332825 0.490949 1 
0.999913 0.00887595 -0.00870932 0 0.00940393 -0.997986 0.0625806 0 -0.00813647 -0.0626583 -0.998002 0 -0.229851 -0.332823 0.490949 1 
0.999913 0.00886983 -0.00870774 0 0.00939766 -0.997986 0.0625737 0 -0.00813535 -0.0626513 -0.998002 0 -0.229855 -0.332819 0.490945 1 
0.999913 0.00887669 -0.00871198 0 0.00940484 -0.997986 0.0625813 0 -0.00813908 -0.062659 -0.998002 0 -0.229851 -0.332823 0.49095 1 
0.999913 0.0088831 -0.00871629 0 0.00941149 -0.997986 0.0625789 0 -0.008143 -0.0626567 -0.998002 0 -0.229848 -0.332826 0.490951 1 
0.999913 0.00888815 -0.00871452 0 0.00941641 -0.997986 0.0625775 0 -0.00814093 -0.0626554 -0.998002 0 -0.229846 -0.332825 0.490949 1 
0.999913 0.00888571 -0.00870336 0 0.00941317 -0.997987 0.0625655 0 -0.00813006 -0.0626432 -0.998003 0 -0.229848 -0.332823 0.490943 1 
0.999913 0.00887712 -0.00869138 0 0.00940372 -0.997988 0.0625501 0 -0.00811878 -0.0626276 -0.998004 0 -0.229849 -0.332819 0.490934 1 
0.999913 0.0088832 -0.00870061 0 0.00941044 -0.997987 0.0625587 0 -0.00812753 -0.0626363 -0.998003 0 -0.229847 -0.332821 0.490939 1 
0.999913 0.00889551 -0.00870246 0 0.00942281 -0.997987 0.0625552 0 -0.00812864 -0.062633 -0.998004 0 -0.229843 -0.332824 0.490938 1 
0.999913 0.0088876 -0.00869878 0 0.00941469 -0.997987 0.0625561 0 -0.00812545 -0.0626337 -0.998004 0 -0.229846 -0.332822 0.490937 1 
0.999913 0.00889 -0.00869691 0 0.00941694 -0.997988 0.062553 0 -0.00812347 -0.0626307 -0.998004 0 -0.229848 -0.33282 0.490936 1 
0.999913 0.00888797 -0.00869721 0 0.0094149 -0.997988 0.0625481 0 -0.00812394 -0.0626258 -0.998004 0 -0.229847 -0.332821 0.490934 1 
0.999913 0.0089162 -0.00869842 0 0.00944308 -0.997988 0.062539 0 -0.00812346 -0.0626169 -0.998005 0 -0.229837 -0.332829 0.490931 1 
0.999913 0.00891084 -0.00869619 0 0.00943753 -0.997989 0.0625318 0 -0.00812164 -0.0626096 -0.998005 0 -0.229839 -0.332827 0.490928 1 
0.999913 0.00889346 -0.00869422 0 0.00942014 -0.997988 0.0625418 0 -0.00812068 -0.0626195 -0.998004 0 -0.229846 -0.332822 0.490931 1 
0.999913 0.00890835 -0.00867003 0 0.00943321 -0.99799 0.0625079 0 -0.00809592 -0.0625855 -0.998007 0 -0.22984 -0.332819 0.490914 1 
0.999913 0.00892999 -0.00867093 0 0.00945472 -0.997991 0.0624895 0 -0.00809564 -0.0625673 -0.998008 0 -0.229832 -0.332827 0.490907 1 
0.999913 0.00892441 -0.00867105 0 0.00944924 -0.997991 0.0624993 0 -0.00809601 -0.062577 -0.998007 0 -0.229834 -0.332826 0.490911 1 
0.999913 0.00890196 -0.00866839 0 0.00942669 -0.997991 0.062503 0 -0.00809473 -0.0625805 -0.998007 0 -0.22984 -0.332821 0.490911 1 
0.999913 0.00892888 -0.00864043 0 0.0094514 -0.997994 0.0624521 0 -0.00806563 -0.0625295 -0.998011 0 -0.22983 -0.332823 0.490887 1 
0.999913 0.00897638 -0.0086112 0 0.00949646 -0.997997 0.0623876 0 -0.00803409 -0.0624652 -0.998015 0 -0.229813 -0.332834 0.490857 1 
0.999913 0.0089767 -0.00860843 0 0.00949662 -0.997997 0.0623899 0 -0.00803128 -0.0624674 -0.998015 0 -0.229815 -0.332838 0.490857 1 
0.999913 0.00893769 -0.00861329 0 0.00945818 -0.997996 0.0624133 0 -0.00803835 -0.0624906 -0.998013 0 -0.22983 -0.332827 0.490867 1 
0.999914 0.00891772 -0.00857629 0 0.00943564 -0.997998 0.0623766 0 -0.00800302 -0.0624534 -0.998016 0 -0.229834 -0.332817 0.490844 1 
0.999914 0.0089549 -0.00854727 0 0.00947044 -0.998002 0.0623137 0 -0.00797233 -0.0623905 -0.99802 0 -0.229822 -0.332827 0.490815 1 
0.999914 0.00897897 -0.00854968 0 0.0094946 -0.998002 0.0623125 0 -0.00797324 -0.0623895 -0.99802 0 -0.229812 -0.332836 0.490814 1 
0.999907 0.00907553 -0.00913928 0 0.00962864 -0.997994 0.0624148 0 -0.00855466 -0.0624982 -0.998008 0 -0.229906 -0.332876 0.490862 1 
0.999894 0.00913235 -0.0104551 0 0.00977076 -0.997973 0.0627329 0 -0.00986124 -0.0628296 -0.997976 0 -0.230169 -0.332944 0.49099 1 
0.999879 0.00921467 -0.0117524 0 0.00993966 -0.997942 0.0631992 0 -0.0111461 -0.0633096 -0.997932 0 -0.230407 -0.333056 0.491132 1 
0.999871 0.00944725 -0.0122534 0 0.0102056 -0.997928 0.0633769 0 -0.0116295 -0.063495 -0.997914 0 -0.230432 -0.333145 0.491189 1 
0.999867 0.00982167 -0.0122876 0 0.0105804 -0.997929 0.0632909 0 -0.0116408 -0.0634137 -0.997919 0 -0.230316 -0.333232 0.491163 1 
0.999864 0.0100778 -0.0122979 0 0.0108362 -0.997929 0.0632525 0 -0.0116352 -0.0633784 -0.997922 0 -0.230237 -0.333294 0.49115 1 
0.999863 0.0102742 -0.0122535 0 0.0110284 -0.997932 0.0631659 0 -0.0115794 -0.0632935 -0.997928 0 -0.230167 -0.333329 0.491108 1 
0.999861 0.0105643 -0.0121243 0 0.0113066 -0.997947 0.0628875 0 -0.0114353 -0.0630171 -0.997947 0 -0.230062 -0.333385 0.490965 1 
0.999859 0.0109483 -0.011926 0 0.0116721 -0.997972 0.0624179 0 -0.0112186 -0.0625495 -0.997979 0 -0.229946 -0.333462 0.49074 1 
0.999857 0.0115992 -0.0115032 0 0.012288 -0.998007 0.0617382 0 -0.0107644 -0.0618719 -0.998026 0 -0.229733 -0.333595 0.49038 1 
0.99985 0.0127502 -0.0108983 0 0.0133893 -0.998055 0.060729 0 -0.0101029 -0.0608669 -0.998095 0 -0.229356 -0.333841 0.489846 1 
0.999836 0.0141554 -0.0104069 0 0.0147502 -0.99811 0.0594875 0 -0.0095453 -0.0596324 -0.998175 0 -0.22897 -0.334158 0.489248 1 
0.99982 0.0154651 -0.0100593 0 0.0160244 -0.998171 0.0581256 0 -0.00914213 -0.0582775 -0.998259 0 -0.228655 -0.334517 0.4886 1 
0.999803 0.0167421 -0.00972908 0 0.0172669 -0.998236 0.0566266 0 -0.00876404 -0.0567845 -0.998348 0 -0.228307 -0.334967 0.487871 1 
0.99978 0.0180728 -0.00974139 0 0.0185834 -0.998295 0.055155 0 -0.00872814 -0.055325 -0.99843 0 -0.228007 -0.335555 0.487082 1 
0.999755 0.0191708 -0.0101515 0 0.0196887 -0.998356 0.0536425 0 -0.00910663 -0.0538302 -0.998509 0 -0.227802 -0.336218 0.486188 1 
0.999724 0.020442 -0.0106934 0 0.0209721 -0.998414 0.0520553 0 -0.00961254 -0.0522662 -0.998587 0 -0.2276 -0.336941 0.485212 1 
0.999692 0.0217174 -0.0112002 0 0.0222531 -0.998484 0.0501526 0 -0.0100942 -0.0503873 -0.998679 0 -0.227329 -0.337748 0.484128 1 
0.999676 0.022454 -0.0111154 0 0.0229649 -0.998564 0.0481978 0 -0.0100174 -0.0484384 -0.998776 0 -0.226882 -0.338667 0.482921 1 
0.999674 0.0226731 -0.0109076 0 0.0231588 -0.998632 0.0466785 0 -0.00983449 -0.0469167 -0.99885 0 -0.226373 -0.339748 0.481702 1 
0.999655 0.0235152 -0.0108895 0 0.0239882 -0.998664 0.0455648 0 -0.00980364 -0.0458112 -0.998902 0 -0.225842 -0.341003 0.480472 1 
0.999636 0.024153 -0.0111536 0 0.0246324 -0.998671 0.0450557 0 -0.0100507 -0.045315 -0.998922 0 -0.22531 -0.342469 0.479232 1 
0.999621 0.0242775 -0.012229 0 0.0248145 -0.99863 0.0458648 0 -0.011099 -0.0461517 -0.998873 0 -0.224988 -0.34421 0.478059 1 
0.999595 0.0244596 -0.0138689 0 0.0250954 -0.998537 0.0476909 0 -0.0126824 -0.0480206 -0.998766 0 -0.22473 -0.346345 0.47675 1 
0.999558 0.0249898 -0.0155116 0 0.025733 -0.998422 0.0497212 0 -0.0142448 -0.0500994 -0.998643 0 -0.224489 -0.348697 0.475273 1 
0.999515 0.0254116 -0.0174658 0 0.0262955 -0.998271 0.0523893 0 -0.0161046 -0.0528241 -0.998474 0 -0.22433 -0.351177 0.473895 1 
0.999479 0.0254203 -0.0193846 0 0.0264598 -0.998104 0.0553996 0 -0.0179399 -0.0558848 -0.998276 0 -0.22411 -0.353909 0.47245 1 
0.999454 0.0246254 -0.0216096 0 0.0258662 -0.997904 0.0591513 0 -0.0201081 -0.0596791 -0.998015 0 -0.223846 -0.356879 0.471046 1 
0.999431 0.0236386 -0.0236365 0 0.0250795 -0.997711 0.0626488 0 -0.0221018 -0.0632072 -0.997756 0 -0.223483 -0.359746 0.469652 1 
0.999387 0.0237277 -0.0253463 0 0.0253427 -0.997526 0.0654225 0 -0.0237317 -0.066026 -0.997536 0 -0.222994 -0.362668 0.468095 1 
0.999348 0.0243725 -0.0262814 0 0.026091 -0.997391 0.0671629 0 -0.0245764 -0.0678061 -0.997396 0 -0.222405 -0.365558 0.466268 1 
0.99935 0.0242549 -0.0263 0 0.0259895 -0.997354 0.0677511 0 -0.0245876 -0.0683919 -0.997356 0 -0.221746 -0.368264 0.464218 1 
0.999399 0.0224095 -0.0260619 0 0.0241425 -0.99737 0.0682023 0 -0.0244654 -0.0687918 -0.997331 0 -0.220988 -0.371156 0.46193 1 
0.999475 0.0197476 -0.0252892 0 0.021426 -0.997451 0.0679151 0 -0.0238841 -0.0684226 -0.99737 0 -0.220049 -0.373914 0.459641 1 
0.999585 0.0155396 -0.0238755 0 0.0171012 -0.99762 0.0666566 0 -0.0227833 -0.0670385 -0.99749 0 -0.219082 -0.37659 0.457218 1 
0.999694 0.0107487 -0.0218516 0 0.0121352 -0.997844 0.0643442 0 -0.0211133 -0.0645909 -0.997688 0 -0.218151 -0.379337 0.454356 1 
0.999776 0.00643342 -0.0196692 0 0.00763382 -0.998064 0.061576 0 -0.0192353 -0.0617135 -0.997909 0 -0.217128 -0.382027 0.451414 1 
0.99984 0.00181457 -0.017251 0 0.00282174 -0.998271 0.0585389 0 -0.0171153 -0.0585794 -0.998136 0 -0.215887 -0.384648 0.448495 1 
0.999878 -0.00344126 -0.0146196 0 -0.00263272 -0.998475 0.0549682 0 -0.0147867 -0.054924 -0.998381 0 -0.214661 -0.387269 0.445309 1 
0.999879 -0.00892362 -0.011981 0 -0.00830087 -0.998652 0.0510582 0 -0.0124207 -0.0509536 -0.998624 0 -0.213422 -0.390129 0.441752 1 
0.999839 -0.0141516 -0.0100871 0 -0.0136478 -0.998726 0.048377 0 -0.0107591 -0.0482325 -0.998778 0 -0.212207 -0.393134 0.438447 1 
0.999788 -0.0182718 -0.00836459 0 -0.0178716 -0.998788 0.0456472 0 -0.00918868 -0.0454889 -0.998923 0 -0.211092 -0.396176 0.434992 1 
0.999723 -0.0220932 -0.00677646 0 -0.0217831 -0.998834 0.0428545 0 -0.0077155 -0.0426958 -0.999058 0 -0.209845 -0.399491 0.431264 1 
0.999674 -0.0244072 -0.00606686 0 -0.0241345 -0.998835 0.041559 0 -0.00707427 -0.0413998 -0.999118 0 -0.208645 -0.40281 0.428008 1 
0.999621 -0.0266688 -0.00527005 0 -0.0264362 -0.998835 0.0401374 0 -0.00633445 -0.0399837 -0.99918 0 -0.207559 -0.406474 0.424183 1 
0.999553 -0.0291558 -0.00503777 0 -0.0289323 -0.998777 0.0398534 0 -0.00619369 -0.0396906 -0.999193 0 -0.206596 -0.410293 0.420459 1 
0.999486 -0.0313401 -0.00518188 0 -0.0311067 -0.998696 0.040243 0 -0.00643646 -0.0400619 -0.999176 0 -0.205542 -0.414248 0.416827 1 
0.999405 -0.0338071 -0.00518922 0 -0.0335699 -0.998606 0.0404859 0 -0.00655082 -0.0402884 -0.999167 0 -0.204515 -0.418267 0.412944 1 
0.999336 -0.0357053 -0.00579722 0 -0.0354315 -0.998482 0.0419456 0 -0.00728624 -0.0417132 -0.999103 0 -0.203461 -0.422479 0.409304 1 
0.999267 -0.0374713 -0.00654692 0 -0.0371528 -0.998357 0.0434048 0 -0.00816275 -0.0431306 -0.999036 0 -0.202517 -0.42689 0.405188 1 
0.999208 -0.0388108 -0.00762796 0 -0.0384295 -0.998237 0.0450116 0 -0.00936163 -0.0446837 -0.998957 0 -0.20165 -0.431086 0.401353 1 
0.999142 -0.0402086 -0.00895606 0 -0.0397468 -0.998101 0.0468519 0 -0.0108231 -0.0464566 -0.998862 0 -0.200661 -0.435531 0.397339 1 
0.999067 -0.0416693 -0.0104695 0 -0.0411105 -0.997949 0.0488738 0 -0.0124848 -0.0483987 -0.99875 0 -0.199711 -0.44027 0.39281 1 
0.999033 -0.0419826 -0.0123033 0 -0.0413042 -0.997835 0.0509975 0 -0.0144179 -0.050441 -0.998623 0 -0.198919 -0.444455 0.388905 1 
0.999003 -0.0422554 -0.0137388 0 -0.0414899 -0.99778 0.0519051 0 -0.0159019 -0.0512843 -0.998557 0 -0.198113 -0.448781 0.384206 1 
0.998931 -0.043412 -0.0152783 0 -0.0425321 -0.997634 0.0538406 0 -0.0175799 -0.0531343 -0.998433 0 -0.197227 -0.453034 0.379901 1 
0.998861 -0.044672 -0.016178 0 -0.0437342 -0.997557 0.0543037 0 -0.0185647 -0.0535354 -0.998393 0 -0.196252 -0.457076 0.375171 1 
0.99871 -0.047503 -0.0173806 0 -0.0464806 -0.997387 0.0551296 0 -0.0199544 -0.0542517 -0.998328 0 -0.195344 -0.46107 0.370733 1 
0.99856 -0.0502234 -0.0183469 0 -0.0491661 -0.997313 0.0541318 0 -0.0210167 -0.0531529 -0.998365 0 -0.194443 -0.464907 0.365562 1 
0.998419 -0.0525333 -0.0195178 0 -0.0514415 -0.997271 0.0527645 0 -0.0222368 -0.0516781 -0.998416 0 -0.193557 -0.468405 0.360823 1 
0.998321 -0.0540528 -0.0203589 0 -0.0530049 -0.997386 0.0489035 0 -0.0229495 -0.0477432 -0.998596 0 -0.192487 -0.471687 0.355397 1 
0.998211 -0.0554769 -0.0218782 0 -0.0544387 -0.997471 0.0454906 0 -0.024347 -0.044219 -0.998725 0 -0.191553 -0.47479 0.350558 1 
0.998063 -0.0577184 -0.0227892 0 -0.0567538 -0.99754 0.0409213 0 -0.0250955 -0.0395494 -0.998902 0 -0.190595 -0.477704 0.345252 1 
0.997907 -0.0600473 -0.0235901 0 -0.0591607 -0.997566 0.0366368 0 -0.0257331 -0.0351652 -0.99905 0 -0.18961 -0.480597 0.340248 1 
0.99775 -0.0625849 -0.0236594 0 -0.0618283 -0.997581 0.031461 0 -0.0255716 -0.029928 -0.999225 0 -0.188578 -0.483502 0.334702 1 
0.997588 -0.0649809 -0.0240213 0 -0.0643194 -0.997545 0.0273554 0 -0.0257404 -0.0257449 -0.999337 0 -0.187695 -0.4862 0.330061 1 
0.997457 -0.0669348 -0.0240965 0 -0.0664191 -0.997548 0.0216032 0 -0.0254839 -0.0199482 -0.999476 0 -0.186783 -0.488836 0.324837 1 
0.997262 -0.0695384 -0.0247898 0 -0.0691262 -0.997451 0.0171138 0 -0.0259172 -0.0153537 -0.999546 0 -0.186075 -0.491611 0.32003 1 
0.997183 -0.070244 -0.0259516 0 -0.0699485 -0.997467 0.0121248 0 -0.0267381 -0.0102755 -0.99959 0 -0.185584 -0.494384 0.314741 1 
0.997173 -0.0697672 -0.0275647 0 -0.0695573 -0.997532 0.00850069 0 -0.0280903 -0.00655945 -0.999584 0 -0.185431 -0.496879 0.310443 1 
0.997165 -0.0687501 -0.0302531 0 -0.0686771 -0.997623 0.00344808 0 -0.0304188 -0.00136064 -0.999536 0 -0.185655 -0.500116 0.304649 1 
0.997193 -0.0669261 -0.0332902 0 -0.0669709 -0.997745 -0.000231737 0 -0.0332002 0.00246061 -0.999446 0 -0.186239 -0.502741 0.300124 1 
0.997213 -0.0645426 -0.0371741 0 -0.0647251 -0.997887 -0.00372468 0 -0.0368558 0.00612051 -0.999302 0 -0.187231 -0.505456 0.295742 1 
0.997241 -0.0617268 -0.0409884 0 -0.0621046 -0.998028 -0.00800858 0 -0.040414 0.0105323 -0.999128 0 -0.188423 -0.508068 0.290931 1 
0.997221 -0.0591185 -0.0451266 0 -0.0596272 -0.998161 -0.0100107 0 -0.0444526 0.0126739 -0.998931 0 -0.189984 -0.510902 0.286817 1 
0.997229 -0.0563929 -0.0483292 0 -0.0570531 -0.998285 -0.0123913 0 -0.0475484 0.0151146 -0.998755 0 -0.191565 -0.513789 0.282128 1 
0.99722 -0.0542055 -0.0509437 0 -0.0549865 -0.998379 -0.0140566 0 -0.0501001 0.0168191 -0.998603 0 -0.193247 -0.51657 0.278014 1 
0.997224 -0.0529143 -0.0521961 0 -0.0538292 -0.998408 -0.0162792 0 -0.0512525 0.019044 -0.998504 0 -0.194835 -0.519278 0.273376 1 
0.997229 -0.0526434 -0.0523831 0 -0.0536515 -0.998387 -0.0180267 0 -0.0513507 0.0207876 -0.998464 0 -0.196253 -0.52181 0.26926 1 
0.997241 -0.0530036 -0.0517798 0 -0.0541164 -0.998318 -0.0203305 0 -0.0506161 0.023077 -0.998452 0 -0.197702 -0.524361 0.264909 1 
0.99727 -0.0534377 -0.0507614 0 -0.0546734 -0.998223 -0.0232746 0 -0.0494285 0.0259869 -0.99844 0 -0.199007 -0.526726 0.260281 1 
0.997268 -0.0540521 -0.0501562 0 -0.0553576 -0.998144 -0.0250135 0 -0.0487119 0.0277223 -0.998428 0 -0.200427 -0.529071 0.256206 1 
0.997288 -0.0542344 -0.0495542 0 -0.0556347 -0.998067 -0.0273277 0 -0.0479773 0.0300111 -0.998397 0 -0.201719 -0.531382 0.251682 1 
0.997287 -0.0543771 -0.0494204 0 -0.0558688 -0.997998 -0.0293218 0 -0.0477279 0.0320039 -0.998348 0 -0.203213 -0.533711 0.247445 1 
0.997317 -0.0539393 -0.0492908 0 -0.055596 -0.997902 -0.032881 0 -0.0474147 0.0355338 -0.998243 0 -0.204606 -0.535787 0.24241 1 
0.997317 -0.0532698 -0.0500263 0 -0.0550505 -0.997863 -0.0349174 0 -0.0480603 0.0375784 -0.998137 0 -0.206205 -0.538034 0.238122 1 
0.997329 -0.0518316 -0.0512712 0 -0.0538112 -0.997818 -0.0380134 0 -0.0491899 0.0406717 -0.997961 0 -0.207961 -0.540288 0.233056 1 
0.997339 -0.04962 -0.053225 0 -0.0518311 -0.997804 -0.0409996 0 -0.0510747 0.04365 -0.99774 0 -0.209637 -0.542171 0.228766 1 
0.997336 -0.0464523 -0.0560741 0 -0.0489819 -0.997793 -0.044614 0 -0.053879 0.0472426 -0.997429 0 -0.211711 -0.544036 0.224064 1 
0.99729 -0.0429025 -0.0595972 0 -0.0457463 -0.997828 -0.0472017 0 -0.0574438 0.0498011 -0.997106 0 -0.213817 -0.546075 0.219611 1 
0.997193 -0.0397807 -0.0632786 0 -0.0428816 -0.997896 -0.0484234 0 -0.0612203 0.051002 -0.99682 0 -0.216027 -0.54815 0.215424 1 
0.997089 -0.0358808 -0.0671363 0 -0.0392668 -0.997977 -0.049813 0 -0.0652144 0.0523052 -0.996499 0 -0.218161 -0.550158 0.21115 1 
0.99693 -0.0317011 -0.0714639 0 -0.035386 -0.998067 -0.0509004 0 -0.0697135 0.0532739 -0.996144 0 -0.220709 -0.552362 0.206905 1 
0.996774 -0.0276179 -0.0752243 0 -0.0316007 -0.998123 -0.0522801 0 -0.0736406 0.0544896 -0.995795 0 -0.223079 -0.554395 0.202725 1 
0.996592 -0.0238342 -0.0788495 0 -0.0280853 -0.998176 -0.0532509 0 -0.0774381 0.055285 -0.995463 0 -0.225491 -0.556374 0.199029 1 
0.996411 -0.0204702 -0.082022 0 -0.0250176 -0.998174 -0.0548018 0 -0.080752 0.0566582 -0.995123 0 -0.227921 -0.558257 0.195253 1 
0.996236 -0.0176999 -0.0847413 0 -0.0224366 -0.99821 -0.0552725 0 -0.0836129 0.0569669 -0.994869 0 -0.23027 -0.560184 0.192119 1 
0.996086 -0.0151637 -0.0869646 0 -0.0200077 -0.998271 -0.0551018 0 -0.0859803 0.0566272 -0.994686 0 -0.232727 -0.56222 0.188875 1 
0.995958 -0.0128399 -0.0887848 0 -0.0176842 -0.998375 -0.0539916 0 -0.087949 0.0553446 -0.994586 0 -0.235245 -0.564399 0.185847 1 
0.995877 -0.00974391 -0.0900836 0 -0.0144999 -0.998517 -0.0522922 0 -0.0894422 0.0533839 -0.99456 0 -0.237839 -0.566641 0.183368 1 
0.995907 -0.00568049 -0.0900965 0 -0.0104156 -0.998574 -0.0521724 0 -0.0896734 0.0528983 -0.994565 0 -0.240376 -0.568459 0.180354 1 
0.995901 -0.00154688 -0.0903315 0 -0.00614024 -0.998691 -0.0505938 0 -0.0901367 0.050942 -0.994626 0 -0.2431 -0.570559 0.17829 1 
0.995904 0.00262611 -0.0902716 0 -0.00188392 -0.998746 -0.0498388 0 -0.090291 0.0498057 -0.994669 0 -0.245899 -0.572492 0.175782 1 
0.995875 0.00676766 -0.0903748 0 0.00236063 -0.998797 -0.0487816 0 -0.090598 0.0483679 -0.994712 0 -0.248556 -0.57435 0.173741 1 
0.99581 0.0105824 -0.0907295 0 0.00630835 -0.998853 -0.0472652 0 -0.0911273 0.0464957 -0.994753 0 -0.251335 -0.576456 0.171923 1 
0.995782 0.0142281 -0.0905364 0 0.00996966 -0.998821 -0.0473149 0 -0.0911046 0.0462136 -0.994768 0 -0.253893 -0.578288 0.169499 1 
0.995716 0.0178091 -0.0906291 0 0.0135925 -0.998796 -0.0469323 0 -0.0913576 0.0455003 -0.994778 0 -0.256261 -0.580183 0.167865 1 
0.995665 0.021139 -0.0904733 0 0.0169121 -0.998731 -0.0472336 0 -0.0913587 0.0454996 -0.994778 0 -0.258602 -0.582086 0.165727 1 
0.995633 0.0233296 -0.0902893 0 0.0190849 -0.998675 -0.0475925 0 -0.0912817 0.0456624 -0.994778 0 -0.260796 -0.583902 0.163508 1 
0.995566 0.025521 -0.0904308 0 0.0213093 -0.998647 -0.0472375 0 -0.0915157 0.0451019 -0.994782 0 -0.262886 -0.585957 0.161684 1 
0.995549 0.0277485 -0.0899626 0 0.0234733 -0.99855 -0.0482359 0 -0.0911724 0.0459104 -0.994776 0 -0.264674 -0.58774 0.158934 1 
0.995502 0.0293407 -0.0899715 0 0.0250735 -0.998513 -0.0481971 0 -0.0912537 0.0457253 -0.994777 0 -0.266364 -0.589768 0.156814 1 
0.995492 0.0302589 -0.0897778 0 0.0259642 -0.99847 -0.0486256 0 -0.0911136 0.0460763 -0.994774 0 -0.267848 -0.591651 0.15436 1 
0.995493 0.031262 -0.0894262 0 0.0269177 -0.998408 -0.04938 0 -0.0908293 0.0467512 -0.994769 0 -0.269162 -0.593542 0.151598 1 
0.995469 0.0318271 -0.0894899 0 0.0274935 -0.998398 -0.0492477 0 -0.0909157 0.0465651 -0.994769 0 -0.270424 -0.595725 0.149304 1 
0.995503 0.0320951 -0.089023 0 0.0276916 -0.998342 -0.0502657 0 -0.0904904 0.0475754 -0.99476 0 -0.271433 -0.597553 0.146278 1 
0.995487 0.0326578 -0.0889971 0 0.0282502 -0.998323 -0.050342 0 -0.0904936 0.0476015 -0.994759 0 -0.272415 -0.599722 0.143787 1 
0.99548 0.0339514 -0.0885864 0 0.0294874 -0.998242 -0.0512217 0 -0.0901715 0.0483789 -0.994751 0 -0.273258 -0.60176 0.140706 1 
0.995439 0.0362908 -0.0881236 0 0.0317713 -0.998124 -0.0521578 0 -0.0898528 0.049121 -0.994743 0 -0.274012 -0.603703 0.137721 1 
0.995326 0.0400783 -0.0877506 0 0.0355219 -0.997959 -0.0528842 0 -0.0896927 0.0495209 -0.994738 0 -0.274811 -0.605726 0.134912 1 
0.995189 0.0450352 -0.0868994 0 0.0403849 -0.997684 -0.0545492 0 -0.0891565 0.0507783 -0.994722 0 -0.275506 -0.607493 0.131516 1 
0.99499 0.0499182 -0.0865056 0 0.0452397 -0.997439 -0.0552248 0 -0.0890425 0.0510356 -0.994719 0 -0.276268 -0.609471 0.12879 1 
0.994839 0.0541342 -0.0857097 0 0.0493751 -0.99716 -0.0567051 0 -0.0885376 0.0521815 -0.994705 0 -0.276913 -0.611247 0.125381 1 
0.994712 0.0569598 -0.0853489 0 0.0521725 -0.996983 -0.0573096 0 -0.0883574 0.0525546 -0.994701 0 -0.277508 -0.613156 0.122549 1 
0.994624 0.0590002 -0.0849858 0 0.0541831 -0.99684 -0.0579151 0 -0.088136 0.053 -0.994697 0 -0.278024 -0.615016 0.119677 1 
0.994568 0.0604317 -0.0846358 0 0.05558 -0.996726 -0.0585539 0 -0.0878989 0.0535328 -0.99469 0 -0.278416 -0.616966 0.1166 1 
0.994508 0.0612764 -0.0847388 0 0.0564415 -0.996691 -0.0583224 0 -0.0880339 0.0532203 -0.994695 0 -0.278708 -0.618845 0.114485 1 
0.99445 0.0624646 -0.084549 0 0.0576102 -0.996603 -0.058687 0 -0.0879294 0.0534914 -0.994689 0 -0.278912 -0.621284 0.111033 1 
0.99436 0.0636042 -0.0847595 0 0.0587815 -0.996561 -0.0582308 0 -0.0881735 0.0529211 -0.994698 0 -0.278962 -0.623497 0.108765 1 
0.994263 0.0648493 -0.0849469 0 0.0600578 -0.99651 -0.0577982 0 -0.0884004 0.0523659 -0.994708 0 -0.278899 -0.625646 0.106554 1 
0.994156 0.0664158 -0.0849958 0 0.0616411 -0.996424 -0.0576202 0 -0.0885205 0.0520452 -0.994714 0 -0.278633 -0.627844 0.104059 1 
0.993998 0.0680553 -0.0855379 0 0.0633526 -0.996379 -0.0565417 0 -0.0890778 0.0507843 -0.994729 0 -0.278334 -0.630244 0.102309 1 
0.993844 0.0697148 -0.0859923 0 0.0650772 -0.99632 -0.0556063 0 -0.0895542 0.0496688 -0.994743 0 -0.277974 -0.632525 0.100538 1 
0.993689 0.0716179 -0.0862159 0 0.0670187 -0.996219 -0.0551095 0 -0.0898385 0.0489846 -0.994751 0 -0.277403 -0.634733 0.0984346 1 
0.993508 0.0734966 -0.0867203 0 0.0689817 -0.996148 -0.0539613 0 -0.090354 0.0476298 -0.99477 0 -0.276805 -0.637053 0.0968841 1 
0.993323 0.0753122 -0.0872816 0 0.0708927 -0.996082 -0.0526778 0 -0.0909087 0.0461393 -0.99479 0 -0.276224 -0.639394 0.095408 1 
0.993177 0.0770433 -0.0874358 0 0.0726601 -0.995977 -0.052256 0 -0.0911118 0.0455472 -0.994799 0 -0.275598 -0.641314 0.0935088 1 
0.993038 0.0786595 -0.0875718 0 0.074327 -0.995884 -0.051685 0 -0.0912787 0.0448171 -0.994816 0 -0.274931 -0.643219 0.0917438 1 
0.992931 0.0796896 -0.087849 0 0.075445 -0.995854 -0.0506264 0 -0.091521 0.0436416 -0.994846 0 -0.274349 -0.645172 0.0903207 1 
0.992896 0.0802574 -0.0877354 0 0.0760497 -0.995825 -0.0502983 0 -0.0914077 0.0432696 -0.994873 0 -0.273744 -0.646798 0.0884221 1 
0.992915 0.0805237 -0.0872738 0 0.0763003 -0.995785 -0.0506977 0 -0.0909901 0.0436804 -0.994893 0 -0.273059 -0.648066 0.0861605 1 
0.992942 0.0805018 -0.0869898 0 0.0762723 -0.995777 -0.0509014 0 -0.0907218 0.0439081 -0.994908 0 -0.272431 -0.649275 0.0841842 1 
0.992971 0.080215 -0.0869136 0 0.0759802 -0.995795 -0.0509879 0 -0.0906399 0.0440267 -0.99491 0 -0.271925 -0.650445 0.0823598 1 
0.993059 0.0795651 -0.0865073 0 0.0752823 -0.995812 -0.0516963 0 -0.0902599 0.0448258 -0.994909 0 -0.271412 -0.651361 0.0800907 1 
0.993176 0.0788932 -0.08578 0 0.0745266 -0.995801 -0.0529721 0 -0.0896007 0.0462186 -0.994905 0 -0.270873 -0.6519 0.0776868 1 
0.993309 0.0780458 -0.085005 0 0.0735987 -0.995801 -0.0542542 0 -0.0888841 0.0476358 -0.994902 0 -0.270314 -0.652353 0.0753618 1 
0.993488 0.0764826 -0.0843328 0 0.0719776 -0.995866 -0.0552281 0 -0.0882099 0.0487994 -0.994906 0 -0.269802 -0.652803 0.0733037 1 
0.993687 0.0746799 -0.0836082 0 0.0701111 -0.995939 -0.0563114 0 -0.0874757 0.050095 -0.994906 0 -0.269294 -0.653163 0.0712097 1 
