0.999917 0.0082244 -0.00889631 0 0.00876777 -0.997974 0.0628689 0 -0.00836139 -0.0629429 -0.997982 0 -0.229869 -0.33279 0.491094 1 
0.999917 0.00824333 -0.00889544 0 0.00878656 -0.997974 0.0628643 0 -0.00835936 -0.0629385 -0.997982 0 -0.229864 -0.332792 0.491092 1 
0.999917 0.0082358 -0.00889835 0 0.00877927 -0.997973 0.0628697 0 -0.00836269 -0.0629438 -0.997982 0 -0.229865 -0.332792 0.491095 1 
0.999917 0.00824384 -0.0089013 0 0.00878751 -0.997973 0.0628729 0 -0.00836511 -0.0629471 -0.997982 0 -0.229865 -0.332794 0.491096 1 
0.999917 0.00823514 -0.00889515 0 0.00877839 -0.997974 0.0628676 0 -0.00835956 -0.0629417 -0.997982 0 -0.229866 -0.332792 0.491093 1 
0.999917 0.00823425 -0.00889377 0 0.00877741 -0.997974 0.0628649 0 -0.00835826 -0.062939 -0.997982 0 -0.229866 -0.332792 0.491091 1 
0.999917 0.00823501 -0.00889628 0 0.00877834 -0.997974 0.0628679 0 -0.0083607 -0.0629419 -0.997982 0 -0.229866 -0.332792 0.491094 1 
0.999917 0.00823639 -0.00889836 0 0.00877984 -0.997974 0.0628665 0 -0.0083627 -0.0629406 -0.997982 0 -0.229865 -0.332792 0.491095 1 
0.999917 0.00824055 -0.00889275 0 0.00878359 -0.997974 0.0628613 0 -0.00835688 -0.0629354 -0.997983 0 -0.229865 -0.332793 0.49109 1 
0.999917 0.00824067 -0.00890015 0 0.00878424 -0.997974 0.0628685 0 -0.0083642 -0.0629427 -0.997982 0 -0.229865 -0.332793 0.491095 1 
0.999917 0.00823218 -0.00889802 0 0.00877562 -0.997974 0.062867 0 -0.00836262 -0.0629411 -0.997982 0 -0.229868 -0.332791 0.491093 1 
0.999917 0.008236 -0.00889904 0 0.00877948 -0.997974 0.062865 0 -0.00836341 -0.0629391 -0.997982 0 -0.229869 -0.332789 0.491094 1 
0.999917 0.00823834 -0.00889987 0 0.00878187 -0.997974 0.0628657 0 -0.00836408 -0.0629398 -0.997982 0 -0.229866 -0.332793 0.491093 1 
0.999917 0.00822639 -0.00889686 0 0.00876975 -0.997974 0.0628648 0 -0.00836185 -0.0629389 -0.997982 0 -0.229868 -0.33279 0.491093 1 
0.999917 0.0082342 -0.00889853 0 0.00877767 -0.997974 0.0628668 0 -0.008363 -0.0629409 -0.997982 0 -0.229867 -0.332791 0.491093 1 
0.999917 0.00824322 -0.00889936 0 0.00878669 -0.997974 0.0628636 0 -0.00836329 -0.0629378 -0.997982 0 -0.229864 -0.332793 0.491092 1 
0.999917 0.00824338 -0.00889857 0 0.00878682 -0.997974 0.062865 0 -0.00836248 -0.0629392 -0.997982 0 -0.229866 -0.332792 0.491093 1 
0.999917 0.00823891 -0.00889815 0 0.00878232 -0.997974 0.0628646 0 -0.00836234 -0.0629387 -0.997982 0 -0.229868 -0.332791 0.491093 1 
0.999917 0.0082361 -0.00889883 0 0.00877956 -0.997974 0.0628645 0 -0.0083632 -0.0629386 -0.997982 0 -0.229867 -0.332791 0.491092 1 
0.999917 0.00824054 -0.00889566 0 0.00878381 -0.997974 0.0628659 0 -0.00835975 -0.06294 -0.997982 0 -0.229867 -0.332791 0.491093 1 
0.999917 0.00823599 -0.0089005 0 0.00877959 -0.997974 0.0628684 0 -0.00836484 -0.0629425 -0.997982 0 -0.229868 -0.332792 0.491094 1 
0.999917 0.00824356 -0.00889808 0 0.00878697 -0.997974 0.0628654 0 -0.00836198 -0.0629396 -0.997982 0 -0.229866 -0.332793 0.491093 1 
0.999917 0.00823718 -0.00890369 0 0.00878099 -0.997973 0.0628695 0 -0.00836794 -0.0629437 -0.997982 0 -0.229866 -0.332792 0.491096 1 
0.999917 0.00823799 -0.00889552 0 0.00878124 -0.997974 0.0628634 0 -0.00835979 -0.0629375 -0.997982 0 -0.229866 -0.332791 0.491093 1 
0.999917 0.00824163 -0.00890158 0 0.00878526 -0.997974 0.0628651 0 -0.00836559 -0.0629393 -0.997982 0 -0.229866 -0.332792 0.491094 1 
0.999917 0.0082386 -0.00890106 0 0.00878221 -0.997974 0.0628654 0 -0.00836527 -0.0629395 -0.997982 0 -0.229866 -0.332792 0.491095 1 
0.999917 0.0082345 -0.00889477 0 0.00877773 -0.997974 0.0628675 0 -0.00835922 -0.0629415 -0.997982 0 -0.229866 -0.332792 0.491093 1 
0.999917 0.00823685 -0.00889776 0 0.00878023 -0.997974 0.0628629 0 -0.0083621 -0.062937 -0.997982 0 -0.229867 -0.33279 0.491093 1 
0.999917 0.00823757 -0.00889885 0 0.00878104 -0.997974 0.0628664 0 -0.00836311 -0.0629405 -0.997982 0 -0.229865 -0.332793 0.491093 1 
0.999917 0.00824299 -0.0089015 0 0.0087866 -0.997974 0.062864 0 -0.00836543 -0.0629382 -0.997982 0 -0.229865 -0.332791 0.491094 1 
0.999917 0.00823642 -0.00889977 0 0.00877994 -0.997974 0.0628643 0 -0.00836412 -0.0629384 -0.997982 0 -0.229867 -0.332792 0.491093 1 
0.999917 0.00824049 -0.00890341 0 0.00878426 -0.997974 0.0628678 0 -0.00836747 -0.0629419 -0.997982 0 -0.229867 -0.332791 0.491096 1 
0.999917 0.00824302 -0.00889589 0 0.00878626 -0.997974 0.0628621 0 -0.00835986 -0.0629363 -0.997983 0 -0.229865 -0.332793 0.491091 1 
0.999917 0.00824276 -0.00890149 0 0.00878638 -0.997974 0.0628643 0 -0.00836543 -0.0629385 -0.997982 0 -0.229865 -0.332793 0.491093 1 
0.999917 0.00823585 -0.0088996 0 0.0087794 -0.997973 0.0628695 0 -0.00836394 -0.0629436 -0.997982 0 -0.229867 -0.332791 0.491094 1 
0.999917 0.0082363 -0.00889911 0 0.00877976 -0.997974 0.0628623 0 -0.00836349 -0.0629364 -0.997982 0 -0.229866 -0.332791 0.491093 1 
0.999917 0.00823991 -0.00890037 0 0.00878351 -0.997973 0.0628704 0 -0.00836445 -0.0629446 -0.997982 0 -0.229865 -0.332792 0.491096 1 
0.999917 0.00823762 -0.00889992 0 0.00878117 -0.997974 0.0628678 0 -0.00836417 -0.062942 -0.997982 0 -0.229865 -0.332792 0.491094 1 
0.999917 0.00823649 -0.00889736 0 0.00877983 -0.997974 0.0628604 0 -0.00836175 -0.0629345 -0.997983 0 -0.229866 -0.332791 0.491091 1 
0.999917 0.00824147 -0.00889891 0 0.00878495 -0.997974 0.0628677 0 -0.00836291 -0.0629418 -0.997982 0 -0.229866 -0.332793 0.491094 1 
0.999917 0.00824289 -0.008901 0 0.00878647 -0.997974 0.0628638 0 -0.00836494 -0.062938 -0.997982 0 -0.229866 -0.332792 0.491093 1 
0.999917 0.00823688 -0.00889969 0 0.00878042 -0.997974 0.0628675 0 -0.00836399 -0.0629416 -0.997982 0 -0.229866 -0.332792 0.491094 1 
0.999917 0.00823526 -0.00889656 0 0.00877855 -0.997974 0.0628601 0 -0.00836102 -0.0629342 -0.997983 0 -0.229865 -0.332792 0.491092 1 
0.999917 0.00823476 -0.00889679 0 0.00877811 -0.997974 0.0628651 0 -0.00836124 -0.0629391 -0.997982 0 -0.229866 -0.332792 0.491092 1 
0.999917 0.00824132 -0.00889971 0 0.00878483 -0.997974 0.0628646 0 -0.00836375 -0.0629387 -0.997982 0 -0.229866 -0.332792 0.491094 1 
0.999917 0.00824063 -0.00890362 0 0.00878442 -0.997974 0.0628687 0 -0.00836766 -0.0629428 -0.997982 0 -0.229867 -0.332792 0.491095 1 
0.999917 0.00823803 -0.00890267 0 0.00878171 -0.997974 0.0628626 0 -0.00836693 -0.0629367 -0.997982 0 -0.229866 -0.332793 0.491093 1 
0.999917 0.00823177 -0.00889776 0 0.00877516 -0.997974 0.0628635 0 -0.00836242 -0.0629375 -0.997982 0 -0.229868 -0.33279 0.491092 1 
0.999917 0.0082402 -0.00890332 0 0.00878396 -0.997974 0.0628666 0 -0.00836741 -0.0629408 -0.997982 0 -0.229866 -0.332793 0.491094 1 
0.999917 0.00824144 -0.00890176 0 0.00878508 -0.997974 0.0628651 0 -0.00836578 -0.0629393 -0.997982 0 -0.229865 -0.332793 0.491094 1 
0.999917 0.00823921 -0.00890146 0 0.00878286 -0.997974 0.0628675 0 -0.0083656 -0.0629417 -0.997982 0 -0.229866 -0.332791 0.491095 1 
0.999917 0.0082388 -0.00890418 0 0.00878265 -0.997973 0.0628709 0 -0.00836832 -0.062945 -0.997982 0 -0.229867 -0.332792 0.491096 1 
0.999917 0.0082348 -0.0088997 0 0.0087783 -0.997974 0.0628623 0 -0.00836417 -0.0629364 -0.997982 0 -0.229865 -0.332793 0.491092 1 
0.999917 0.00824599 -0.0088984 0 0.00878939 -0.997974 0.0628633 0 -0.00836216 -0.0629375 -0.997982 0 -0.229866 -0.332792 0.491092 1 
0.999917 0.00823561 -0.00890138 0 0.00877924 -0.997974 0.0628655 0 -0.00836577 -0.0629396 -0.997982 0 -0.229866 -0.332792 0.491094 1 
0.999917 0.00823955 -0.0089115 0 0.0087839 -0.997973 0.0628759 0 -0.00837553 -0.0629502 -0.997982 0 -0.229867 -0.332794 0.4911 1 
0.999917 0.0082364 -0.00890982 0 0.00878065 -0.997973 0.0628758 0 -0.00837405 -0.06295 -0.997982 0 -0.229867 -0.332793 0.4911 1 
0.999917 0.00823677 -0.00890948 0 0.00878097 -0.997973 0.0628722 0 -0.00837372 -0.0629464 -0.997982 0 -0.229867 -0.332793 0.491099 1 
0.999917 0.00824113 -0.0089113 0 0.00878544 -0.997973 0.062873 0 -0.00837525 -0.0629473 -0.997982 0 -0.229867 -0.332794 0.491099 1 
0.999917 0.00823773 -0.00890524 0 0.00878163 -0.997974 0.0628689 0 -0.00836946 -0.0629431 -0.997982 0 -0.229868 -0.332791 0.491096 1 
0.999917 0.00824464 -0.00890465 0 0.00878847 -0.997974 0.0628658 0 -0.00836846 -0.06294 -0.997982 0 -0.229865 -0.332793 0.491095 1 
0.999917 0.00823969 -0.00890547 0 0.00878359 -0.997974 0.0628674 0 -0.00836958 -0.0629416 -0.997982 0 -0.229866 -0.332793 0.491096 1 
0.999917 0.00823765 -0.00890526 0 0.00878155 -0.997974 0.0628688 0 -0.00836949 -0.062943 -0.997982 0 -0.229867 -0.332792 0.491097 1 
0.999917 0.00824562 -0.00890054 0 0.00878911 -0.997974 0.0628575 0 -0.00836437 -0.0629317 -0.997983 0 -0.229863 -0.332793 0.491092 1 
0.999917 0.00824742 -0.00890369 0 0.00879118 -0.997974 0.0628655 0 -0.00836733 -0.0629398 -0.997982 0 -0.229864 -0.332794 0.491094 1 
0.999917 0.00823827 -0.00890048 0 0.0087818 -0.997974 0.0628609 0 -0.00836475 -0.062935 -0.997983 0 -0.229865 -0.332792 0.491093 1 
0.999917 0.00825079 -0.00890298 0 0.00879447 -0.997974 0.0628621 0 -0.00836644 -0.0629364 -0.997982 0 -0.229863 -0.332794 0.491093 1 
0.999917 0.00824642 -0.00890313 0 0.00879011 -0.997974 0.0628621 0 -0.00836686 -0.0629364 -0.997982 0 -0.229862 -0.332794 0.491093 1 
0.999917 0.00824277 -0.00890159 0 0.0087864 -0.997974 0.0628647 0 -0.00836554 -0.0629389 -0.997982 0 -0.229866 -0.332792 0.491093 1 
0.999917 0.00824312 -0.00889971 0 0.00878659 -0.997974 0.0628594 0 -0.00836368 -0.0629336 -0.997983 0 -0.229862 -0.332794 0.491091 1 
0.999917 0.00824872 -0.00889648 0 0.00879197 -0.997974 0.0628599 0 -0.0083601 -0.062934 -0.997983 0 -0.229864 -0.332793 0.49109 1 
0.999917 0.00824825 -0.00890128 0 0.00879179 -0.997974 0.0628583 0 -0.00836494 -0.0629325 -0.997983 0 -0.229861 -0.332795 0.491091 1 
0.999917 0.00825334 -0.00889812 0 0.00879666 -0.997974 0.0628559 0 -0.00836149 -0.0629301 -0.997983 0 -0.22986 -0.332795 0.491091 1 
0.999917 0.00824468 -0.00890107 0 0.00878827 -0.997974 0.0628642 0 -0.0083649 -0.0629384 -0.997982 0 -0.229864 -0.332793 0.491093 1 
0.999917 0.00824957 -0.0089009 0 0.00879309 -0.997974 0.0628597 0 -0.00836446 -0.0629339 -0.997983 0 -0.229862 -0.332795 0.491092 1 
0.999917 0.00825319 -0.00890411 0 0.00879692 -0.997974 0.0628611 0 -0.00836742 -0.0629354 -0.997983 0 -0.229862 -0.332795 0.491093 1 
0.999917 0.00824765 -0.00890149 0 0.00879124 -0.997974 0.0628616 0 -0.00836515 -0.0629359 -0.997983 0 -0.229863 -0.332793 0.491093 1 
0.999917 0.00824603 -0.00889906 0 0.00878943 -0.997974 0.0628577 0 -0.00836287 -0.0629319 -0.997983 0 -0.229863 -0.332795 0.49109 1 
0.999917 0.00824336 -0.00890024 0 0.00878689 -0.997974 0.0628631 0 -0.00836416 -0.0629372 -0.997982 0 -0.229865 -0.332792 0.491093 1 
0.999917 0.00823718 -0.00890026 0 0.00878073 -0.997974 0.0628649 0 -0.00836456 -0.0629391 -0.997982 0 -0.229866 -0.332792 0.491093 1 
0.999917 0.0082401 -0.00890795 0 0.0087842 -0.997973 0.0628727 0 -0.00837198 -0.062947 -0.997982 0 -0.229869 -0.332792 0.491097 1 
0.999917 0.0082193 -0.00889606 0 0.00876267 -0.997974 0.0628706 0 -0.00836144 -0.0629446 -0.997982 0 -0.229874 -0.332786 0.491094 1 
0.999917 0.00821556 -0.00890318 0 0.00875948 -0.997973 0.0628822 0 -0.00836868 -0.0629562 -0.997981 0 -0.229877 -0.332786 0.491099 1 
0.999917 0.00823606 -0.00890909 0 0.00878029 -0.997973 0.0628793 0 -0.00837332 -0.0629535 -0.997981 0 -0.229869 -0.332791 0.491099 1 
0.999917 0.00823781 -0.00890972 0 0.00878206 -0.997973 0.0628772 0 -0.00837385 -0.0629514 -0.997981 0 -0.229869 -0.332792 0.4911 1 
0.999917 0.00820888 -0.0089044 0 0.00875294 -0.997973 0.0628871 0 -0.00837028 -0.062961 -0.997981 0 -0.22988 -0.332787 0.4911 1 
0.999917 0.00822353 -0.00890828 0 0.00876778 -0.997973 0.0628842 0 -0.00837325 -0.0629583 -0.997981 0 -0.229873 -0.332791 0.4911 1 
0.999917 0.00823437 -0.00892042 0 0.00877943 -0.997972 0.0628925 0 -0.00838461 -0.0629668 -0.99798 0 -0.22987 -0.332795 0.491106 1 
0.999917 0.00822342 -0.00891474 0 0.00876812 -0.997972 0.0628904 0 -0.00837965 -0.0629646 -0.997981 0 -0.229873 -0.332792 0.491104 1 
0.999917 0.00821664 -0.00890866 0 0.00876095 -0.997973 0.0628865 0 -0.00837405 -0.0629606 -0.997981 0 -0.229876 -0.332791 0.491101 1 
0.999917 0.00823375 -0.00892035 0 0.00877884 -0.997972 0.0628968 0 -0.00838454 -0.0629711 -0.99798 0 -0.229872 -0.332794 0.491107 1 
0.999917 0.00822966 -0.00891313 0 0.00877424 -0.997972 0.0628887 0 -0.00837766 -0.0629629 -0.997981 0 -0.229873 -0.332793 0.491103 1 
0.999917 0.00822384 -0.00891639 0 0.0087687 -0.997972 0.0628967 0 -0.00838121 -0.0629708 -0.99798 0 -0.229876 -0.332792 0.491106 1 
0.999917 0.00822183 -0.00891361 0 0.00876648 -0.997972 0.0628922 0 -0.00837861 -0.0629663 -0.99798 0 -0.229875 -0.332792 0.491104 1 
0.999917 0.00821859 -0.00891081 0 0.00876306 -0.997972 0.0628907 0 -0.00837603 -0.0629648 -0.997981 0 -0.229877 -0.332791 0.491102 1 
0.999917 0.00820666 -0.00890595 0 0.00875081 -0.997973 0.0628864 0 -0.00837197 -0.0629603 -0.997981 0 -0.229883 -0.332788 0.4911 1 
0.999917 0.00819059 -0.00889412 0 0.00873395 -0.997973 0.0628765 0 -0.00836126 -0.0629502 -0.997982 0 -0.22989 -0.332784 0.491093 1 
0.999917 0.00819414 -0.00889262 0 0.0087374 -0.997973 0.0628766 0 -0.00835954 -0.0629503 -0.997982 0 -0.229889 -0.332784 0.491093 1 
0.999917 0.00819447 -0.00889522 0 0.00873789 -0.997973 0.0628769 0 -0.00836211 -0.0629507 -0.997982 0 -0.229885 -0.332785 0.491093 1 
0.999917 0.00819635 -0.00887924 0 0.00873856 -0.997975 0.0628529 0 -0.00834626 -0.0629265 -0.997983 0 -0.229883 -0.332782 0.49108 1 
0.999917 0.00820451 -0.00885989 0 0.00874527 -0.997976 0.0628278 0 -0.00832665 -0.0629014 -0.997985 0 -0.229879 -0.332782 0.491066 1 
0.999917 0.00820851 -0.00885483 0 0.00874885 -0.997977 0.0628165 0 -0.00832145 -0.06289 -0.997986 0 -0.229877 -0.332781 0.49106 1 
0.999917 0.00820329 -0.00886272 0 0.00874423 -0.997976 0.0628276 0 -0.00832955 -0.0629011 -0.997985 0 -0.229878 -0.332782 0.491067 1 
0.999918 0.00818823 -0.00885566 0 0.00872874 -0.997977 0.0628249 0 -0.00832348 -0.0628982 -0.997985 0 -0.229883 -0.332778 0.491064 1 
0.999918 0.0081759 -0.00885135 0 0.00871615 -0.997977 0.0628241 0 -0.00831996 -0.0628973 -0.997985 0 -0.229892 -0.332774 0.491063 1 
0.999918 0.00816258 -0.00884034 0 0.00870207 -0.997978 0.0628123 0 -0.00830992 -0.0628853 -0.997986 0 -0.229897 -0.332772 0.491056 1 
0.999918 0.00818349 -0.00883693 0 0.00872259 -0.997979 0.0627959 0 -0.00830533 -0.062869 -0.997987 0 -0.22989 -0.332775 0.491049 1 
0.999917 0.00821678 -0.00884715 0 0.00875647 -0.997978 0.0627975 0 -0.00831343 -0.062871 -0.997987 0 -0.229876 -0.332786 0.491052 1 
0.999917 0.00821722 -0.0088517 0 0.00875723 -0.997978 0.0628017 0 -0.00831791 -0.0628752 -0.997987 0 -0.229877 -0.332787 0.491055 1 
0.999918 0.00820682 -0.00884274 0 0.00874623 -0.997978 0.0627948 0 -0.00830968 -0.0628681 -0.997987 0 -0.22988 -0.332784 0.49105 1 
0.999918 0.0082026 -0.00882459 0 0.00874071 -0.99798 0.0627754 0 -0.008292 -0.0628486 -0.997989 0 -0.229881 -0.332781 0.491039 1 
0.999918 0.00820678 -0.00883964 0 0.00874597 -0.997979 0.0627918 0 -0.00830662 -0.0628652 -0.997987 0 -0.229879 -0.332783 0.491048 1 
0.999918 0.00820911 -0.0088458 0 0.00874877 -0.997978 0.0628026 0 -0.00831252 -0.062876 -0.997987 0 -0.229881 -0.332784 0.491055 1 
0.999918 0.00822073 -0.00882306 0 0.0087586 -0.997981 0.0627608 0 -0.00828947 -0.0628342 -0.99799 0 -0.229873 -0.332785 0.491033 1 
0.999918 0.00824146 -0.00880543 0 0.00877789 -0.997983 0.0627265 0 -0.00827087 -0.0627998 -0.997992 0 -0.229867 -0.332789 0.491016 1 
0.999918 0.00823213 -0.00882192 0 0.00876987 -0.997981 0.0627576 0 -0.00828763 -0.062831 -0.99799 0 -0.229872 -0.332788 0.491032 1 
0.999918 0.00822296 -0.00882341 0 0.00876084 -0.997981 0.0627601 0 -0.00828967 -0.0628335 -0.99799 0 -0.229872 -0.332788 0.491033 1 
0.999918 0.00822684 -0.00882181 0 0.00876458 -0.997981 0.0627579 0 -0.00828786 -0.0628312 -0.99799 0 -0.229872 -0.332789 0.491033 1 
0.999918 0.0082178 -0.00881264 0 0.00875496 -0.997981 0.0627552 0 -0.0082793 -0.0628284 -0.99799 0 -0.229877 -0.332784 0.491029 1 
0.999918 0.00821454 -0.00880538 0 0.00875115 -0.997982 0.0627426 0 -0.00827236 -0.0628157 -0.997991 0 -0.229876 -0.332782 0.491022 1 
0.999918 0.00821131 -0.00879114 0 0.00874688 -0.997983 0.0627235 0 -0.00825853 -0.0627964 -0.997992 0 -0.229874 -0.33278 0.491012 1 
0.999918 0.00821616 -0.00881013 0 0.00875313 -0.997981 0.0627504 0 -0.00827694 -0.0628236 -0.99799 0 -0.229875 -0.332783 0.491027 1 
0.999918 0.00821954 -0.00880825 0 0.00875632 -0.997982 0.0627427 0 -0.00827492 -0.0628159 -0.997991 0 -0.229875 -0.332783 0.491024 1 
0.999918 0.00821946 -0.00878768 0 0.00875472 -0.997983 0.0627158 0 -0.00825463 -0.0627888 -0.997993 0 -0.229871 -0.33278 0.491009 1 
0.999918 0.00822124 -0.00878767 0 0.00875644 -0.997984 0.0627077 0 -0.00825457 -0.0627807 -0.997993 0 -0.229871 -0.332779 0.491007 1 
0.999918 0.00821557 -0.00879156 0 0.0087511 -0.997983 0.0627169 0 -0.00825873 -0.0627899 -0.997993 0 -0.229876 -0.332778 0.491011 1 
0.999918 0.00821435 -0.00878399 0 0.00874939 -0.997983 0.0627152 0 -0.00825127 -0.0627881 -0.997993 0 -0.229875 -0.332778 0.491009 1 
0.999918 0.00822069 -0.00878557 0 0.00875577 -0.997984 0.06271 0 -0.0082525 -0.062783 -0.997993 0 -0.229872 -0.332778 0.491008 1 
0.999918 0.00821642 -0.00876751 0 0.00875026 -0.997985 0.0626953 0 -0.00823487 -0.0627681 -0.997994 0 -0.229873 -0.332777 0.490997 1 
0.999918 0.00822528 -0.008777 0 0.00875972 -0.997984 0.0626983 0 -0.00824376 -0.0627713 -0.997994 0 -0.229867 -0.332781 0.491001 1 
0.999918 0.0082511 -0.00878445 0 0.00878591 -0.997985 0.0626922 0 -0.00824962 -0.0627655 -0.997994 0 -0.229858 -0.332787 0.491001 1 
0.999918 0.008233 -0.00876649 0 0.0087666 -0.997986 0.0626778 0 -0.00823296 -0.0627507 -0.997995 0 -0.229864 -0.332782 0.490991 1 
0.999918 0.0082432 -0.00873021 0 0.00877407 -0.997989 0.0626251 0 -0.00819658 -0.0626978 -0.997999 0 -0.229861 -0.332778 0.490966 1 
0.999912 0.00843616 -0.00922869 0 0.00899796 -0.997987 0.0626302 0 -0.00868191 -0.0627089 -0.997994 0 -0.229903 -0.332825 0.490994 1 
0.999903 0.00864862 -0.00999547 0 0.00925977 -0.997973 0.0628065 0 -0.0094322 -0.0628942 -0.997976 0 -0.229991 -0.332906 0.491083 1 
0.999899 0.00873128 -0.010313 0 0.00936202 -0.997974 0.0627835 0 -0.00974413 -0.0628749 -0.997974 0 -0.23003 -0.332919 0.491109 1 
0.999899 0.00877456 -0.0103071 0 0.00940354 -0.997982 0.0626506 0 -0.00973671 -0.0627424 -0.997982 0 -0.230031 -0.332918 0.491059 1 
0.999899 0.00884191 -0.0101992 0 0.0094625 -0.997991 0.0624957 0 -0.00962633 -0.0625871 -0.997993 0 -0.230005 -0.332937 0.490976 1 
0.999901 0.00902 -0.00988312 0 0.00961599 -0.998019 0.0620152 0 -0.00930435 -0.0621053 -0.998026 0 -0.229924 -0.332947 0.490712 1 
0.999905 0.00924115 -0.00924889 0 0.00978925 -0.998075 0.0610846 0 -0.00866676 -0.0611705 -0.99809 0 -0.229797 -0.332921 0.490185 1 
0.99991 0.00958489 -0.00829988 0 0.0100638 -0.998154 0.0597249 0 -0.00771226 -0.0598042 -0.99818 0 -0.22962 -0.332922 0.489414 1 
0.999915 0.0101406 -0.00698671 0 0.0105282 -0.998259 0.0578683 0 -0.00638785 -0.057938 -0.9983 0 -0.229391 -0.332999 0.48838 1 
0.999918 0.0108317 -0.00528538 0 0.0111086 -0.998387 0.0555049 0 -0.00467573 -0.0555601 -0.998444 0 -0.22913 -0.333125 0.487067 1 
0.999919 0.0114376 -0.00332806 0 0.0115974 -0.998528 0.0527942 0 -0.00271938 -0.0528296 -0.9986 0 -0.228853 -0.333296 0.485575 1 
0.999912 0.0124748 -0.000995921 0 0.0125088 -0.998682 0.0495751 0 -0.000376178 -0.0495841 -0.99877 0 -0.228435 -0.333589 0.483806 1 
0.999894 0.0137574 0.0015758 0 0.0136703 -0.998838 0.0460153 0 0.00220706 -0.0459898 -0.998939 0 -0.22789 -0.33398 0.481862 1 
0.999867 0.015147 0.00426503 0 0.0149532 -0.998984 0.0422959 0 0.00490145 -0.0422273 -0.999096 0 -0.227264 -0.334473 0.479846 1 
0.99982 0.0171015 0.00693105 0 0.0168217 -0.999104 0.0385956 0 0.00758503 -0.0384728 -0.999231 0 -0.226547 -0.335092 0.477815 1 
0.999761 0.0193865 0.00909122 0 0.0190515 -0.999175 0.0355913 0 0.0097739 -0.0354103 -0.999325 0 -0.225861 -0.335924 0.475975 1 
0.999701 0.0215062 0.0107668 0 0.0211375 -0.999214 0.0332592 0 0.0114738 -0.0330223 -0.999389 0 -0.225229 -0.336848 0.47444 1 
0.999625 0.0239538 0.0125423 0 0.0235584 -0.999239 0.0307757 0 0.0132702 -0.0304693 -0.999448 0 -0.224417 -0.338149 0.472668 1 
0.999547 0.0263895 0.0138031 0 0.0259807 -0.999232 0.0290056 0 0.0145583 -0.0286343 -0.999484 0 -0.223638 -0.339504 0.471207 1 
0.99946 0.0287889 0.0152366 0 0.02837 -0.999222 0.0270263 0 0.0160032 -0.0265799 -0.999519 0 -0.222776 -0.341016 0.469671 1 
0.999366 0.03089 0.0171224 0 0.0304673 -0.999228 0.0244213 0 0.0178639 -0.0238846 -0.999555 0 -0.221736 -0.342597 0.468023 1 
0.999264 0.0330292 0.0190013 0 0.0326133 -0.999221 0.021797 0 0.0197068 -0.0211617 -0.999582 0 -0.220687 -0.344131 0.466456 1 
0.999145 0.035454 0.0208295 0 0.0350548 -0.999191 0.0192281 0 0.0214948 -0.0184818 -0.999598 0 -0.219558 -0.345774 0.464848 1 
0.999075 0.0364523 0.0223749 0 0.0360756 -0.999195 0.0170124 0 0.0229775 -0.0161898 -0.999605 0 -0.218494 -0.347482 0.463278 1 
0.999033 0.0368445 0.0235795 0 0.0364912 -0.999208 0.0152429 0 0.0241229 -0.014368 -0.999606 0 -0.217486 -0.349345 0.461701 1 
0.998983 0.0374561 0.0247217 0 0.0371293 -0.999209 0.0135487 0 0.0252101 -0.0126173 -0.999603 0 -0.216539 -0.351268 0.460043 1 
0.998954 0.0378755 0.0252488 0 0.0375642 -0.999204 0.0126924 0 0.0257099 -0.0117309 -0.999601 0 -0.215768 -0.353563 0.458264 1 
0.998977 0.0376364 0.0246716 0 0.0373149 -0.999205 0.0133673 0 0.0251555 -0.0124333 -0.999606 0 -0.215205 -0.356207 0.456614 1 
0.999048 0.0366515 0.0232355 0 0.0363057 -0.999217 0.0151325 0 0.0237724 -0.0142748 -0.999615 0 -0.21481 -0.358916 0.455217 1 
0.999147 0.0352484 0.0210654 0 0.0348726 -0.999221 0.0179481 0 0.021682 -0.0171985 -0.999617 0 -0.214499 -0.361971 0.453861 1 
0.999218 0.0347561 0.0183133 0 0.0343583 -0.999166 0.0216061 0 0.0190493 -0.0209604 -0.999599 0 -0.2143 -0.365316 0.452467 1 
0.99926 0.0349269 0.0155071 0 0.0345267 -0.999072 0.025367 0 0.016379 -0.0248133 -0.999558 0 -0.214164 -0.368694 0.450989 1 
0.99936 0.0332926 0.0123398 0 0.0329118 -0.999002 0.0298728 0 0.0133222 -0.0294482 -0.999478 0 -0.21411 -0.372302 0.449467 1 
0.999492 0.0302173 0.00913964 0 0.0298836 -0.998942 0.034673 0 0.0101779 -0.0343829 -0.999357 0 -0.214096 -0.375873 0.448084 1 
0.999622 0.0264357 0.00619783 0 0.0261743 -0.998886 0.0390208 0 0.0072226 -0.0388446 -0.999219 0 -0.214114 -0.37921 0.446724 1 
0.999751 0.0216562 0.00296109 0 0.0215079 -0.998822 0.0432669 0 0.00389467 -0.0431933 -0.999059 0 -0.214308 -0.382803 0.444994 1 
0.999834 0.0176911 -7.40457e-05 0 0.0176754 -0.99875 0.0465408 0 0.00074942 -0.0465353 -0.998916 0 -0.214493 -0.386244 0.4431 1 
0.999885 0.0141284 -0.00321844 0 0.0142706 -0.99866 0.0495467 0 -0.00251416 -0.0495879 -0.998767 0 -0.214657 -0.389527 0.44127 1 
0.999918 0.0103434 -0.00620774 0 0.0106546 -0.99856 0.0523937 0 -0.00565698 -0.0524566 -0.998607 0 -0.214858 -0.39271 0.43938 1 
0.99994 0.00587867 -0.00817433 0 0.00631163 -0.998512 0.0539891 0 -0.00784493 -0.0540385 -0.998508 0 -0.214991 -0.395833 0.437023 1 
0.99995 0.00040865 -0.00897939 0 0.000898646 -0.998496 0.0546323 0 -0.00894373 -0.0546387 -0.998466 0 -0.214899 -0.398807 0.434457 1 
0.999933 -0.00464656 -0.00966418 0 -0.00410774 -0.998466 0.055046 0 -0.00990532 -0.0550036 -0.998437 0 -0.21475 -0.401601 0.431987 1 
0.999894 -0.0096485 -0.0100198 0 -0.00909155 -0.998478 0.054216 0 -0.0105279 -0.0541202 -0.998479 0 -0.214584 -0.404167 0.429249 1 
0.99985 -0.0134476 -0.00995679 0 -0.0129111 -0.998548 0.0521132 0 -0.0106433 -0.0519778 -0.998592 0 -0.214414 -0.406572 0.426161 1 
0.999783 -0.0178715 -0.00980171 0 -0.0173667 -0.99862 0.0493665 0 -0.0106706 -0.0491865 -0.998733 0 -0.214157 -0.40889 0.422999 1 
0.9997 -0.0220674 -0.00968687 0 -0.0215988 -0.998695 0.0460726 0 -0.0106911 -0.0458504 -0.998891 0 -0.2139 -0.411015 0.419809 1 
0.999623 -0.0253896 -0.00945241 0 -0.0249692 -0.998787 0.0422159 0 -0.010513 -0.0419648 -0.999064 0 -0.213823 -0.413076 0.416295 1 
0.999499 -0.0298942 -0.00941026 0 -0.0295075 -0.9988 0.0388472 0 -0.0105605 -0.0385508 -0.999201 0 -0.213857 -0.415219 0.412765 1 
0.999345 -0.0346796 -0.0093343 0 -0.0343263 -0.998764 0.0356651 0 -0.0105598 -0.035322 -0.99932 0 -0.21391 -0.417268 0.409326 1 
0.999154 -0.0398918 -0.00898922 0 -0.0395794 -0.998675 0.0325939 0 -0.0102777 -0.0322112 -0.999428 0 -0.214086 -0.419434 0.40558 1 
0.9989 -0.0456978 -0.00954926 0 -0.0453791 -0.99847 0.0312825 0 -0.0109644 -0.0308153 -0.999465 0 -0.21447 -0.42224 0.401604 1 
0.99873 -0.0491188 -0.0102747 0 -0.0487875 -0.998339 0.0303305 0 -0.0117477 -0.0297913 -0.999487 0 -0.214811 -0.424838 0.397964 1 
0.998605 -0.051476 -0.0109221 0 -0.0511433 -0.998266 0.0288172 0 -0.0123868 -0.0282189 -0.999525 0 -0.215279 -0.427469 0.393913 1 
0.998549 -0.0523063 -0.0120097 0 -0.0519506 -0.998241 0.0282254 0 -0.0134652 -0.0275611 -0.999529 0 -0.215716 -0.430077 0.390265 1 
0.998533 -0.0523951 -0.0129111 0 -0.0520122 -0.998233 0.0283944 0 -0.0143763 -0.0276817 -0.999513 0 -0.216194 -0.432959 0.38632 1 
0.998504 -0.0528407 -0.0133874 0 -0.0524372 -0.998197 0.028888 0 -0.01489 -0.0281433 -0.999493 0 -0.216618 -0.435933 0.382325 1 
0.998436 -0.0539009 -0.0141962 0 -0.053444 -0.998086 0.0308055 0 -0.0158298 -0.0299992 -0.999425 0 -0.217071 -0.438894 0.378875 1 
0.99833 -0.0556584 -0.0148049 0 -0.0551548 -0.99794 0.0324873 0 -0.0165829 -0.0316171 -0.999362 0 -0.217605 -0.442241 0.374525 1 
0.998223 -0.0572984 -0.0157858 0 -0.0567228 -0.997775 0.0347727 0 -0.0177434 -0.0338161 -0.999271 0 -0.218058 -0.445277 0.370888 1 
0.998133 -0.0586306 -0.0165659 0 -0.0579937 -0.997636 0.0366135 0 -0.0186738 -0.0355851 -0.999192 0 -0.218458 -0.448424 0.366838 1 
0.998065 -0.0596412 -0.0170459 0 -0.0589621 -0.997531 0.0378932 0 -0.0192641 -0.0368155 -0.999136 0 -0.218828 -0.451464 0.362544 1 
0.998012 -0.0603502 -0.0176515 0 -0.05962 -0.997437 0.039322 0 -0.0199797 -0.0381922 -0.999071 0 -0.219098 -0.454263 0.35866 1 
0.99799 -0.0607368 -0.0175636 0 -0.0600198 -0.997433 0.0388172 0 -0.0198766 -0.0376857 -0.999092 0 -0.219339 -0.45699 0.353911 1 
0.997997 -0.0605802 -0.0176648 0 -0.0598641 -0.997451 0.0385862 0 -0.0199577 -0.0374522 -0.999099 0 -0.219572 -0.45951 0.349547 1 
0.997981 -0.0608911 -0.0175085 0 -0.0601982 -0.997465 0.0376937 0 -0.0197597 -0.0365644 -0.999136 0 -0.219768 -0.461996 0.344729 1 
0.99795 -0.0614693 -0.0172797 0 -0.0608137 -0.997483 0.0361971 0 -0.0194615 -0.0350727 -0.999195 0 -0.220003 -0.464313 0.339838 1 
0.997882 -0.0626109 -0.0170778 0 -0.0619888 -0.99746 0.0348035 0 -0.0192139 -0.0336718 -0.999248 0 -0.220187 -0.466574 0.335028 1 
0.997786 -0.0642381 -0.0166331 0 -0.0636788 -0.997441 0.032213 0 -0.0186602 -0.0310831 -0.999343 0 -0.220457 -0.468605 0.329821 1 
0.997743 -0.0648159 -0.016965 0 -0.0642781 -0.997455 0.0305264 0 -0.0189008 -0.0293676 -0.99939 0 -0.220724 -0.470534 0.325273 1 
0.997688 -0.0656205 -0.0171056 0 -0.0651319 -0.997482 0.0277068 0 -0.018881 -0.0265291 -0.99947 0 -0.221114 -0.472467 0.319839 1 
0.997639 -0.0661569 -0.0179075 0 -0.0656829 -0.997495 0.0258781 0 -0.019575 -0.0246413 -0.999505 0 -0.221532 -0.474292 0.315231 1 
0.997587 -0.0667215 -0.0186826 0 -0.0662822 -0.997521 0.0232207 0 -0.020186 -0.0219268 -0.999556 0 -0.221966 -0.476171 0.310017 1 
0.997543 -0.0669917 -0.0200111 0 -0.0665544 -0.997536 0.0217741 0 -0.0214209 -0.0203892 -0.999563 0 -0.22247 -0.478171 0.305219 1 
0.997501 -0.0671199 -0.0216367 0 -0.066669 -0.997546 0.0209271 0 -0.0229887 -0.0194327 -0.999547 0 -0.223009 -0.480286 0.300398 1 
0.99753 -0.0660582 -0.023488 0 -0.065604 -0.997643 0.0196093 0 -0.0247284 -0.0180203 -0.999532 0 -0.22359 -0.482186 0.295772 1 
0.997618 -0.0636937 -0.0261216 0 -0.0632066 -0.997809 0.0190657 0 -0.0272792 -0.0173695 -0.999477 0 -0.224191 -0.484274 0.291402 1 
0.997698 -0.0612442 -0.0287794 0 -0.0607204 -0.997969 0.0187382 0 -0.0298691 -0.0169479 -0.99941 0 -0.224892 -0.486311 0.286938 1 
0.997764 -0.0586988 -0.0316461 0 -0.0580947 -0.998107 0.0196842 0 -0.0327423 -0.0178021 -0.999305 0 -0.225487 -0.488519 0.282841 1 
0.997775 -0.0574432 -0.0335435 0 -0.0567846 -0.998171 0.0202689 0 -0.0346472 -0.0183194 -0.999232 0 -0.226046 -0.490694 0.278336 1 
0.997741 -0.0572256 -0.0349237 0 -0.0564935 -0.99816 0.0216038 0 -0.0360964 -0.0195824 -0.999156 0 -0.226537 -0.492752 0.27437 1 
0.997699 -0.0574401 -0.0357395 0 -0.0566257 -0.998112 0.0233968 0 -0.0370167 -0.0213196 -0.999087 0 -0.227012 -0.494816 0.270162 1 
0.997677 -0.0579025 -0.0356222 0 -0.0570778 -0.998078 0.0237481 0 -0.0369295 -0.0216602 -0.999083 0 -0.227382 -0.496544 0.26549 1 
0.997644 -0.0584226 -0.0356942 0 -0.0575689 -0.998031 0.0244956 0 -0.0370557 -0.0223835 -0.999062 0 -0.227784 -0.498182 0.261295 1 
0.997642 -0.0587502 -0.0352176 0 -0.0579347 -0.998028 0.0237468 0 -0.036544 -0.0216509 -0.999097 0 -0.22813 -0.499505 0.256708 1 
0.997628 -0.059171 -0.0348845 0 -0.0583734 -0.99801 0.023456 0 -0.0362037 -0.0213644 -0.999116 0 -0.228539 -0.500837 0.252105 1 
0.997618 -0.0596513 -0.0343752 0 -0.0588979 -0.998 0.0225306 0 -0.0356511 -0.0204527 -0.999155 0 -0.228931 -0.501905 0.247692 1 
0.997654 -0.0594633 -0.0336229 0 -0.0587897 -0.998047 0.0206803 0 -0.0347876 -0.0186555 -0.999221 0 -0.229301 -0.502807 0.242862 1 
0.997699 -0.059076 -0.032984 0 -0.0584713 -0.998098 0.019008 0 -0.0340449 -0.017036 -0.999275 0 -0.229678 -0.503736 0.238287 1 
0.997743 -0.0587811 -0.0321592 0 -0.0582587 -0.998148 0.0169492 0 -0.0330966 -0.0150377 -0.999339 0 -0.230091 -0.504643 0.233218 1 
0.997785 -0.0583184 -0.0316923 0 -0.0578491 -0.998195 0.0155296 0 -0.0325414 -0.0136621 -0.999377 0 -0.230472 -0.505549 0.228615 1 
0.997844 -0.0575345 -0.0312662 0 -0.0571397 -0.998267 0.0133781 0 -0.0319824 -0.0115629 -0.999422 0 -0.230842 -0.50639 0.22374 1 
0.997911 -0.0564746 -0.0310493 0 -0.0561555 -0.998351 0.0110582 0 -0.0316232 -0.00929168 -0.999457 0 -0.231249 -0.507225 0.218652 1 
0.997981 -0.0550582 -0.0313642 0 -0.0547959 -0.998446 0.00916307 0 -0.0318206 -0.00742608 -0.999466 0 -0.231699 -0.508101 0.214074 1 
0.998066 -0.0533241 -0.0316326 0 -0.0531456 -0.998556 0.00645817 0 -0.0319319 -0.00476464 -0.999479 0 -0.232128 -0.508846 0.208858 1 
0.998141 -0.0512721 -0.0326573 0 -0.0511253 -0.998668 0.00531363 0 -0.0328869 -0.0036342 -0.999452 0 -0.23259 -0.509824 0.204292 1 
0.998225 -0.0490131 -0.0335384 0 -0.0489254 -0.998787 0.00343215 0 -0.0336666 -0.00178521 -0.999432 0 -0.23299 -0.510666 0.199607 1 
0.998299 -0.0468027 -0.0344943 0 -0.0467572 -0.998894 0.00212375 0 -0.0345562 -0.000507295 -0.999403 0 -0.233406 -0.511641 0.194992 1 
0.998358 -0.0450635 -0.0350914 0 -0.045056 -0.998974 0.0010041 0 -0.0351014 0.000578645 -0.999384 0 -0.233823 -0.512662 0.19068 1 
0.998413 -0.0437276 -0.0352159 0 -0.0437483 -0.999033 0.000182776 0 -0.0351905 0.00135818 -0.99938 0 -0.23413 -0.51375 0.186056 1 
0.998444 -0.042763 -0.035523 0 -0.0427526 -0.999075 0.00105529 0 -0.0355359 0.000465054 -0.999368 0 -0.234419 -0.51513 0.182148 1 
0.998479 -0.0421172 -0.0353031 0 -0.0421024 -0.999103 0.0011615 0 -0.0353211 0.000326619 -0.999376 0 -0.234692 -0.516388 0.177837 1 
0.9985 -0.0415213 -0.0354154 0 -0.0414719 -0.999128 0.00212919 0 -0.0354736 -0.00065726 -0.99937 0 -0.235017 -0.517798 0.174239 1 
0.998525 -0.0409281 -0.0354105 0 -0.0408547 -0.999152 0.00279287 0 -0.0354955 -0.00134209 -0.999369 0 -0.235356 -0.519294 0.170683 1 
0.99855 -0.0403514 -0.0353511 0 -0.0402571 -0.999174 0.00337378 0 -0.0354587 -0.00194579 -0.999369 0 -0.235711 -0.520785 0.166803 1 
0.998556 -0.039785 -0.0358215 0 -0.0396214 -0.999191 0.00526658 0 -0.0360027 -0.00383975 -0.999344 0 -0.236143 -0.522503 0.163775 1 
0.998579 -0.0392207 -0.0358051 0 -0.0390357 -0.999211 0.00585342 0 -0.0360071 -0.00444751 -0.999342 0 -0.23655 -0.524143 0.160219 1 
0.9986 -0.0386241 -0.0358817 0 -0.0384106 -0.99923 0.00661952 0 -0.0361104 -0.00523212 -0.999334 0 -0.236996 -0.525909 0.156912 1 
0.998612 -0.0380379 -0.0361668 0 -0.0377777 -0.999246 0.00784889 0 -0.0364388 -0.00647182 -0.999315 0 -0.237518 -0.52789 0.154052 1 
0.998658 -0.0374195 -0.0355454 0 -0.0372067 -0.999276 0.00662849 0 -0.0357684 -0.00529716 -0.999346 0 -0.237864 -0.529443 0.150503 1 
0.998696 -0.0367675 -0.0351503 0 -0.0365836 -0.999304 0.00586066 0 -0.035342 -0.00456719 -0.999365 0 -0.238265 -0.531202 0.147601 1 
0.998743 -0.0361216 -0.0344721 0 -0.0359954 -0.999333 0.00427415 0 -0.0346042 -0.003028 -0.999397 0 -0.238634 -0.532876 0.144611 1 
0.998795 -0.0354106 -0.0336945 0 -0.0353504 -0.999363 0.00238164 0 -0.033758 -0.00118768 -0.999429 0 -0.239001 -0.534705 0.141602 1 
0.99884 -0.0346523 -0.0331496 0 -0.0346381 -0.99939 0.00100287 0 -0.0331647 0.000146538 -0.99945 0 -0.239403 -0.53671 0.138988 1 
0.998893 -0.0338307 -0.0323863 0 -0.0338787 -0.999416 -0.00093459 0 -0.0323364 0.0020308 -0.999475 0 -0.23981 -0.538744 0.135939 1 
0.998929 -0.0329447 -0.0321786 0 -0.0330098 -0.999444 -0.00149381 0 -0.0321121 0.00255447 -0.999481 0 -0.240321 -0.541172 0.133661 1 
0.998973 -0.0320444 -0.0317257 0 -0.0321465 -0.99947 -0.00271345 0 -0.0316225 0.00373061 -0.999493 0 -0.24074 -0.543348 0.131015 1 
0.999007 -0.0311152 -0.0315842 0 -0.0312305 -0.999498 -0.00316288 0 -0.0314705 0.00414621 -0.999496 0 -0.241282 -0.545886 0.12865 1 
0.999034 -0.0301819 -0.0316306 0 -0.0302971 -0.999526 -0.00316746 0 -0.0315206 0.00412279 -0.999495 0 -0.241861 -0.548532 0.126513 1 
0.99907 -0.0291841 -0.0314345 0 -0.02932 -0.999553 -0.0038709 0 -0.0313081 0.00478905 -0.999498 0 -0.24229 -0.550827 0.124076 1 
0.999096 -0.0279952 -0.0316919 0 -0.0281148 -0.99959 -0.00333239 0 -0.0315862 0.00422047 -0.999492 0 -0.242827 -0.553823 0.122045 1 
0.999133 -0.0269415 -0.031442 0 -0.0270805 -0.999616 -0.0040056 0 -0.0313226 0.00485368 -0.999498 0 -0.243216 -0.556292 0.119394 1 
0.999162 -0.0258596 -0.0314141 0 -0.0260026 -0.999644 -0.00415293 0 -0.0312961 0.0049664 -0.999498 0 -0.243629 -0.55886 0.117057 1 
0.99919 -0.0248737 -0.0313179 0 -0.0250268 -0.999667 -0.00450767 0 -0.0311959 0.00528791 -0.999499 0 -0.244028 -0.561263 0.114639 1 
0.99923 -0.023906 -0.0308059 0 -0.0240968 -0.999683 -0.00583552 0 -0.0306572 0.00657348 -0.999508 0 -0.24431 -0.563332 0.111629 1 
0.999254 -0.023072 -0.0306633 0 -0.0232733 -0.9997 -0.00622198 0 -0.0305112 0.0069311 -0.99951 0 -0.244704 -0.56555 0.109227 1 
0.999287 -0.022516 -0.0300001 0 -0.0227631 -0.9997 -0.0079216 0 -0.0298134 0.00859901 -0.999518 0 -0.245031 -0.56714 0.106181 1 
0.999309 -0.0221716 -0.0295085 0 -0.0224508 -0.999696 -0.00916294 0 -0.0292969 0.00981928 -0.999523 0 -0.245498 -0.568844 0.103342 1 
0.99932 -0.0221446 -0.0291552 0 -0.0224469 -0.999688 -0.0100814 0 -0.0289234 0.0107292 -0.999524 0 -0.246089 -0.570559 0.100692 1 
0.999345 -0.0220503 -0.0283515 0 -0.0224009 -0.999666 -0.0121113 0 -0.0280755 0.0127387 -0.999525 0 -0.246554 -0.571767 0.097489 1 
0.999356 -0.0220285 -0.027984 0 -0.0224 -0.999655 -0.0130309 0 -0.0276878 0.0136496 -0.999523 0 -0.247187 -0.573325 0.0948786 1 
0.999366 -0.0221914 -0.0275023 0 -0.0225901 -0.999633 -0.014271 0 -0.0271761 0.0148835 -0.99952 0 -0.247813 -0.574776 0.0920278 1 
0.999369 -0.0227941 -0.0268745 0 -0.0232263 -0.999594 -0.0158835 0 -0.0265021 0.016498 -0.999513 0 -0.248317 -0.575935 0.0891014 1 
0.999348 -0.0239836 -0.0266319 0 -0.0244288 -0.999555 -0.0165205 0 -0.0262244 0.0171607 -0.999509 0 -0.248947 -0.577425 0.0866765 1 
0.999324 -0.0254197 -0.0262126 0 -0.0258862 -0.9995 -0.0176157 0 -0.0257522 0.0182827 -0.999501 0 -0.249522 -0.578783 0.0839199 1 
0.999305 -0.0265376 -0.0257892 0 -0.0270249 -0.99945 -0.0187333 0 -0.0252784 0.0194176 -0.999492 0 -0.250016 -0.580067 0.0812205 1 
0.999281 -0.0275685 -0.0256573 0 -0.0280626 -0.999414 -0.0191034 0 -0.0251161 0.01981 -0.999488 0 -0.250567 -0.581494 0.0790504 1 
0.999248 -0.0289964 -0.0253816 0 -0.0295039 -0.999358 -0.0198527 0 -0.0247901 0.020587 -0.999481 0 -0.251074 -0.582789 0.0766175 1 
0.999209 -0.0304626 -0.0251657 0 -0.0309809 -0.999301 -0.0204671 0 -0.0245251 0.0212309 -0.999474 0 -0.251526 -0.584067 0.0743345 1 
0.999164 -0.0319251 -0.0251708 0 -0.0324445 -0.999254 -0.0205043 0 -0.0244979 0.0213042 -0.999473 0 -0.251965 -0.585428 0.0725184 1 
0.999117 -0.0333338 -0.0251832 0 -0.0338546 -0.999206 -0.0205452 0 -0.0244789 0.0213801 -0.999472 0 -0.252397 -0.586773 0.0706986 1 
0.999071 -0.0347949 -0.0250497 0 -0.0353232 -0.999146 -0.0209681 0 -0.0242992 0.0218338 -0.999466 0 -0.252759 -0.587884 0.0687612 1 
0.999014 -0.036382 -0.0250767 0 -0.0369109 -0.999089 -0.0209607 0 -0.0242917 0.0218661 -0.999466 0 -0.253196 -0.589119 0.0670622 1 
0.998943 -0.0381373 -0.0252918 0 -0.038659 -0.999033 -0.0204673 0 -0.0244872 0.0214238 -0.999471 0 -0.253669 -0.590441 0.0657299 1 
0.998852 -0.0403055 -0.025532 0 -0.0408192 -0.998958 -0.0199313 0 -0.0247025 0.020951 -0.999475 0 -0.254181 -0.591705 0.0644672 1 
0.998752 -0.0426257 -0.0256454 0 -0.0431373 -0.998865 -0.0197375 0 -0.0247754 0.0208195 -0.999476 0 -0.254677 -0.592868 0.0629484 1 
0.998677 -0.0442737 -0.025802 0 -0.0447795 -0.9988 -0.0193641 0 -0.0249142 0.0204942 -0.999479 0 -0.25512 -0.594045 0.0616236 1 
0.998616 -0.0454821 -0.0260558 0 -0.0459772 -0.998757 -0.0187283 0 -0.0251721 0.0199007 -0.999485 0 -0.255549 -0.595205 0.0606076 1 
0.998548 -0.0467418 -0.0264253 0 -0.04722 -0.998717 -0.0177679 0 -0.0255614 0.0189903 -0.999493 0 -0.256036 -0.596481 0.0597593 1 
0.998481 -0.0479307 -0.0268116 0 -0.04839 -0.998678 -0.0167523 0 -0.0259737 0.0180246 -0.9995 0 -0.256494 -0.597795 0.0589194 1 
0.998392 -0.0496172 -0.0270772 0 -0.0500632 -0.998608 -0.0160462 0 -0.0262438 0.0173763 -0.999505 0 -0.256844 -0.599007 0.0578977 1 
0.998291 -0.0514653 -0.027324 0 -0.0518983 -0.998524 -0.0153793 0 -0.0264927 0.0167714 -0.999508 0 -0.257066 -0.600155 0.0569625 1 
0.998203 -0.0530207 -0.0275626 0 -0.0534413 -0.998452 -0.0147538 0 -0.0267382 0.0162006 -0.999511 0 -0.257177 -0.601286 0.0560593 1 
0.998135 -0.054145 -0.0278401 0 -0.0545499 -0.998403 -0.0139938 0 -0.0270384 0.0154867 -0.999514 0 -0.25721 -0.602446 0.0553089 1 
0.998015 -0.0561477 -0.0281903 0 -0.056533 -0.998306 -0.0130589 0 -0.0274098 0.014627 -0.999517 0 -0.257181 -0.603689 0.0546431 1 
0.997846 -0.0589411 -0.0284784 0 -0.0593102 -0.998154 -0.0122935 0 -0.0277018 0.0139563 -0.999519 0 -0.257051 -0.604873 0.0538833 1 
0.997629 -0.0624166 -0.0286515 0 -0.0627773 -0.997947 -0.0118662 0 -0.0278526 0.013637 -0.999519 0 -0.256859 -0.605907 0.0529494 1 
0.997407 -0.0658422 -0.0287045 0 -0.0662004 -0.997728 -0.011713 0 -0.0278686 0.0135832 -0.999519 0 -0.256581 -0.606808 0.0519146 1 
0.997185 -0.0691135 -0.0287394 0 -0.0694716 -0.997506 -0.0116527 0 -0.0278629 0.0136167 -0.999519 0 -0.256224 -0.607639 0.0509117 1 
0.996987 -0.0718796 -0.0288165 0 -0.0722346 -0.997312 -0.0114714 0 -0.027915 0.0135187 -0.999519 0 -0.2559 -0.608433 0.0500899 1 
0.99677 -0.0747645 -0.0290074 0 -0.0751086 -0.997105 -0.0109579 0 -0.0281048 0.0131014 -0.999519 0 -0.255645 -0.609374 0.0493964 1 
0.996622 -0.0766317 -0.0292207 0 -0.0769626 -0.99697 -0.010369 0 -0.0283381 0.0125831 -0.999519 0 -0.255455 -0.610307 0.0487927 1 
0.996611 -0.076694 -0.0294241 0 -0.0770099 -0.996973 -0.0097584 0 -0.0285871 0.0119915 -0.999519 0 -0.255353 -0.611245 0.0482103 1 
0.99663 -0.0763806 -0.0296037 0 -0.0766819 -0.997004 -0.00917962 0 -0.0288144 0.011419 -0.99952 0 -0.255346 -0.612106 0.0476544 1 
0.996647 -0.0760915 -0.0297455 0 -0.0763819 -0.997031 -0.00875086 0 -0.0289918 0.0109937 -0.999519 0 -0.255382 -0.61293 0.0469489 1 
0.996666 -0.0758107 -0.0298268 0 -0.0760948 -0.997055 -0.00850816 0 -0.0290945 0.0107497 -0.999519 0 -0.255416 -0.613664 0.0461521 1 
0.996684 -0.0755364 -0.0299357 0 -0.0758124 -0.997079 -0.00819296 0 -0.0292299 0.0104355 -0.999518 0 -0.255484 -0.614351 0.0454863 1 
0.996692 -0.0753792 -0.0300766 0 -0.075644 -0.997095 -0.00776356 0 -0.0294045 0.0100132 -0.999517 0 -0.255613 -0.615061 0.0448766 1 
0.996674 -0.0755135 -0.0303121 0 -0.0757592 -0.997092 -0.00703831 0 -0.029693 0.0093115 -0.999516 0 -0.255843 -0.615874 0.0443868 1 
0.996655 -0.0756457 -0.0306142 0 -0.0758661 -0.99709 -0.00609898 0 -0.0300644 0.00840132 -0.999513 0 -0.256138 -0.616734 0.0440435 1 
0.996642 -0.0756645 -0.0309775 0 -0.075854 -0.997097 -0.00498676 0 -0.0305108 0.00731993 -0.999508 0 -0.256469 -0.617666 0.0437751 1 
