0.999871 0.00833661 -0.0130006 0 0.00920205 -0.997634 0.0679955 0 -0.0124032 -0.0681077 -0.997601 0 -0.229538 -0.33238 0.493731 1 
0.999871 0.00833877 -0.0130037 0 0.00920449 -0.997633 0.0680019 0 -0.0124061 -0.0681142 -0.9976 0 -0.229538 -0.332381 0.493734 1 
0.999871 0.00834943 -0.0130042 0 0.00921507 -0.997634 0.0679934 0 -0.012406 -0.0681058 -0.997601 0 -0.229535 -0.332383 0.493731 1 
0.999871 0.00834679 -0.013002 0 0.0092123 -0.997633 0.0679958 0 -0.0124039 -0.0681081 -0.997601 0 -0.229537 -0.332381 0.493732 1 
0.999871 0.00832955 -0.0130001 0 0.009195 -0.997633 0.0679973 0 -0.0124032 -0.0681094 -0.997601 0 -0.229542 -0.332378 0.493731 1 
0.999871 0.00834321 -0.0130046 0 0.00920894 -0.997633 0.0679976 0 -0.0124068 -0.0681098 -0.997601 0 -0.229538 -0.332382 0.493732 1 
0.999871 0.00834186 -0.0130017 0 0.00920736 -0.997634 0.0679947 0 -0.012404 -0.068107 -0.997601 0 -0.229537 -0.332381 0.493731 1 
0.999871 0.00833517 -0.0130061 0 0.00920106 -0.997633 0.0680011 0 -0.0124088 -0.0681133 -0.9976 0 -0.229539 -0.332381 0.493734 1 
0.999871 0.00834105 -0.0130007 0 0.0092065 -0.997633 0.0679963 0 -0.012403 -0.0681086 -0.997601 0 -0.229538 -0.332381 0.493732 1 
0.999871 0.00834071 -0.0130032 0 0.00920631 -0.997633 0.0679957 0 -0.0124055 -0.068108 -0.997601 0 -0.229535 -0.332381 0.493731 1 
0.999871 0.00833806 -0.0130062 0 0.00920396 -0.997633 0.0680021 0 -0.0124086 -0.0681143 -0.9976 0 -0.229539 -0.332381 0.493734 1 
0.999871 0.00834444 -0.0130041 0 0.00921011 -0.997633 0.0679965 0 -0.0124062 -0.0681088 -0.997601 0 -0.229538 -0.332381 0.493732 1 
0.999871 0.00834865 -0.0130071 0 0.00921456 -0.997633 0.0680001 0 -0.0124089 -0.0681125 -0.9976 0 -0.229537 -0.332382 0.493734 1 
0.999871 0.00835002 -0.0130063 0 0.00921586 -0.997633 0.0679988 0 -0.012408 -0.0681112 -0.997601 0 -0.229536 -0.332383 0.493733 1 
0.999871 0.00834291 -0.0130034 0 0.00920856 -0.997633 0.067998 0 -0.0124055 -0.0681102 -0.997601 0 -0.229538 -0.33238 0.493732 1 
0.999871 0.00833674 -0.0130055 0 0.00920256 -0.997633 0.0679992 0 -0.012408 -0.0681115 -0.997601 0 -0.229539 -0.33238 0.493734 1 
0.999871 0.00834454 -0.0130075 0 0.00921051 -0.997633 0.0680013 0 -0.0124095 -0.0681137 -0.9976 0 -0.229537 -0.332382 0.493733 1 
0.999871 0.00833864 -0.013002 0 0.00920418 -0.997633 0.0679964 0 -0.0124044 -0.0681086 -0.997601 0 -0.229538 -0.332382 0.493731 1 
0.999871 0.00833515 -0.0130006 0 0.00920059 -0.997634 0.0679955 0 -0.0124033 -0.0681077 -0.997601 0 -0.229538 -0.33238 0.493731 1 
0.999871 0.00834689 -0.0130057 0 0.00921265 -0.997633 0.0679949 0 -0.0124077 -0.0681073 -0.997601 0 -0.229536 -0.332383 0.493731 1 
0.999871 0.00834272 -0.013001 0 0.00920817 -0.997634 0.0679951 0 -0.0124032 -0.0681073 -0.997601 0 -0.229538 -0.332382 0.49373 1 
0.999871 0.0083359 -0.0130019 0 0.00920141 -0.997634 0.067994 0 -0.0124046 -0.0681062 -0.997601 0 -0.229539 -0.332379 0.49373 1 
0.999871 0.00833352 -0.0129993 0 0.00919887 -0.997634 0.0679949 0 -0.0124022 -0.068107 -0.997601 0 -0.229539 -0.33238 0.493731 1 
0.999871 0.00833734 -0.0130011 0 0.0092028 -0.997634 0.0679942 0 -0.0124037 -0.0681063 -0.997601 0 -0.229537 -0.332381 0.493731 1 
0.999871 0.00833907 -0.0130038 0 0.00920473 -0.997633 0.0679968 0 -0.0124062 -0.0681091 -0.997601 0 -0.229537 -0.332381 0.493733 1 
0.999871 0.00833306 -0.0130014 0 0.00919856 -0.997634 0.0679949 0 -0.0124043 -0.068107 -0.997601 0 -0.22954 -0.332379 0.493732 1 
0.999871 0.00834931 -0.0130069 0 0.00921518 -0.997633 0.0679981 0 -0.0124086 -0.0681105 -0.997601 0 -0.229536 -0.332383 0.493733 1 
0.999871 0.00834418 -0.0130026 0 0.00920974 -0.997633 0.0679958 0 -0.0124047 -0.0681081 -0.997601 0 -0.229537 -0.332382 0.493731 1 
0.999871 0.00834096 -0.0130078 0 0.00920696 -0.997633 0.0680018 0 -0.0124101 -0.0681141 -0.9976 0 -0.229539 -0.332382 0.493734 1 
0.999871 0.00834637 -0.0130067 0 0.00921222 -0.997633 0.0679972 0 -0.0124086 -0.0681096 -0.997601 0 -0.229536 -0.332382 0.493732 1 
0.999871 0.00833973 -0.0130058 0 0.00920557 -0.997633 0.0679996 0 -0.0124082 -0.0681118 -0.997601 0 -0.229537 -0.332382 0.493734 1 
0.999871 0.00833665 -0.0130046 0 0.0092024 -0.997633 0.0679982 0 -0.0124072 -0.0681104 -0.997601 0 -0.229539 -0.332381 0.493733 1 
0.999871 0.00834318 -0.0130053 0 0.00920895 -0.997633 0.0679976 0 -0.0124074 -0.0681099 -0.997601 0 -0.229539 -0.332381 0.493732 1 
0.999871 0.00834181 -0.0130011 0 0.00920724 -0.997634 0.0679925 0 -0.0124034 -0.0681047 -0.997601 0 -0.229537 -0.332381 0.493731 1 
0.999871 0.00833731 -0.0130062 0 0.00920321 -0.997633 0.0680021 0 -0.0124087 -0.0681144 -0.9976 0 -0.229539 -0.332381 0.493734 1 
0.999871 0.00833634 -0.0130049 0 0.00920214 -0.997633 0.0680003 0 -0.0124075 -0.0681125 -0.9976 0 -0.229539 -0.332381 0.493733 1 
0.999871 0.00834686 -0.0130051 0 0.00921262 -0.997633 0.0679979 0 -0.012407 -0.0681102 -0.997601 0 -0.229537 -0.332381 0.493733 1 
0.999871 0.00835126 -0.0130041 0 0.00921689 -0.997633 0.0679951 0 -0.0124057 -0.0681075 -0.997601 0 -0.229535 -0.332382 0.493732 1 
0.999871 0.00834793 -0.0130048 0 0.00921363 -0.997633 0.0679953 0 -0.0124066 -0.0681077 -0.997601 0 -0.229536 -0.332381 0.493732 1 
0.999871 0.00834035 -0.0130057 0 0.00920614 -0.997633 0.0679965 0 -0.0124081 -0.0681088 -0.997601 0 -0.229538 -0.33238 0.493733 1 
0.999871 0.00834309 -0.0130022 0 0.00920862 -0.997634 0.0679951 0 -0.0124044 -0.0681074 -0.997601 0 -0.229538 -0.332381 0.493732 1 
0.999871 0.00834463 -0.0130052 0 0.0092104 -0.997633 0.0679981 0 -0.0124072 -0.0681105 -0.997601 0 -0.229538 -0.332382 0.493732 1 
0.999871 0.00835236 -0.0130078 0 0.00921828 -0.997633 0.0679974 0 -0.0124093 -0.0681098 -0.997601 0 -0.229536 -0.332383 0.493733 1 
0.999871 0.00833794 -0.0130052 0 0.00920374 -0.997633 0.0679999 0 -0.0124076 -0.0681122 -0.997601 0 -0.229539 -0.332381 0.493733 1 
0.999871 0.00834378 -0.0130066 0 0.00920966 -0.997633 0.0679995 0 -0.0124087 -0.0681119 -0.997601 0 -0.229538 -0.332381 0.493733 1 
0.999871 0.00833898 -0.0130051 0 0.00920475 -0.997633 0.0679983 0 -0.0124075 -0.0681105 -0.997601 0 -0.229538 -0.33238 0.493733 1 
0.999871 0.00834845 -0.0130033 0 0.00921403 -0.997634 0.0679943 0 -0.0124051 -0.0681066 -0.997601 0 -0.229535 -0.332382 0.493732 1 
0.999871 0.00834175 -0.0130023 0 0.00920731 -0.997633 0.0679968 0 -0.0124045 -0.068109 -0.997601 0 -0.229538 -0.332381 0.493731 1 
0.999871 0.00834447 -0.0130036 0 0.0092101 -0.997633 0.0679958 0 -0.0124057 -0.0681081 -0.997601 0 -0.229538 -0.332381 0.493732 1 
0.999871 0.00834031 -0.0130038 0 0.00920598 -0.997633 0.0679971 0 -0.0124061 -0.0681093 -0.997601 0 -0.229536 -0.332382 0.493732 1 
0.999871 0.00834017 -0.0130029 0 0.00920576 -0.997634 0.0679953 0 -0.0124053 -0.0681075 -0.997601 0 -0.229538 -0.332381 0.493731 1 
0.999871 0.00833532 -0.0130027 0 0.00920091 -0.997633 0.0679963 0 -0.0124054 -0.0681085 -0.997601 0 -0.229538 -0.33238 0.493731 1 
0.999871 0.00834246 -0.0129999 0 0.00920783 -0.997634 0.0679943 0 -0.0124022 -0.0681066 -0.997601 0 -0.229537 -0.332382 0.49373 1 
0.999871 0.00833898 -0.0130066 0 0.00920488 -0.997633 0.0680003 0 -0.012409 -0.0681125 -0.9976 0 -0.229538 -0.33238 0.493735 1 
0.999871 0.00834047 -0.0130056 0 0.00920625 -0.997633 0.0679962 0 -0.0124079 -0.0681085 -0.997601 0 -0.229537 -0.332382 0.493732 1 
0.999871 0.00834056 -0.0130049 0 0.00920628 -0.997634 0.0679953 0 -0.0124072 -0.0681076 -0.997601 0 -0.229536 -0.332381 0.493732 1 
0.999871 0.00834108 -0.0130027 0 0.00920666 -0.997633 0.0679963 0 -0.012405 -0.0681086 -0.997601 0 -0.229538 -0.332381 0.493731 1 
0.999871 0.00833576 -0.0129997 0 0.00920115 -0.997633 0.0679965 0 -0.0124024 -0.0681087 -0.997601 0 -0.229538 -0.33238 0.49373 1 
0.999871 0.0083433 -0.0130039 0 0.00920895 -0.997633 0.0679953 0 -0.0124061 -0.0681076 -0.997601 0 -0.229537 -0.332381 0.493731 1 
0.999871 0.00835154 -0.0130034 0 0.00921708 -0.997634 0.067991 0 -0.012405 -0.0681034 -0.997601 0 -0.229535 -0.332382 0.49373 1 
0.999871 0.00834447 -0.0130018 0 0.00920999 -0.997633 0.0679968 0 -0.0124039 -0.0681091 -0.997601 0 -0.229537 -0.332382 0.493731 1 
0.999871 0.00834337 -0.0130029 0 0.00920897 -0.997633 0.0679963 0 -0.0124051 -0.0681086 -0.997601 0 -0.229538 -0.33238 0.493732 1 
0.999871 0.00833559 -0.0130024 0 0.00920113 -0.997634 0.0679929 0 -0.0124051 -0.0681051 -0.997601 0 -0.229541 -0.33238 0.49373 1 
0.999871 0.00832946 -0.0130016 0 0.00919501 -0.997633 0.067998 0 -0.0124046 -0.0681101 -0.997601 0 -0.229542 -0.332379 0.493731 1 
0.999871 0.00832923 -0.0130019 0 0.0091948 -0.997633 0.0679975 0 -0.012405 -0.0681096 -0.997601 0 -0.229542 -0.332379 0.493732 1 
0.999871 0.00834431 -0.0130038 0 0.00920998 -0.997633 0.0679976 0 -0.0124059 -0.0681099 -0.997601 0 -0.229538 -0.332381 0.493733 1 
0.999871 0.00834403 -0.0130013 0 0.00920947 -0.997634 0.0679939 0 -0.0124034 -0.0681061 -0.997601 0 -0.229539 -0.332381 0.49373 1 
0.999871 0.00832212 -0.0130008 0 0.00918762 -0.997634 0.0679969 0 -0.0124044 -0.0681089 -0.997601 0 -0.229545 -0.332377 0.493731 1 
0.999871 0.00832454 -0.0130009 0 0.00919005 -0.997634 0.0679975 0 -0.0124044 -0.0681095 -0.997601 0 -0.229543 -0.332377 0.493732 1 
0.999871 0.00832295 -0.0129976 0 0.00918821 -0.997634 0.0679947 0 -0.0124011 -0.0681067 -0.997601 0 -0.229545 -0.332376 0.493731 1 
0.999871 0.00832858 -0.013 0 0.00919397 -0.997634 0.0679937 0 -0.0124032 -0.0681058 -0.997601 0 -0.229542 -0.332377 0.493731 1 
0.999871 0.00832956 -0.0130013 0 0.00919511 -0.997633 0.0679987 0 -0.0124043 -0.0681108 -0.997601 0 -0.229543 -0.332378 0.493732 1 
0.999871 0.0083291 -0.0130043 0 0.00919485 -0.997633 0.0679984 0 -0.0124074 -0.0681105 -0.997601 0 -0.229542 -0.332379 0.493733 1 
0.999871 0.00831971 -0.0129992 0 0.00918514 -0.997633 0.0679993 0 -0.012403 -0.0681112 -0.997601 0 -0.229546 -0.332376 0.493731 1 
0.999871 0.00831028 -0.0129967 0 0.00917553 -0.997634 0.0679965 0 -0.0124012 -0.0681083 -0.997601 0 -0.229548 -0.332374 0.493731 1 
0.999871 0.00831086 -0.0129978 0 0.00917621 -0.997634 0.067999 0 -0.0124021 -0.0681108 -0.997601 0 -0.22955 -0.332373 0.493731 1 
0.999872 0.00829919 -0.0129941 0 0.00916431 -0.997634 0.0679979 0 -0.0123993 -0.0681095 -0.997601 0 -0.229554 -0.33237 0.49373 1 
0.999872 0.00828106 -0.0129961 0 0.00914644 -0.997633 0.0680048 0 -0.0124025 -0.0681163 -0.9976 0 -0.229562 -0.332365 0.493732 1 
0.999872 0.00827413 -0.013001 0 0.00914001 -0.997633 0.0680172 0 -0.0124077 -0.0681286 -0.997599 0 -0.229565 -0.332365 0.493736 1 
0.999871 0.00828845 -0.0130023 0 0.00915433 -0.997633 0.0680129 0 -0.012408 -0.0681245 -0.9976 0 -0.22956 -0.33237 0.493736 1 
0.999872 0.00828049 -0.0130053 0 0.00914667 -0.997632 0.0680196 0 -0.0124115 -0.0681311 -0.997599 0 -0.229563 -0.332368 0.493738 1 
0.999871 0.00828508 -0.0130107 0 0.00915171 -0.997632 0.0680269 0 -0.0124165 -0.0681385 -0.997599 0 -0.229562 -0.33237 0.493742 1 
0.999871 0.00829087 -0.0130151 0 0.00915782 -0.997632 0.0680295 0 -0.0124205 -0.0681413 -0.997598 0 -0.229561 -0.332372 0.493743 1 
0.999871 0.00829427 -0.0130168 0 0.00916131 -0.997632 0.0680275 0 -0.012422 -0.0681393 -0.997598 0 -0.229559 -0.332373 0.493742 1 
0.999871 0.00827376 -0.0130199 0 0.00914122 -0.997631 0.0680404 0 -0.0124264 -0.068152 -0.997598 0 -0.229568 -0.332369 0.493749 1 
0.999872 0.00824734 -0.0130179 0 0.00911475 -0.997631 0.068043 0 -0.0124261 -0.0681542 -0.997597 0 -0.229579 -0.332363 0.493748 1 
0.999872 0.00824082 -0.0130162 0 0.00910818 -0.997631 0.0680472 0 -0.0124249 -0.0681584 -0.997597 0 -0.229579 -0.332362 0.493749 1 
0.999871 0.00826726 -0.0130212 0 0.00913488 -0.997631 0.0680453 0 -0.012428 -0.0681568 -0.997597 0 -0.229569 -0.332369 0.493751 1 
0.999871 0.00826636 -0.0130155 0 0.00913353 -0.997631 0.0680399 0 -0.0124225 -0.0681513 -0.997598 0 -0.22957 -0.332368 0.493746 1 
0.999872 0.00825952 -0.0129994 0 0.00912537 -0.997632 0.0680213 0 -0.0124071 -0.0681325 -0.997599 0 -0.229571 -0.332366 0.493737 1 
0.999872 0.00827196 -0.0130022 0 0.00913785 -0.997633 0.0680113 0 -0.0124091 -0.0681227 -0.9976 0 -0.22957 -0.332368 0.493734 1 
0.999872 0.00825913 -0.0129979 0 0.00912477 -0.997633 0.0680128 0 -0.0124056 -0.068124 -0.9976 0 -0.229572 -0.332366 0.493733 1 
0.999872 0.00824294 -0.0129826 0 0.00910749 -0.997634 0.0680056 0 -0.0123916 -0.0681165 -0.9976 0 -0.229579 -0.33236 0.493727 1 
0.999872 0.00828725 -0.0129789 0 0.0091511 -0.997635 0.0679776 0 -0.0123851 -0.068089 -0.997602 0 -0.229559 -0.332369 0.493717 1 
0.999871 0.00833866 -0.0129893 0 0.00920297 -0.997635 0.0679675 0 -0.012392 -0.0680796 -0.997603 0 -0.229542 -0.332381 0.493716 1 
0.999872 0.00830301 -0.0129798 0 0.00916676 -0.997636 0.0679678 0 -0.012385 -0.0680794 -0.997603 0 -0.229553 -0.332371 0.493715 1 
0.999872 0.00826743 -0.0129576 0 0.00912952 -0.997637 0.0679491 0 -0.0123655 -0.06806 -0.997605 0 -0.229571 -0.332363 0.493702 1 
0.999872 0.00827844 -0.0129349 0 0.00913849 -0.99764 0.0679108 0 -0.0123424 -0.0680216 -0.997607 0 -0.229568 -0.33237 0.493683 1 
0.999872 0.00830852 -0.0129346 0 0.00916833 -0.99764 0.0678986 0 -0.0123402 -0.0680098 -0.997608 0 -0.229557 -0.332377 0.493679 1 
0.999872 0.00832049 -0.012918 0 0.00917886 -0.997642 0.0678758 0 -0.0123231 -0.067987 -0.99761 0 -0.229552 -0.332374 0.49367 1 
0.999872 0.00836931 -0.0128973 0 0.00922552 -0.997645 0.0678231 0 -0.0122996 -0.0679347 -0.997614 0 -0.229533 -0.332388 0.493646 1 
0.999872 0.00837123 -0.0128923 0 0.00922695 -0.997646 0.0678116 0 -0.0122945 -0.0679232 -0.997615 0 -0.22953 -0.332392 0.49364 1 
0.999873 0.00836205 -0.012867 0 0.00921572 -0.997648 0.0677829 0 -0.0122702 -0.0678941 -0.997617 0 -0.22953 -0.332384 0.493623 1 
0.999873 0.00835659 -0.0128562 0 0.00920938 -0.997649 0.0677699 0 -0.0122599 -0.0678809 -0.997618 0 -0.229533 -0.332387 0.493616 1 
0.999871 0.00833985 -0.0129907 0 0.00920261 -0.997645 0.0678342 0 -0.0123946 -0.0679464 -0.997612 0 -0.229571 -0.332393 0.493631 1 
0.999861 0.0083706 -0.0137034 0 0.00928882 -0.997607 0.0683745 0 -0.0130985 -0.0684937 -0.997566 0 -0.229697 -0.332527 0.493702 1 
0.999847 0.00851649 -0.0146541 0 0.00951187 -0.997544 0.0692523 0 -0.0140286 -0.0693824 -0.997491 0 -0.229828 -0.332766 0.49382 1 
0.99983 0.00861451 -0.0156836 0 0.00969681 -0.99747 0.0702933 0 -0.0150387 -0.0704348 -0.997403 0 -0.229987 -0.333021 0.493964 1 
0.999819 0.00868573 -0.0163377 0 0.00982436 -0.997421 0.0709555 0 -0.0156796 -0.0711045 -0.997346 0 -0.230085 -0.333194 0.49404 1 
0.999816 0.00911475 -0.0162964 0 0.010247 -0.997428 0.0707987 0 -0.0156095 -0.070954 -0.997357 0 -0.229949 -0.333318 0.493965 1 
0.999812 0.0097154 -0.0162069 0 0.0108356 -0.997441 0.0705252 0 -0.0154805 -0.0706889 -0.997378 0 -0.229767 -0.333505 0.49385 1 
0.999811 0.0100135 -0.0160653 0 0.0111161 -0.99747 0.0700818 0 -0.0153232 -0.0702485 -0.997412 0 -0.22956 -0.333725 0.493677 1 
0.999812 0.0102828 -0.0158109 0 0.0113573 -0.997512 0.0694403 0 -0.0150578 -0.0696082 -0.997461 0 -0.22931 -0.334008 0.493409 1 
0.999815 0.0105945 -0.0154324 0 0.0116291 -0.997569 0.0685708 0 -0.0146686 -0.0687389 -0.997527 0 -0.229005 -0.334354 0.493033 1 
0.99982 0.0108676 -0.0149193 0 0.0118499 -0.997645 0.0674123 0 -0.0141518 -0.0675783 -0.997614 0 -0.228632 -0.33477 0.492525 1 
0.999824 0.0115105 -0.0141439 0 0.0124198 -0.997734 0.0659736 0 -0.0133528 -0.0661389 -0.997721 0 -0.228119 -0.335284 0.491842 1 
0.999827 0.0123472 -0.0132137 0 0.0131723 -0.997835 0.0642906 0 -0.0123915 -0.0644548 -0.997844 0 -0.227516 -0.335879 0.491026 1 
0.999834 0.0128383 -0.0121927 0 0.0135745 -0.997952 0.0623518 0 -0.0113675 -0.0625081 -0.99798 0 -0.226924 -0.336527 0.490112 1 
0.99983 0.0142185 -0.0108831 0 0.0148476 -0.998073 0.0600901 0 -0.0100079 -0.0602426 -0.998134 0 -0.226187 -0.337276 0.489013 1 
0.999809 0.0164664 -0.00953502 0 0.0169903 -0.998177 0.0577482 0 -0.0085669 -0.0579003 -0.998286 0 -0.225374 -0.338103 0.487865 1 
0.999784 0.0186067 -0.00810033 0 0.0190273 -0.998275 0.0553718 0 -0.0070562 -0.055515 -0.998433 0 -0.224464 -0.339067 0.486668 1 
0.999766 0.0201545 -0.0065106 0 0.0204717 -0.998375 0.0530048 0 -0.00543183 -0.0531267 -0.998573 0 -0.223435 -0.340168 0.485422 1 
0.999749 0.0213965 -0.00499076 0 0.021622 -0.998474 0.0506251 0 -0.00390002 -0.0507213 -0.998705 0 -0.222356 -0.341326 0.484202 1 
0.999735 0.0222885 -0.00366829 0 0.0224397 -0.998572 0.0482921 0 -0.00258674 -0.0483626 -0.998826 0 -0.221218 -0.342655 0.482987 1 
0.999718 0.0232051 -0.0024287 0 0.0232923 -0.998662 0.0459589 0 -0.00135899 -0.0460034 -0.99894 0 -0.220029 -0.344104 0.481771 1 
0.99971 0.0236284 -0.00124631 0 0.0236602 -0.99876 0.0435841 0 -0.000214945 -0.0436018 -0.999049 0 -0.218806 -0.345651 0.480496 1 
0.999732 0.0227377 -4.29883e-05 0 0.0227202 -0.998882 0.0412124 0 0.000894152 -0.0412031 -0.99915 0 -0.217548 -0.347323 0.479127 1 
0.999767 0.0211038 0.00141596 0 0.0210343 -0.999038 0.0382153 0 0.00222113 -0.0381773 -0.999269 0 -0.216228 -0.349091 0.477523 1 
0.999774 0.0206574 0.00257622 0 0.0205554 -0.999175 0.0347596 0 0.0032922 -0.0346994 -0.999392 0 -0.2149 -0.350876 0.475816 1 
0.999757 0.0213486 0.00318658 0 0.0212382 -0.999272 0.0313916 0 0.0038545 -0.0313169 -0.999502 0 -0.213692 -0.35264 0.474142 1 
0.999756 0.0214166 0.00312636 0 0.0213175 -0.999346 0.0288806 0 0.00374291 -0.0288074 -0.999578 0 -0.212537 -0.35468 0.472522 1 
0.999754 0.0216519 0.00215661 0 0.0215845 -0.999379 0.0275135 0 0.00275104 -0.0274608 -0.999619 0 -0.211487 -0.357008 0.470995 1 
0.999745 0.0221465 0.000176973 0 0.0221333 -0.999366 0.0275478 0 0.000786963 -0.0275374 -0.99962 0 -0.21054 -0.359876 0.469399 1 
0.999755 0.0215657 -0.00226657 0 0.0216219 -0.999344 0.0287069 0 -0.00164603 -0.0287494 -0.999585 0 -0.209845 -0.363081 0.467697 1 
0.99976 0.0208338 -0.00520532 0 0.0209859 -0.999286 0.031111 0 -0.00455353 -0.0312133 -0.999502 0 -0.209241 -0.366579 0.466077 1 
0.999729 0.02111 -0.0088108 0 0.021407 -0.999145 0.0350932 0 -0.0080626 -0.035273 -0.999345 0 -0.208608 -0.370413 0.464689 1 
0.999684 0.0213087 -0.0125575 0 0.0218031 -0.998926 0.0406469 0 -0.0116781 -0.0409086 -0.999095 0 -0.207895 -0.374609 0.463429 1 
0.99964 0.0210771 -0.0160377 0 0.0218049 -0.998664 0.0466432 0 -0.0150334 -0.046977 -0.998783 0 -0.207216 -0.379009 0.461969 1 
0.999587 0.0208615 -0.0192542 0 0.021844 -0.998382 0.052312 0 -0.0181321 -0.052712 -0.998445 0 -0.206655 -0.383308 0.460407 1 
0.999541 0.0195653 -0.0226926 0 0.0208662 -0.998055 0.0585824 0 -0.0215027 -0.0590302 -0.998025 0 -0.206024 -0.387865 0.458845 1 
0.999504 0.0171653 -0.0260441 0 0.0188276 -0.997699 0.0649863 0 -0.0248691 -0.0654456 -0.997546 0 -0.205305 -0.392391 0.457346 1 
0.999467 0.0141151 -0.0291084 0 0.0161439 -0.997358 0.0706866 0 -0.0280343 -0.0711202 -0.997074 0 -0.204738 -0.396895 0.455515 1 
0.999433 0.00989163 -0.0318948 0 0.0122806 -0.997053 0.0755971 0 -0.0310536 -0.0759474 -0.996628 0 -0.204284 -0.401502 0.453175 1 
0.999387 0.00459214 -0.0344373 0 0.00732403 -0.996788 0.0796271 0 -0.0339617 -0.079832 -0.99623 0 -0.203741 -0.405937 0.450755 1 
0.999334 -0.000519468 -0.0362171 0 0.002446 -0.996637 0.0817873 0 -0.0361385 -0.081823 -0.995991 0 -0.203211 -0.409617 0.448308 1 
0.999264 -0.0055733 -0.0376922 0 -0.00246549 -0.99662 0.0820006 0 -0.0380225 -0.0818489 -0.995919 0 -0.202761 -0.413277 0.445154 1 
0.999144 -0.0111681 -0.039595 0 -0.00790938 -0.99663 0.0815225 0 -0.0403728 -0.0811411 -0.995885 0 -0.202446 -0.416589 0.442096 1 
0.998983 -0.0170401 -0.041525 0 -0.0136967 -0.99673 0.079508 0 -0.0427448 -0.0788598 -0.995969 0 -0.202292 -0.419466 0.438872 1 
0.998781 -0.0222213 -0.0438546 0 -0.0188587 -0.996946 0.0756535 0 -0.0454027 -0.0747357 -0.996169 0 -0.202316 -0.42236 0.434935 1 
0.998539 -0.0272209 -0.0464761 0 -0.0238516 -0.997141 0.0715693 0 -0.0482924 -0.0703575 -0.996352 0 -0.202327 -0.425005 0.431233 1 
0.99829 -0.0311942 -0.0492507 0 -0.0278648 -0.997361 0.0668966 0 -0.0512085 -0.0654111 -0.996544 0 -0.202469 -0.427756 0.427072 1 
0.998021 -0.0346924 -0.0522583 0 -0.0313933 -0.99753 0.062679 0 -0.0543048 -0.0609156 -0.996665 0 -0.202681 -0.430555 0.422914 1 
0.997783 -0.0377546 -0.054638 0 -0.0345205 -0.997653 0.058971 0 -0.0567373 -0.0569552 -0.996763 0 -0.202814 -0.433393 0.418864 1 
0.997566 -0.0416802 -0.0557356 0 -0.0385838 -0.997702 0.0555211 0 -0.0579228 -0.0532364 -0.996901 0 -0.20296 -0.43647 0.414385 1 
0.997363 -0.0453714 -0.0564752 0 -0.0423402 -0.997646 0.0537589 0 -0.0587825 -0.051227 -0.996956 0 -0.203078 -0.439446 0.410605 1 
0.997122 -0.0501759 -0.0566695 0 -0.0472229 -0.997505 0.0522989 0 -0.0591533 -0.0494732 -0.997022 0 -0.20337 -0.443205 0.40568 1 
0.996895 -0.0541295 -0.0570209 0 -0.0511418 -0.997295 0.0526136 0 -0.0597158 -0.049535 -0.996986 0 -0.203762 -0.446652 0.401601 1 
0.99674 -0.0570491 -0.0568856 0 -0.0540792 -0.997149 0.0524486 0 -0.0597167 -0.0492022 -0.997002 0 -0.20428 -0.450215 0.396935 1 
0.996565 -0.059932 -0.0569919 0 -0.0568935 -0.996935 0.0535205 0 -0.060026 -0.0500952 -0.996939 0 -0.204978 -0.453731 0.392661 1 
0.996432 -0.0621011 -0.0569873 0 -0.0590038 -0.996759 0.0545132 0 -0.0601891 -0.0509572 -0.996885 0 -0.205855 -0.457347 0.387832 1 
0.996319 -0.063715 -0.0571825 0 -0.0605122 -0.99658 0.0560951 0 -0.0605623 -0.0524294 -0.996787 0 -0.206908 -0.460813 0.383279 1 
0.996236 -0.0650655 -0.0571055 0 -0.0618185 -0.996455 0.0568939 0 -0.060606 -0.0531506 -0.996746 0 -0.208119 -0.464266 0.378272 1 
0.996128 -0.0664409 -0.0573968 0 -0.0630667 -0.99627 0.0587236 0 -0.0610856 -0.0548774 -0.996623 0 -0.209525 -0.467674 0.373598 1 
0.996084 -0.0671772 -0.0573116 0 -0.0637735 -0.996192 0.0592835 0 -0.061077 -0.0553974 -0.996595 0 -0.210859 -0.470881 0.368704 1 
0.996007 -0.0681378 -0.0575231 0 -0.0646326 -0.996049 0.0607419 0 -0.0614358 -0.0567825 -0.996495 0 -0.212402 -0.474231 0.364141 1 
0.995954 -0.0687842 -0.0576564 0 -0.0652062 -0.995947 0.0617972 0 -0.0616745 -0.0577888 -0.996422 0 -0.214016 -0.477715 0.359126 1 
0.99589 -0.0693065 -0.0581487 0 -0.0656006 -0.995821 0.0633875 0 -0.0623001 -0.0593135 -0.996293 0 -0.215808 -0.481064 0.35477 1 
0.995871 -0.0695086 -0.0582328 0 -0.0657928 -0.995803 0.0634663 0 -0.0624011 -0.0593741 -0.996284 0 -0.217621 -0.48444 0.349978 1 
0.995797 -0.0701068 -0.0587759 0 -0.0662833 -0.995694 0.0646563 0 -0.0630569 -0.0604898 -0.996175 0 -0.219674 -0.487804 0.345917 1 
0.995764 -0.0704728 -0.0588868 0 -0.0666929 -0.995718 0.0638622 0 -0.0631364 -0.0596655 -0.99622 0 -0.221629 -0.490871 0.341483 1 
0.995698 -0.0707998 -0.0596073 0 -0.0670462 -0.995763 0.0627779 0 -0.0638006 -0.0585125 -0.996246 0 -0.223883 -0.493936 0.337366 1 
0.995633 -0.0706557 -0.0608579 0 -0.0669757 -0.995908 0.0605239 0 -0.0648864 -0.0561847 -0.99631 0 -0.226286 -0.496914 0.333371 1 
0.995604 -0.0702793 -0.0617579 0 -0.0668359 -0.996173 0.0561592 0 -0.0654696 -0.0517856 -0.99651 0 -0.228583 -0.49944 0.329302 1 
0.995577 -0.0700683 -0.0624303 0 -0.06693 -0.996443 0.0510185 0 -0.0657843 -0.0466153 -0.996744 0 -0.230977 -0.501871 0.325464 1 
0.995597 -0.07015 -0.062011 0 -0.0674508 -0.996716 0.0446001 0 -0.0649373 -0.0402218 -0.997078 0 -0.233298 -0.504325 0.321203 1 
0.995599 -0.0707186 -0.0613347 0 -0.0683729 -0.996866 0.039537 0 -0.0639397 -0.03517 -0.997334 0 -0.235561 -0.506891 0.317534 1 
0.995619 -0.0713525 -0.0602752 0 -0.0693493 -0.996979 0.0346987 0 -0.0625702 -0.0303672 -0.997578 0 -0.237768 -0.50972 0.313767 1 
0.995642 -0.0718788 -0.0592541 0 -0.0701984 -0.997073 0.0299704 0 -0.0612361 -0.0256807 -0.997793 0 -0.239974 -0.512672 0.309946 1 
0.995644 -0.0721089 -0.0589462 0 -0.0706612 -0.997144 0.0262884 0 -0.0606746 -0.0220091 -0.997915 0 -0.2422 -0.51575 0.306714 1 
0.995669 -0.071616 -0.0591127 0 -0.0704417 -0.99727 0.021718 0 -0.0605078 -0.0174603 -0.998015 0 -0.244661 -0.519322 0.302819 1 
0.99568 -0.0706584 -0.0600747 0 -0.0697084 -0.9974 0.0177667 0 -0.061175 -0.0135025 -0.998036 0 -0.246995 -0.522624 0.299429 1 
0.995663 -0.0690701 -0.0621757 0 -0.0682944 -0.99755 0.0145187 0 -0.0630274 -0.0102096 -0.99796 0 -0.249472 -0.526038 0.296538 1 
0.995674 -0.0667492 -0.0644892 0 -0.0662235 -0.997742 0.0102576 0 -0.0650296 -0.00594266 -0.997866 0 -0.251773 -0.529285 0.293114 1 
0.995628 -0.0641062 -0.0677921 0 -0.0638028 -0.997931 0.00663311 0 -0.0680784 -0.00227882 -0.997677 0 -0.254295 -0.532684 0.290105 1 
0.995552 -0.0607527 -0.0718766 0 -0.0607155 -0.998142 0.00270399 0 -0.0719087 0.00167209 -0.99741 0 -0.256948 -0.536272 0.286919 1 
0.995488 -0.0571397 -0.0756228 0 -0.0574564 -0.998336 -0.00201755 0 -0.0753831 0.00635358 -0.997134 0 -0.259349 -0.539559 0.283283 1 
0.995389 -0.053857 -0.0792466 0 -0.054458 -0.998492 -0.00544062 0 -0.0788355 0.00973133 -0.99684 0 -0.261634 -0.542944 0.280273 1 
0.995343 -0.0509683 -0.0816964 0 -0.0519087 -0.998598 -0.00942703 0 -0.081103 0.0136241 -0.996613 0 -0.263668 -0.546252 0.27665 1 
0.995314 -0.0487176 -0.083411 0 -0.0499459 -0.998662 -0.0127025 0 -0.0826821 0.0168093 -0.996434 0 -0.265464 -0.549395 0.273302 1 
0.995324 -0.047064 -0.0842329 0 -0.0485571 -0.998686 -0.0157656 0 -0.0833819 0.0197823 -0.996321 0 -0.267201 -0.552735 0.269688 1 
0.995411 -0.0460875 -0.0837463 0 -0.0477928 -0.998677 -0.0184729 0 -0.0827857 0.022391 -0.996316 0 -0.268581 -0.556056 0.265746 1 
0.995459 -0.0456369 -0.0834221 0 -0.0473941 -0.998682 -0.0192051 0 -0.0824373 0.0230721 -0.996329 0 -0.26989 -0.559311 0.262616 1 
0.995513 -0.04497 -0.0831385 0 -0.0467479 -0.998706 -0.0195623 0 -0.0821528 0.0233616 -0.996346 0 -0.271271 -0.562904 0.258859 1 
0.995533 -0.0439534 -0.0834416 0 -0.0456337 -0.99878 -0.0183371 0 -0.0825354 0.0220633 -0.996344 0 -0.272655 -0.566628 0.255404 1 
0.995519 -0.0427673 -0.0842208 0 -0.0442505 -0.998886 -0.0158224 0 -0.0834518 0.0194787 -0.996321 0 -0.274158 -0.570354 0.252167 1 
0.995526 -0.0406571 -0.0851762 0 -0.0419207 -0.999025 -0.0130983 0 -0.0845623 0.0166107 -0.99628 0 -0.275603 -0.574265 0.248597 1 
0.995473 -0.0390175 -0.0865592 0 -0.0399323 -0.999153 -0.00886083 0 -0.0861419 0.0122775 -0.996207 0 -0.27717 -0.578289 0.245371 1 
0.995416 -0.0375551 -0.0878528 0 -0.0381283 -0.999251 -0.00485511 0 -0.0876064 0.00818268 -0.996122 0 -0.278728 -0.582269 0.241624 1 
0.995323 -0.0361497 -0.0894783 0 -0.0362801 -0.999332 0.000169629 0 -0.0894264 0.00307751 -0.995989 0 -0.280272 -0.586194 0.238366 1 
0.99524 -0.0351115 -0.0908023 0 -0.0348237 -0.999373 0.00475276 0 -0.0909139 -0.00156809 -0.995858 0 -0.281802 -0.590018 0.234215 1 
0.995129 -0.0342107 -0.0923489 0 -0.0334464 -0.999383 0.00981197 0 -0.0926294 -0.00667557 -0.995678 0 -0.283234 -0.59373 0.230672 1 
0.995074 -0.033641 -0.0931485 0 -0.0325655 -0.999375 0.0130418 0 -0.0935308 -0.0099443 -0.995567 0 -0.284502 -0.596899 0.226281 1 
0.994978 -0.0331991 -0.0943222 0 -0.0317099 -0.999339 0.0172431 0 -0.0948341 -0.0141658 -0.995392 0 -0.285748 -0.600246 0.222475 1 
0.994932 -0.0326924 -0.0949832 0 -0.0309054 -0.999308 0.0202251 0 -0.0955805 -0.0171874 -0.995273 0 -0.286915 -0.603295 0.217628 1 
0.994904 -0.0321352 -0.0954655 0 -0.0301125 -0.999282 0.0225534 0 -0.0961236 -0.0195641 -0.995177 0 -0.287823 -0.605932 0.213446 1 
0.994939 -0.0314957 -0.0953175 0 -0.0294069 -0.999288 0.0232393 0 -0.0959834 -0.0203191 -0.995176 0 -0.288662 -0.608372 0.208322 1 
0.994945 -0.0308574 -0.0954589 0 -0.028636 -0.999279 0.0245535 0 -0.0961495 -0.0216963 -0.99513 0 -0.289452 -0.610863 0.203962 1 
0.995037 -0.0301176 -0.094732 0 -0.0280079 -0.999321 0.0235222 0 -0.0953779 -0.0207526 -0.995225 0 -0.29001 -0.612792 0.198943 1 
0.995101 -0.0293235 -0.0943077 0 -0.0272583 -0.999352 0.0231122 0 -0.0949261 -0.0204287 -0.995275 0 -0.29055 -0.614945 0.194526 1 
0.995185 -0.0284324 -0.0937011 0 -0.026452 -0.999391 0.0223097 0 -0.0942802 -0.0197241 -0.99535 0 -0.291049 -0.617068 0.189604 1 
0.99522 -0.0276279 -0.0935708 0 -0.0256186 -0.999406 0.0226082 0 -0.0941417 -0.0201033 -0.995356 0 -0.291529 -0.619248 0.185691 1 
0.995301 -0.0267105 -0.0929698 0 -0.0247919 -0.999447 0.0217305 0 -0.0935006 -0.0193239 -0.995432 0 -0.291966 -0.621341 0.180874 1 
0.995352 -0.0258115 -0.0926762 0 -0.0239254 -0.999475 0.0214057 0 -0.0931819 -0.0190893 -0.995466 0 -0.292366 -0.623598 0.177071 1 
0.995473 -0.0248444 -0.0916373 0 -0.0231915 -0.99954 0.0190589 0 -0.0920704 -0.0168478 -0.99561 0 -0.292591 -0.625364 0.172603 1 
0.99555 -0.0239135 -0.0910396 0 -0.0223955 -0.999584 0.0176598 0 -0.0914257 -0.0155426 -0.995691 0 -0.29287 -0.627472 0.169017 1 
0.995672 -0.0228736 -0.0899744 0 -0.0215966 -0.999642 0.0151415 0 -0.0902903 -0.0131331 -0.995829 0 -0.29304 -0.629374 0.164569 1 
0.995741 -0.021857 -0.0894599 0 -0.0206942 -0.99968 0.0139047 0 -0.0897369 -0.0119944 -0.995893 0 -0.293226 -0.631381 0.161176 1 
0.995833 -0.0208679 -0.0886673 0 -0.019879 -0.99972 0.0120216 0 -0.0888951 -0.0102091 -0.995989 0 -0.293456 -0.633378 0.157061 1 
0.995893 -0.019831 -0.0882304 0 -0.0189375 -0.999751 0.0109525 0 -0.0884273 -0.00923688 -0.99604 0 -0.293751 -0.635702 0.153281 1 
0.995968 -0.0189023 -0.0875812 0 -0.0181476 -0.999781 0.0094061 0 -0.0877415 -0.00777894 -0.996113 0 -0.294068 -0.637822 0.149147 1 
0.996007 -0.0181342 -0.087307 0 -0.0174363 -0.9998 0.00874988 0 -0.0874499 -0.00719277 -0.996143 0 -0.294421 -0.639955 0.145797 1 
0.996061 -0.0175383 -0.0868076 0 -0.0169462 -0.999818 0.00755282 0 -0.0869259 -0.00605212 -0.996196 0 -0.294799 -0.641894 0.142025 1 
0.996095 -0.0168949 -0.0865397 0 -0.0163583 -0.999833 0.00690679 0 -0.0866436 -0.00546429 -0.996224 0 -0.295255 -0.64409 0.138391 1 
0.996134 -0.016509 -0.0861696 0 -0.0160489 -0.999843 0.00602988 0 -0.0862573 -0.00462373 -0.996262 0 -0.295716 -0.645912 0.134887 1 
0.996169 -0.0161226 -0.0858321 0 -0.0157313 -0.999853 0.00523285 0 -0.0859055 -0.00386263 -0.996296 0 -0.296148 -0.647705 0.131446 1 
0.996189 -0.0158033 -0.0856699 0 -0.0154414 -0.999859 0.00488506 0 -0.0857367 -0.00354365 -0.996312 0 -0.29657 -0.649515 0.128396 1 
0.996239 -0.0153494 -0.0851594 0 -0.0150886 -0.99987 0.00370525 0 -0.0852068 -0.00240642 -0.99636 0 -0.296818 -0.65109 0.12478 1 
0.996247 -0.0148514 -0.0851539 0 -0.0145861 -0.999877 0.00373685 0 -0.0852006 -0.00248082 -0.996361 0 -0.297068 -0.652924 0.122095 1 
0.996289 -0.0142687 -0.0847637 0 -0.0140768 -0.999887 0.00286155 0 -0.0847966 -0.00165776 -0.996397 0 -0.29714 -0.654475 0.118823 1 
0.996318 -0.0135943 -0.0845338 0 -0.0134439 -0.999897 0.00234851 0 -0.0845587 -0.00120342 -0.996418 0 -0.297134 -0.656007 0.115992 1 
0.996327 -0.0129249 -0.0845354 0 -0.0127632 -0.999906 0.00245351 0 -0.0845607 -0.00136558 -0.996417 0 -0.297114 -0.657791 0.113444 1 
0.996372 -0.0124577 -0.084073 0 -0.0123748 -0.999913 0.00150732 0 -0.084086 -0.000461478 -0.996458 0 -0.296877 -0.65922 0.110244 1 
0.996386 -0.0121621 -0.0839469 0 -0.0120962 -0.999916 0.00129319 0 -0.0839572 -0.000273087 -0.996469 0 -0.296639 -0.660646 0.107869 1 
0.996389 -0.0115278 -0.084 0 -0.0114461 -0.999924 0.00145467 0 -0.084012 -0.000487959 -0.996465 0 -0.296406 -0.662187 0.105756 1 
0.996433 -0.0104254 -0.0836321 0 -0.0104122 -0.999936 0.000593918 0 -0.0836345 0.000278997 -0.996496 0 -0.295993 -0.663386 0.103065 1 
0.996473 -0.00914359 -0.0833027 0 -0.00919059 -0.999948 -0.000180737 0 -0.0832983 0.000945719 -0.996524 0 -0.295468 -0.66456 0.100566 1 
0.996488 -0.00793756 -0.0832434 0 -0.00798877 -0.999958 -0.000282145 0 -0.0832393 0.000946186 -0.996529 0 -0.294971 -0.665868 0.0986133 1 
0.996512 -0.00672829 -0.0830676 0 -0.00680512 -0.999967 -0.000641835 0 -0.0830621 0.0012049 -0.996544 0 -0.294409 -0.667063 0.0965355 1 
0.99656 -0.00557551 -0.0825695 0 -0.00574192 -0.999972 -0.00177803 0 -0.0825589 0.00224606 -0.996584 0 -0.293706 -0.667967 0.0940311 1 
0.996602 -0.00469749 -0.0821197 0 -0.00493828 -0.999974 -0.00272924 0 -0.0821063 0.00312555 -0.996619 0 -0.292963 -0.66884 0.0917729 1 
0.996627 -0.00428665 -0.0818311 0 -0.00456102 -0.999975 -0.00316615 0 -0.081817 0.00352877 -0.996641 0 -0.292241 -0.669832 0.0898601 1 
0.99665 -0.00397207 -0.0815646 0 -0.00428829 -0.999974 -0.00370205 0 -0.0815494 0.0040395 -0.996661 0 -0.291541 -0.670727 0.0879727 1 
0.996697 -0.00376441 -0.0809998 0 -0.00417676 -0.99997 -0.00492189 0 -0.0809803 0.00524405 -0.996702 0 -0.290785 -0.671417 0.0855574 1 
0.996758 -0.00408029 -0.0802327 0 -0.0046158 -0.999959 -0.0064901 0 -0.0802044 0.00683953 -0.996755 0 -0.28998 -0.671929 0.0829378 1 
0.996806 -0.00457229 -0.0796032 0 -0.00520693 -0.999947 -0.00776668 0 -0.079565 0.00815653 -0.996796 0 -0.289264 -0.672417 0.0806603 1 
0.996856 -0.00527653 -0.0789334 0 -0.00599881 -0.999933 -0.0089161 0 -0.0788826 0.00936175 -0.99684 0 -0.288572 -0.672942 0.0783863 1 
0.996921 -0.00610884 -0.0780458 0 -0.0069433 -0.999912 -0.0104249 0 -0.0779767 0.0109349 -0.996895 0 -0.287917 -0.673307 0.0758475 1 
0.99701 -0.00638673 -0.0768779 0 -0.00738636 -0.999882 -0.0127253 0 -0.076789 0.0132554 -0.996959 0 -0.287234 -0.67335 0.0729136 1 
0.997105 -0.0062205 -0.0756552 0 -0.00739311 -0.999847 -0.015229 0 -0.0755504 0.0157446 -0.997018 0 -0.286534 -0.673272 0.0699769 1 
0.997188 -0.00586523 -0.0745805 0 -0.00718326 -0.999813 -0.0174164 0 -0.0744659 0.0179035 -0.997063 0 -0.285927 -0.673203 0.0674042 1 
0.997271 -0.00571681 -0.0734733 0 -0.00717064 -0.999774 -0.0195385 0 -0.0733464 0.0200124 -0.997106 0 -0.285378 -0.673102 0.0648776 1 
0.997364 -0.0056988 -0.0722096 0 -0.00730433 -0.999722 -0.0219895 0 -0.0720656 0.0224594 -0.997147 0 -0.284795 -0.672843 0.0621896 1 
0.997461 -0.00561976 -0.0708636 0 -0.00738947 -0.999657 -0.0247358 0 -0.0707016 0.0251971 -0.997179 0 -0.284133 -0.672439 0.0594175 1 
0.997543 -0.00570496 -0.0696871 0 -0.00758527 -0.999604 -0.0267472 0 -0.0695083 0.0272106 -0.99721 0 -0.283425 -0.672154 0.0569216 1 
0.997612 -0.00600518 -0.0686646 0 -0.0079639 -0.999558 -0.0282876 0 -0.0684657 0.0287674 -0.997239 0 -0.282628 -0.67198 0.0546845 1 
0.997672 -0.00627323 -0.0677638 0 -0.0082994 -0.999516 -0.0296602 0 -0.0675463 0.0301541 -0.99726 0 -0.28177 -0.671904 0.0528806 1 
0.997732 -0.00643456 -0.0668555 0 -0.00852473 -0.999473 -0.0310257 0 -0.0666219 0.0315259 -0.99728 0 -0.280792 -0.671901 0.0513438 1 
0.99779 -0.00645012 -0.0659843 0 -0.00859029 -0.999435 -0.0322021 0 -0.0657405 0.0326984 -0.997301 0 -0.279774 -0.671954 0.0500648 1 
0.997847 -0.00574208 -0.065179 0 -0.00793707 -0.999399 -0.0334672 0 -0.0649489 0.0339132 -0.997312 0 -0.278617 -0.671993 0.0489015 1 
0.997896 -0.00441662 -0.0645281 0 -0.00666031 -0.99937 -0.0345968 0 -0.0643359 0.0349545 -0.997316 0 -0.277407 -0.672088 0.0479688 1 
0.99794 -0.00300995 -0.0639397 0 -0.00528562 -0.999348 -0.0354513 0 -0.0637925 0.0357169 -0.997324 0 -0.276132 -0.672296 0.0472265 1 
0.997972 -0.00155352 -0.0634811 0 -0.00385352 -0.99933 -0.0361247 0 -0.0633836 0.0362968 -0.997329 0 -0.274824 -0.672572 0.0466551 1 
0.997989 3.45448e-05 -0.0632285 0 -0.00228649 -0.999316 -0.0366356 0 -0.0631878 0.0367072 -0.997326 0 -0.273577 -0.672882 0.0462828 1 
0.997996 0.00160302 -0.0630993 0 -0.000733582 -0.999306 -0.0369895 0 -0.063116 0.0369624 -0.997321 0 -0.272454 -0.673186 0.0460879 1 
0.998 0.00321261 -0.0629873 0 0.000862401 -0.999294 -0.0373038 0 -0.0630639 0.0371756 -0.997317 0 -0.27134 -0.673488 0.0459514 1 
0.997999 0.00469068 -0.0628962 0 0.00233299 -0.999284 -0.0375063 0 -0.0630283 0.0372852 -0.997315 0 -0.270314 -0.673801 0.0458664 1 
0.997997 0.00602945 -0.0628272 0 0.00366294 -0.999272 -0.0377139 0 -0.0630101 0.0374089 -0.997312 0 -0.269392 -0.674075 0.0457764 1 
0.997997 0.00734013 -0.0626846 0 0.00495681 -0.999252 -0.0380917 0 -0.0629186 0.0377054 -0.997306 0 -0.268466 -0.674269 0.0456109 1 
0.998001 0.00849333 -0.0624773 0 0.00608457 -0.999225 -0.0386435 0 -0.0627583 0.0381868 -0.997298 0 -0.267623 -0.674341 0.0453694 1 
0.998009 0.0094528 -0.0622101 0 0.00701515 -0.999194 -0.0392862 0 -0.0625325 0.0387723 -0.99729 0 -0.266897 -0.674318 0.0450814 1 
0.998023 0.0103829 -0.0618383 0 0.00790224 -0.99915 -0.0402257 0 -0.0622045 0.0396582 -0.997275 0 -0.266156 -0.674166 0.0446567 1 
0.998041 0.0113006 -0.0613784 0 0.00876617 -0.999094 -0.0414043 0 -0.0617919 0.0407859 -0.997255 0 -0.265401 -0.673905 0.0441237 1 
0.998065 0.0121976 -0.060818 0 0.00959947 -0.999027 -0.04283 0 -0.0612824 0.0421641 -0.997229 0 -0.264631 -0.673529 0.0434797 1 
0.998093 0.0130347 -0.0601814 0 0.0103659 -0.998948 -0.0444478 0 -0.0606987 0.04374 -0.997197 0 -0.263873 -0.673052 0.0427549 1 
0.99812 0.0138529 -0.0595506 0 0.0111159 -0.998868 -0.0460475 0 -0.0601222 0.0452998 -0.997163 0 -0.263142 -0.672575 0.0420286 1 
0.998148 0.0146213 -0.0588921 0 0.0118143 -0.998781 -0.0477334 0 -0.0595193 0.0469501 -0.997122 0 -0.262421 -0.672053 0.0412719 1 
0.998178 0.0154008 -0.0581715 0 0.0125189 -0.998682 -0.0495851 0 -0.0588596 0.0487674 -0.997074 0 -0.261685 -0.671453 0.0404457 1 
0.998207 0.0161305 -0.0574712 0 0.013179 -0.998583 -0.051369 0 -0.0582195 0.0505204 -0.997025 0 -0.260975 -0.670867 0.0396549 1 
0.998236 0.0167062 -0.0567952 0 0.0136894 -0.998486 -0.053096 0 -0.0575974 0.0522259 -0.996973 0 -0.26036 -0.670268 0.0388957 1 
0.998279 0.0169331 -0.0559817 0 0.0138589 -0.998389 -0.0548525 0 -0.0568214 0.0539833 -0.996924 0 -0.259901 -0.669567 0.0381127 1 
0.998312 0.0170231 -0.0553539 0 0.0139 -0.998306 -0.0563232 0 -0.05622 0.0554598 -0.996877 0 -0.259627 -0.668945 0.0374667 1 
0.998338 0.0171692 -0.0548398 0 0.014005 -0.998234 -0.0575699 0 -0.0557324 0.0567072 -0.996834 0 -0.259362 -0.668441 0.0369101 1 
0.99836 0.0173095 -0.0544001 0 0.0141145 -0.998174 -0.0585757 0 -0.0553157 0.0577129 -0.9968 0 -0.259107 -0.668044 0.0364558 1 
0.998378 0.0173798 -0.0540377 0 0.0141582 -0.998122 -0.0594388 0 -0.0549703 0.0585785 -0.996768 0 -0.258936 -0.66768 0.0360865 1 
0.998394 0.017406 -0.0537379 0 0.0141593 -0.998075 -0.0602168 0 -0.0546836 0.0593604 -0.996738 0 -0.258817 -0.667325 0.0357964 1 
0.99841 0.0174509 -0.0534191 0 0.0141792 -0.998026 -0.0610228 0 -0.0543796 0.0601695 -0.996706 0 -0.258677 -0.666948 0.0355305 1 
0.998425 0.0174861 -0.0531345 0 0.0141933 -0.997983 -0.0617269 0 -0.0541078 0.0608767 -0.996678 0 -0.258543 -0.666602 0.0353375 1 
0.998439 0.0174743 -0.0528635 0 0.0141603 -0.99794 -0.0624254 0 -0.0538464 0.0615806 -0.996649 0 -0.258437 -0.666239 0.0351756 1 
0.998456 0.0174384 -0.0525648 0 0.0141029 -0.997894 -0.063169 0 -0.0535567 0.0623313 -0.996618 0 -0.258337 -0.665845 0.0350029 1 
0.998479 0.01728 -0.0521689 0 0.0139293 -0.997848 -0.0639201 0 -0.0531622 0.0630974 -0.99659 0 -0.258238 -0.665412 0.0348524 1 
0.998511 0.0169569 -0.0516581 0 0.0135974 -0.997802 -0.0647049 0 -0.0526427 0.0639074 -0.996566 0 -0.258152 -0.664911 0.0347329 1 
0.998547 0.0165048 -0.0511129 0 0.0131472 -0.997767 -0.0653425 0 -0.0520782 0.0645768 -0.996553 0 -0.258099 -0.664442 0.034689 1 
0.998589 0.01587 -0.0504902 0 0.0125321 -0.997748 -0.0657523 0 -0.051421 0.065028 -0.996558 0 -0.258072 -0.664049 0.0347116 1 
0.998631 0.0151686 -0.0498694 0 0.0118574 -0.997737 -0.0660352 0 -0.0507592 0.0653547 -0.99657 0 -0.258061 -0.663714 0.0347534 1 
0.998676 0.0143872 -0.0492005 0 0.0111072 -0.997728 -0.0663006 0 -0.0500436 0.0656675 -0.996586 0 -0.25807 -0.663375 0.0347888 1 
0.998712 0.0137335 -0.0486469 0 0.0104776 -0.997718 -0.0665623 0 -0.049451 0.0659682 -0.996596 0 -0.258073 -0.663044 0.0348725 1 
0.998743 0.0131968 -0.0481551 0 0.00995691 -0.9977 -0.0669101 0 -0.0489283 0.0663478 -0.996596 0 -0.258062 -0.662673 0.0349823 1 
0.998775 0.0126095 -0.0476485 0 0.00938379 -0.997677 -0.0673256 0 -0.0483877 0.0667973 -0.996593 0 -0.258068 -0.66223 0.0351399 1 
0.998805 0.0120696 -0.0471536 0 0.00885459 -0.99765 -0.0678054 0 -0.0478621 0.0673082 -0.996584 0 -0.258054 -0.661739 0.0353384 1 
0.998838 0.0115394 -0.0465944 0 0.00833365 -0.997612 -0.0684183 0 -0.0472735 0.0679518 -0.996568 0 -0.25799 -0.66117 0.0355376 1 
0.998873 0.010865 -0.0459944 0 0.00767483 -0.997579 -0.0689754 0 -0.0466334 0.068546 -0.996557 0 -0.257962 -0.660536 0.0358882 1 
0.998901 0.0102934 -0.045504 0 0.0071061 -0.997536 -0.0696577 0 -0.0461098 0.0692592 -0.996533 0 -0.257937 -0.65976 0.0364493 1 
0.998921 0.00991111 -0.0451695 0 0.0067104 -0.997482 -0.0704678 0 -0.045755 0.07009 -0.996491 0 -0.257895 -0.658876 0.0371637 1 
0.99894 0.00954272 -0.044809 0 0.0063262 -0.997419 -0.0713828 0 -0.0453754 0.0710251 -0.996442 0 -0.257822 -0.657881 0.0379717 1 
0.998967 0.0092109 -0.0442787 0 0.00597193 -0.997324 -0.0727323 0 -0.044831 0.0723941 -0.996368 0 -0.25765 -0.656682 0.038639 1 
