0.999928 0.00825985 -0.00753566 0 0.00871456 -0.998 0.0624492 0 -0.00700491 -0.0625116 -0.99802 0 -0.229594 -0.3328 0.490557 1 
0.999928 0.0082592 -0.00753433 0 0.00871381 -0.998001 0.0624456 0 -0.00700365 -0.062508 -0.99802 0 -0.229593 -0.3328 0.490555 1 
0.999928 0.00826673 -0.00754298 0 0.00872193 -0.998 0.0624561 0 -0.00701172 -0.0625186 -0.998019 0 -0.229591 -0.332803 0.490559 1 
0.999928 0.00826004 -0.00753885 0 0.00871497 -0.998 0.062453 0 -0.00700804 -0.0625154 -0.998019 0 -0.229594 -0.3328 0.490558 1 
0.999928 0.00825802 -0.00753904 0 0.00871299 -0.998 0.0624554 0 -0.00700834 -0.0625177 -0.998019 0 -0.229593 -0.332801 0.490558 1 
0.999928 0.00827128 -0.00754253 0 0.00872642 -0.998 0.0624526 0 -0.00701102 -0.0625151 -0.998019 0 -0.22959 -0.332804 0.490559 1 
0.999928 0.00826709 -0.00753614 0 0.00872183 -0.998 0.0624509 0 -0.00700491 -0.0625134 -0.99802 0 -0.22959 -0.332802 0.490557 1 
0.999928 0.00826047 -0.00753458 0 0.00871511 -0.998 0.0624491 0 -0.00700379 -0.0625114 -0.99802 0 -0.229593 -0.332802 0.490556 1 
0.999928 0.0082566 -0.0075346 0 0.00871125 -0.998 0.062449 0 -0.00700406 -0.0625113 -0.99802 0 -0.229593 -0.332801 0.490555 1 
0.999928 0.00825649 -0.00753753 0 0.00871134 -0.998 0.0624517 0 -0.00700697 -0.062514 -0.998019 0 -0.229593 -0.332801 0.490557 1 
0.999928 0.00826156 -0.00753421 0 0.00871616 -0.998001 0.0624481 0 -0.00700336 -0.0625104 -0.99802 0 -0.229592 -0.332801 0.490556 1 
0.999928 0.00825567 -0.00753456 0 0.00871032 -0.998 0.0624494 0 -0.00700407 -0.0625117 -0.99802 0 -0.229594 -0.332799 0.490556 1 
0.999928 0.00825738 -0.00754013 0 0.00871242 -0.998 0.0624561 0 -0.00700946 -0.0625185 -0.998019 0 -0.229594 -0.332801 0.490559 1 
0.999928 0.00825824 -0.00753945 0 0.00871321 -0.998 0.0624531 0 -0.00700876 -0.0625155 -0.998019 0 -0.229592 -0.332801 0.490559 1 
0.999928 0.00825649 -0.00753507 0 0.00871114 -0.998001 0.062446 0 -0.00700456 -0.0625083 -0.99802 0 -0.229592 -0.3328 0.490556 1 
0.999928 0.00826608 -0.00753657 0 0.00872083 -0.998 0.0624486 0 -0.00700543 -0.062511 -0.99802 0 -0.229592 -0.332803 0.490555 1 
0.999928 0.00825543 -0.00753687 0 0.00871023 -0.998 0.0624505 0 -0.00700638 -0.0625129 -0.99802 0 -0.229594 -0.332801 0.490557 1 
0.999928 0.00825557 -0.00753549 0 0.00871028 -0.998 0.0624492 0 -0.007005 -0.0625115 -0.99802 0 -0.229593 -0.332802 0.490557 1 
0.999928 0.00826031 -0.00753775 0 0.00871514 -0.998001 0.0624483 0 -0.00700697 -0.0625107 -0.99802 0 -0.229591 -0.332801 0.490557 1 
0.999928 0.00826528 -0.00753936 0 0.00872023 -0.998 0.0624515 0 -0.00700824 -0.0625139 -0.998019 0 -0.229591 -0.332802 0.490558 1 
0.999928 0.00825707 -0.00753562 0 0.00871177 -0.998001 0.0624482 0 -0.00700505 -0.0625105 -0.99802 0 -0.229592 -0.332801 0.490556 1 
0.999928 0.00826575 -0.00753513 0 0.0087204 -0.998 0.0624476 0 -0.00700402 -0.0625101 -0.99802 0 -0.229592 -0.332802 0.490556 1 
0.999928 0.00826866 -0.00753854 0 0.00872352 -0.998 0.0624477 0 -0.00700724 -0.0625102 -0.99802 0 -0.229591 -0.332802 0.490556 1 
0.999928 0.00826645 -0.00754068 0 0.00872151 -0.998 0.0624561 0 -0.00700944 -0.0625186 -0.998019 0 -0.229592 -0.332802 0.490559 1 
0.999928 0.00825866 -0.0075356 0 0.00871338 -0.998 0.0624503 0 -0.00700491 -0.0625127 -0.99802 0 -0.229594 -0.3328 0.490557 1 
0.999928 0.00826614 -0.00753737 0 0.00872094 -0.998 0.0624489 0 -0.00700622 -0.0625114 -0.99802 0 -0.229592 -0.332801 0.490557 1 
0.999928 0.00825855 -0.00753898 0 0.00871348 -0.998 0.0624521 0 -0.00700827 -0.0625145 -0.998019 0 -0.229593 -0.332801 0.490557 1 
0.999928 0.00826152 -0.00753813 0 0.00871639 -0.998 0.0624512 0 -0.00700725 -0.0625136 -0.99802 0 -0.229593 -0.332801 0.490556 1 
0.999928 0.00825733 -0.00753885 0 0.00871227 -0.998 0.0624526 0 -0.00700822 -0.062515 -0.998019 0 -0.229593 -0.332802 0.490558 1 
0.999928 0.00825956 -0.00753554 0 0.00871425 -0.998001 0.0624478 0 -0.00700481 -0.0625102 -0.99802 0 -0.229592 -0.3328 0.490556 1 
0.999928 0.00825907 -0.0075337 0 0.00871364 -0.998001 0.0624465 0 -0.00700303 -0.0625088 -0.99802 0 -0.229594 -0.332799 0.490555 1 
0.999928 0.00826279 -0.00753881 0 0.00871771 -0.998 0.0624521 0 -0.00700784 -0.0625145 -0.998019 0 -0.229591 -0.332803 0.490558 1 
0.999928 0.00825575 -0.00753881 0 0.00871068 -0.998 0.0624511 0 -0.00700829 -0.0625135 -0.99802 0 -0.229593 -0.332801 0.490557 1 
0.999928 0.00825867 -0.00753706 0 0.00871348 -0.998 0.0624505 0 -0.00700637 -0.0625129 -0.99802 0 -0.229593 -0.332801 0.490558 1 
0.999928 0.00826517 -0.00754038 0 0.0087202 -0.998 0.0624537 0 -0.00700924 -0.0625162 -0.998019 0 -0.229592 -0.332802 0.490558 1 
0.999928 0.00825442 -0.00753384 0 0.008709 -0.998001 0.0624458 0 -0.00700346 -0.0625081 -0.99802 0 -0.229593 -0.3328 0.490555 1 
0.999928 0.00826132 -0.00753492 0 0.00871596 -0.998001 0.0624468 0 -0.0070041 -0.0625092 -0.99802 0 -0.229591 -0.332802 0.490556 1 
0.999928 0.0082587 -0.00754086 0 0.00871377 -0.998 0.0624542 0 -0.00701012 -0.0625166 -0.998019 0 -0.229593 -0.332802 0.490559 1 
0.999928 0.00826372 -0.00753869 0 0.00871863 -0.998 0.0624509 0 -0.00700767 -0.0625133 -0.99802 0 -0.229592 -0.332801 0.490558 1 
0.999928 0.00826815 -0.00753828 0 0.008723 -0.998 0.0624492 0 -0.007007 -0.0625116 -0.99802 0 -0.229591 -0.332803 0.490556 1 
0.999928 0.00826269 -0.00753777 0 0.00871754 -0.998 0.0624518 0 -0.00700682 -0.0625142 -0.998019 0 -0.229592 -0.332801 0.490558 1 
0.999928 0.00826345 -0.00753839 0 0.00871834 -0.998 0.0624514 0 -0.00700739 -0.0625139 -0.998019 0 -0.229592 -0.332801 0.490558 1 
0.999928 0.00825992 -0.00753727 0 0.00871475 -0.998 0.0624512 0 -0.00700649 -0.0625136 -0.99802 0 -0.229592 -0.332801 0.490558 1 
0.999928 0.00826929 -0.00754226 0 0.00872444 -0.998 0.0624565 0 -0.00701084 -0.062519 -0.998019 0 -0.229592 -0.332803 0.490559 1 
0.999928 0.00826975 -0.0075385 0 0.00872462 -0.998 0.0624486 0 -0.00700713 -0.0625111 -0.99802 0 -0.229591 -0.332803 0.490558 1 
0.999928 0.00826275 -0.00753538 0 0.00871741 -0.998001 0.062446 0 -0.00700447 -0.0625083 -0.99802 0 -0.22959 -0.332802 0.490556 1 
0.999928 0.00826575 -0.00753677 0 0.0087205 -0.998 0.0624477 0 -0.00700566 -0.0625101 -0.99802 0 -0.229592 -0.332802 0.490555 1 
0.999928 0.00826713 -0.00753767 0 0.00872193 -0.998001 0.0624473 0 -0.00700648 -0.0625097 -0.99802 0 -0.229589 -0.332803 0.490556 1 
0.999928 0.00826142 -0.00753847 0 0.00871633 -0.998 0.0624527 0 -0.00700758 -0.0625151 -0.998019 0 -0.229592 -0.332802 0.490557 1 
0.999928 0.00825821 -0.00753746 0 0.00871308 -0.998 0.0624556 0 -0.00700675 -0.0625179 -0.998019 0 -0.229592 -0.332801 0.490558 1 
0.999928 0.00826273 -0.00753387 0 0.0087173 -0.998001 0.062445 0 -0.00700297 -0.0625074 -0.99802 0 -0.229591 -0.332801 0.490554 1 
0.999928 0.00826775 -0.00753846 0 0.00872262 -0.998 0.0624489 0 -0.00700721 -0.0625113 -0.99802 0 -0.229591 -0.332804 0.490556 1 
0.999928 0.00826489 -0.00753785 0 0.00871973 -0.998 0.062449 0 -0.00700677 -0.0625115 -0.99802 0 -0.229591 -0.332802 0.490557 1 
0.999928 0.0082533 -0.00753515 0 0.00870799 -0.998001 0.0624486 0 -0.00700481 -0.0625109 -0.99802 0 -0.229594 -0.3328 0.490556 1 
0.999928 0.00826023 -0.00753602 0 0.00871496 -0.998 0.0624493 0 -0.00700524 -0.0625116 -0.99802 0 -0.229592 -0.332801 0.490557 1 
0.999928 0.00826972 -0.0075393 0 0.00872464 -0.998 0.0624497 0 -0.00700792 -0.0625122 -0.99802 0 -0.22959 -0.332803 0.490556 1 
0.999928 0.0082627 -0.00754192 0 0.00871783 -0.998 0.0624536 0 -0.00701093 -0.0625161 -0.998019 0 -0.229593 -0.332803 0.490558 1 
0.999928 0.00826081 -0.00753848 0 0.00871572 -0.998 0.0624524 0 -0.00700763 -0.0625148 -0.998019 0 -0.229593 -0.332802 0.490558 1 
0.999928 0.00826384 -0.0075385 0 0.00871875 -0.998 0.062454 0 -0.00700745 -0.0625164 -0.998019 0 -0.229591 -0.332802 0.490559 1 
0.999928 0.00826058 -0.00753791 0 0.00871544 -0.998 0.0624508 0 -0.00700709 -0.0625132 -0.99802 0 -0.229592 -0.332802 0.490558 1 
0.999928 0.00826642 -0.00753693 0 0.0087212 -0.998 0.0624504 0 -0.00700576 -0.0625128 -0.99802 0 -0.229592 -0.332802 0.490557 1 
0.999928 0.00826409 -0.00753471 0 0.00871871 -0.998001 0.0624463 0 -0.00700371 -0.0625087 -0.99802 0 -0.229592 -0.332801 0.490554 1 
0.999928 0.00826319 -0.00753695 0 0.00871796 -0.998001 0.0624466 0 -0.00700601 -0.062509 -0.99802 0 -0.229591 -0.332802 0.490556 1 
0.999928 0.00826278 -0.00753726 0 0.00871759 -0.998 0.0624508 0 -0.00700631 -0.0625132 -0.99802 0 -0.229593 -0.332801 0.490557 1 
0.999928 0.00825754 -0.00753433 0 0.00871217 -0.998 0.0624491 0 -0.00700372 -0.0625114 -0.99802 0 -0.229592 -0.332801 0.490556 1 
0.999928 0.00826404 -0.00753637 0 0.00871878 -0.998 0.0624486 0 -0.00700535 -0.062511 -0.99802 0 -0.229593 -0.332801 0.490555 1 
0.999928 0.00826735 -0.00754009 0 0.00872236 -0.998 0.0624546 0 -0.00700881 -0.0625171 -0.998019 0 -0.229592 -0.332802 0.490559 1 
0.999928 0.00825858 -0.00753885 0 0.0087135 -0.998 0.06245 0 -0.00700816 -0.0625124 -0.99802 0 -0.229593 -0.332802 0.490557 1 
0.999928 0.00826039 -0.00753697 0 0.00871518 -0.998 0.0624499 0 -0.00700618 -0.0625123 -0.99802 0 -0.229592 -0.332802 0.490557 1 
0.999928 0.00826183 -0.00754035 0 0.00871687 -0.998 0.0624553 0 -0.00700941 -0.0625177 -0.998019 0 -0.229593 -0.332802 0.490559 1 
0.999928 0.00825771 -0.00753388 0 0.00871229 -0.998001 0.0624458 0 -0.00700329 -0.0625081 -0.99802 0 -0.229592 -0.332801 0.490555 1 
0.999928 0.00825911 -0.00754078 0 0.00871417 -0.998 0.0624531 0 -0.00701002 -0.0625155 -0.998019 0 -0.229592 -0.332802 0.490558 1 
0.999928 0.00825887 -0.00753685 0 0.00871366 -0.998 0.0624498 0 -0.00700615 -0.0625121 -0.99802 0 -0.229592 -0.332801 0.490557 1 
0.999928 0.00826039 -0.00753741 0 0.0087152 -0.998 0.062449 0 -0.00700662 -0.0625113 -0.99802 0 -0.229592 -0.332801 0.490557 1 
0.999928 0.0082522 -0.00753312 0 0.00870677 -0.998001 0.062449 0 -0.00700285 -0.0625112 -0.99802 0 -0.229595 -0.332799 0.490556 1 
0.999928 0.00824417 -0.00753552 0 0.00869895 -0.998 0.0624558 0 -0.00700569 -0.0625181 -0.998019 0 -0.229598 -0.332797 0.490558 1 
0.999928 0.00824947 -0.00753373 0 0.00870411 -0.998 0.0624535 0 -0.00700359 -0.0625158 -0.998019 0 -0.229597 -0.332799 0.490556 1 
0.999928 0.00825188 -0.00753123 0 0.00870632 -0.998001 0.0624487 0 -0.00700099 -0.062511 -0.99802 0 -0.229595 -0.332799 0.490554 1 
0.999928 0.00826036 -0.00753116 0 0.00871474 -0.998001 0.0624415 0 -0.00700045 -0.0625038 -0.99802 0 -0.229592 -0.332802 0.490553 1 
0.999928 0.00825469 -0.00753731 0 0.00870954 -0.998 0.0624539 0 -0.00700684 -0.0625162 -0.998019 0 -0.229593 -0.332801 0.490558 1 
0.999928 0.00825948 -0.00753738 0 0.00871431 -0.998 0.0624508 0 -0.00700663 -0.0625132 -0.99802 0 -0.229594 -0.332802 0.490557 1 
0.999928 0.00826576 -0.00754134 0 0.00872086 -0.998 0.0624565 0 -0.00701014 -0.0625189 -0.998019 0 -0.229592 -0.332803 0.49056 1 
0.999928 0.00825997 -0.007537 0 0.0087148 -0.998 0.0624548 0 -0.00700619 -0.0625172 -0.998019 0 -0.229596 -0.332802 0.490557 1 
0.999928 0.00825749 -0.00754021 0 0.00871257 -0.998 0.0624613 0 -0.00700948 -0.0625237 -0.998019 0 -0.229594 -0.332804 0.490559 1 
0.999928 0.00825658 -0.00754729 0 0.00871214 -0.997999 0.0624656 0 -0.00701658 -0.0625281 -0.998019 0 -0.229595 -0.332802 0.490563 1 
0.999928 0.00825386 -0.00755181 0 0.00870977 -0.997999 0.0624754 0 -0.00702117 -0.0625379 -0.998018 0 -0.229597 -0.332803 0.490567 1 
0.999928 0.00825072 -0.00754797 0 0.00870637 -0.997999 0.0624718 0 -0.00701757 -0.0625342 -0.998018 0 -0.229596 -0.332804 0.490566 1 
0.999928 0.00825448 -0.00755138 0 0.00871036 -0.997999 0.0624751 0 -0.00702071 -0.0625375 -0.998018 0 -0.229596 -0.332804 0.490567 1 
0.999928 0.00824761 -0.00755381 0 0.00870373 -0.997998 0.0624856 0 -0.00702346 -0.062548 -0.998017 0 -0.229599 -0.332804 0.490571 1 
0.999927 0.0082854 -0.00758627 0 0.00874367 -0.997996 0.062512 0 -0.00705326 -0.062575 -0.998015 0 -0.229591 -0.332818 0.490587 1 
0.999927 0.00830263 -0.00758739 0 0.00876084 -0.997997 0.0624983 0 -0.00705343 -0.0625615 -0.998016 0 -0.229583 -0.332822 0.490583 1 
0.999927 0.00826904 -0.0075775 0 0.00872678 -0.997996 0.0625113 0 -0.00704555 -0.0625741 -0.998015 0 -0.229597 -0.332812 0.490585 1 
0.999928 0.00824019 -0.00757126 0 0.00869763 -0.997996 0.0625168 0 -0.00704107 -0.0625793 -0.998015 0 -0.229608 -0.332806 0.490586 1 
0.999928 0.00826333 -0.00757174 0 0.00872066 -0.997997 0.0625016 0 -0.00704024 -0.0625643 -0.998016 0 -0.229597 -0.332811 0.490581 1 
0.999927 0.00827022 -0.00757857 0 0.00872795 -0.997997 0.0625001 0 -0.00704664 -0.0625629 -0.998016 0 -0.229593 -0.332814 0.490582 1 
0.999928 0.00824531 -0.00756767 0 0.00870244 -0.997997 0.0625044 0 -0.00703728 -0.062567 -0.998016 0 -0.229603 -0.332808 0.490581 1 
0.999928 0.00823367 -0.00756504 0 0.00869066 -0.997997 0.0625049 0 -0.00703538 -0.0625674 -0.998016 0 -0.229608 -0.332804 0.49058 1 
0.999928 0.00821303 -0.00756338 0 0.00866997 -0.997997 0.0625076 0 -0.00703499 -0.0625699 -0.998016 0 -0.229616 -0.332798 0.490581 1 
0.999928 0.00820136 -0.00755817 0 0.00865802 -0.997997 0.0625096 0 -0.0070305 -0.0625718 -0.998016 0 -0.229621 -0.332796 0.49058 1 
0.999928 0.00820165 -0.00756271 0 0.00865862 -0.997997 0.0625144 0 -0.00703497 -0.0625766 -0.998015 0 -0.22962 -0.332795 0.490583 1 
0.999928 0.00823472 -0.00756895 0 0.00869199 -0.997997 0.0625105 0 -0.00703917 -0.062573 -0.998016 0 -0.229607 -0.332804 0.490583 1 
0.999927 0.00827381 -0.00757249 0 0.00873111 -0.997997 0.0624951 0 -0.00704038 -0.0625579 -0.998017 0 -0.229591 -0.332814 0.490579 1 
0.999928 0.00826447 -0.00754578 0 0.00871992 -0.997999 0.0624656 0 -0.00701458 -0.0625281 -0.998019 0 -0.229595 -0.332807 0.490561 1 
0.999928 0.00826512 -0.00752695 0 0.00871922 -0.998001 0.062441 0 -0.00699596 -0.0625033 -0.99802 0 -0.229595 -0.332804 0.490548 1 
0.999928 0.00828157 -0.00753657 0 0.00873623 -0.998001 0.0624406 0 -0.00700453 -0.0625031 -0.99802 0 -0.229586 -0.332811 0.49055 1 
0.999928 0.0082753 -0.00753271 0 0.00872973 -0.998001 0.0624399 0 -0.00700108 -0.0625023 -0.99802 0 -0.229588 -0.332807 0.490549 1 
0.999928 0.00824635 -0.00751228 0 0.0086995 -0.998002 0.0624308 0 -0.00698257 -0.0624929 -0.998021 0 -0.229599 -0.332802 0.490541 1 
0.999928 0.00824814 -0.00750112 0 0.00870044 -0.998003 0.0624105 0 -0.0069715 -0.0624725 -0.998022 0 -0.229595 -0.332803 0.490531 1 
0.999928 0.00827365 -0.0074943 0 0.00872537 -0.998004 0.0623949 0 -0.00696324 -0.062457 -0.998023 0 -0.229589 -0.332809 0.490524 1 
0.999928 0.00824366 -0.00749094 0 0.00869528 -0.998004 0.0624024 0 -0.00696169 -0.0624643 -0.998023 0 -0.2296 -0.332801 0.490526 1 
0.999929 0.00818239 -0.00747773 0 0.00863336 -0.998003 0.0624121 0 -0.00695226 -0.0624734 -0.998022 0 -0.229624 -0.332786 0.490526 1 
0.999929 0.00819929 -0.00748412 0 0.00865063 -0.998003 0.0624109 0 -0.00695759 -0.0624724 -0.998022 0 -0.229616 -0.332792 0.490527 1 
0.999928 0.00825647 -0.00750236 0 0.00870879 -0.998003 0.0624056 0 -0.00697226 -0.0624676 -0.998023 0 -0.229595 -0.332806 0.49053 1 
0.999928 0.00829084 -0.00753119 0 0.00874505 -0.998002 0.0624265 0 -0.00699871 -0.062489 -0.998021 0 -0.229586 -0.332816 0.490546 1 
0.999928 0.00826182 -0.00751359 0 0.00871493 -0.998002 0.0624179 0 -0.00698303 -0.0624801 -0.998022 0 -0.229594 -0.332807 0.490539 1 
0.999928 0.00823734 -0.0074997 0 0.00868957 -0.998003 0.0624108 0 -0.00697076 -0.0624727 -0.998022 0 -0.229604 -0.332802 0.490533 1 
0.999928 0.00824186 -0.00750485 0 0.00869442 -0.998003 0.0624122 0 -0.0069756 -0.0624742 -0.998022 0 -0.229605 -0.332803 0.490534 1 
0.999928 0.00825582 -0.00751871 0 0.00870931 -0.998002 0.0624259 0 -0.00698845 -0.0624881 -0.998021 0 -0.229598 -0.332811 0.490542 1 
0.999928 0.00827304 -0.00750439 0 0.00872536 -0.998004 0.0623906 0 -0.00697339 -0.0624528 -0.998024 0 -0.229591 -0.332816 0.490526 1 
0.999928 0.00827338 -0.0074635 0 0.00872279 -0.998007 0.0623394 0 -0.006933 -0.0624012 -0.998027 0 -0.229592 -0.332817 0.490498 1 
0.999929 0.00829346 -0.00740931 0 0.0087389 -0.998012 0.0622591 0 -0.00687837 -0.0623206 -0.998032 0 -0.229586 -0.332822 0.490456 1 
0.999929 0.00836307 -0.00728201 0 0.00879908 -0.998024 0.0620583 0 -0.00674876 -0.0621191 -0.998046 0 -0.229558 -0.332835 0.490357 1 
0.999929 0.0084746 -0.00716708 0 0.00890194 -0.998036 0.0618597 0 -0.00662889 -0.0619203 -0.998059 0 -0.229515 -0.332856 0.490254 1 
0.999928 0.0086481 -0.00706319 0 0.0090677 -0.998043 0.0617097 0 -0.00651582 -0.0617705 -0.998069 0 -0.229453 -0.332895 0.490172 1 
0.999928 0.00873289 -0.00696629 0 0.00914513 -0.998054 0.0615219 0 -0.0064156 -0.0615823 -0.998081 0 -0.229427 -0.332928 0.490082 1 
0.999926 0.00909112 -0.00679171 0 0.00949128 -0.998058 0.0614156 0 -0.0062203 -0.0614767 -0.998089 0 -0.229291 -0.333054 0.489982 1 
0.999916 0.0101556 -0.00670919 0 0.010552 -0.998014 0.0619543 0 -0.0060668 -0.0620211 -0.998056 0 -0.228961 -0.333502 0.489862 1 
0.9999 0.0115006 -0.00697218 0 0.0119149 -0.997956 0.0626265 0 -0.00623781 -0.0627045 -0.998013 0 -0.228679 -0.334142 0.489655 1 
0.99988 0.0130269 -0.00707516 0 0.0134464 -0.997921 0.062884 0 -0.00624139 -0.0629728 -0.997996 0 -0.228356 -0.334822 0.489316 1 
0.999855 0.0150103 -0.00675058 0 0.0154036 -0.997912 0.0625698 0 -0.0057974 -0.0626659 -0.998018 0 -0.227853 -0.335573 0.488826 1 
0.999825 0.0171652 -0.00600965 0 0.0175028 -0.997941 0.061547 0 -0.00494091 -0.0616426 -0.998086 0 -0.227289 -0.336294 0.488156 1 
0.999789 0.0195202 -0.00459352 0 0.0197593 -0.998018 0.059586 0 -0.00342135 -0.0596654 -0.998213 0 -0.22664 -0.337042 0.48713 1 
0.999741 0.0221304 -0.00285805 0 0.0222577 -0.998108 0.0571495 0 -0.00158793 -0.0571995 -0.998362 0 -0.225924 -0.337876 0.485866 1 
0.999681 0.0248482 -0.000942621 0 0.0248627 -0.998195 0.0544938 0 0.000413165 -0.054501 -0.998514 0 -0.225188 -0.338766 0.484489 1 
0.999607 0.0276572 0.00133866 0 0.027552 -0.998291 0.0513519 0 0.00275667 -0.0512958 -0.99868 0 -0.224436 -0.33974 0.482844 1 
0.999547 0.0295547 0.00371284 0 0.0293421 -0.998401 0.0481217 0 0.00512922 -0.0479918 -0.998835 0 -0.223735 -0.340759 0.481135 1 
0.999498 0.030737 0.00625115 0 0.0304277 -0.998528 0.0446845 0 0.00761556 -0.0444727 -0.998982 0 -0.22306 -0.341848 0.479349 1 
0.999438 0.0319375 0.00922833 0 0.0315377 -0.998667 0.0406313 0 0.0105139 -0.0403182 -0.999132 0 -0.222311 -0.343088 0.477291 1 
0.99937 0.0329141 0.0125279 0 0.0324431 -0.998812 0.0361024 0 0.0137015 -0.0356739 -0.99927 0 -0.221599 -0.344414 0.474984 1 
0.99929 0.0340072 0.0156083 0 0.0334972 -0.998922 0.0318486 0 0.0166748 -0.0313037 -0.999371 0 -0.220916 -0.345893 0.472702 1 
0.999204 0.0352712 0.0181041 0 0.0347494 -0.998984 0.0283677 0 0.0190866 -0.0277165 -0.999434 0 -0.220295 -0.347425 0.470635 1 
0.999158 0.0352279 0.0205617 0 0.0347126 -0.999077 0.0249022 0 0.0214204 -0.024168 -0.999478 0 -0.219607 -0.34909 0.468493 1 
0.999151 0.0337338 0.023239 0 0.0332456 -0.999215 0.0210834 0 0.0239324 -0.0202933 -0.999508 0 -0.21889 -0.350828 0.466177 1 
0.999131 0.0321773 0.0261178 0 0.0317425 -0.999344 0.0168938 0 0.0266448 -0.0160504 -0.999516 0 -0.218145 -0.352581 0.463716 1 
0.999109 0.0306348 0.0286942 0 0.0302703 -0.999447 0.0130523 0 0.0290787 -0.0121724 -0.999503 0 -0.217325 -0.354603 0.461186 1 
0.999112 0.028764 0.0304713 0 0.0284624 -0.999532 0.0102848 0 0.0307535 -0.00940861 -0.999483 0 -0.216478 -0.356815 0.458867 1 
0.999119 0.0274168 0.031483 0 0.0271591 -0.999585 0.00858488 0 0.0317059 -0.00772241 -0.999467 0 -0.215739 -0.359223 0.456663 1 
0.999118 0.0269653 0.0318807 0 0.0267298 -0.999603 0.00778967 0 0.0320787 -0.00693077 -0.999461 0 -0.215177 -0.362157 0.454209 1 
0.99911 0.0277918 0.0314396 0 0.0275449 -0.999577 0.00825915 0 0.0316565 -0.00738593 -0.999472 0 -0.214616 -0.365384 0.451906 1 
0.999107 0.0292272 0.0301821 0 0.0289366 -0.999521 0.0100209 0 0.0304612 -0.00913875 -0.999494 0 -0.214025 -0.368685 0.449978 1 
0.999119 0.0308284 0.0281299 0 0.0304704 -0.999441 0.0130687 0 0.0285176 -0.0122003 -0.999519 0 -0.213593 -0.372422 0.447984 1 
0.999164 0.0315121 0.025691 0 0.0310871 -0.999366 0.0167782 0 0.026204 -0.0159658 -0.999529 0 -0.213365 -0.376471 0.445777 1 
0.999246 0.0311447 0.0227454 0 0.0306605 -0.999292 0.0213359 0 0.0233943 -0.0206228 -0.999514 0 -0.213167 -0.380637 0.443759 1 
0.999366 0.0296047 0.0192997 0 0.0290826 -0.999208 0.0267951 0 0.0200781 -0.0262174 -0.999455 0 -0.212925 -0.384915 0.441951 1 
0.999479 0.0276544 0.0160751 0 0.0271309 -0.999113 0.0319178 0 0.0169438 -0.0314657 -0.999361 0 -0.212565 -0.389316 0.43987 1 
0.999554 0.0262954 0.0134869 0 0.0257918 -0.999 0.036245 0 0.0144268 -0.0358817 -0.999252 0 -0.212127 -0.393478 0.437715 1 
0.999631 0.0245 0.0108513 0 0.024037 -0.998864 0.0409205 0 0.0118418 -0.0406453 -0.999103 0 -0.21155 -0.397744 0.435637 1 
0.999724 0.0215343 0.0083602 0 0.0211319 -0.998728 0.045561 0 0.00933087 -0.0453726 -0.998927 0 -0.210915 -0.401966 0.433512 1 
0.999815 0.0174073 0.006889 0 0.0170531 -0.998667 0.0485122 0 0.00772444 -0.0483867 -0.998799 0 -0.210182 -0.405923 0.430987 1 
0.999894 0.0125274 0.00592638 0 0.0122118 -0.998635 0.0505878 0 0.00655215 -0.0505111 -0.998702 0 -0.209272 -0.409649 0.428452 1 
0.999947 0.0076697 0.00534534 0 0.00738181 -0.998613 0.0519428 0 0.00573642 -0.0519016 -0.998636 0 -0.208233 -0.413227 0.425859 1 
0.999972 0.00289215 0.00536831 0 0.00260792 -0.998623 0.0522174 0 0.00551204 -0.052203 -0.998621 0 -0.207242 -0.4167 0.422766 1 
0.999971 -0.00181155 0.00603582 0 -0.00211865 -0.998673 0.0512666 0 0.00593506 -0.0512789 -0.998667 0 -0.206147 -0.419878 0.419521 1 
0.999945 -0.00664484 0.00676428 0 -0.00697746 -0.998695 0.0503986 0 0.00642068 -0.050444 -0.998706 0 -0.204963 -0.422927 0.416463 1 
0.999898 -0.0110423 0.00794561 0 -0.0114159 -0.998743 0.0486148 0 0.00739894 -0.0487015 -0.998786 0 -0.203898 -0.425733 0.413132 1 
0.999819 -0.015818 0.0096511 0 -0.0162421 -0.998819 0.0455726 0 0.00891901 -0.045722 -0.998914 0 -0.202787 -0.428434 0.40937 1 
0.999709 -0.0210634 0.0109117 0 -0.0215163 -0.998825 0.0432044 0 0.00998908 -0.0434275 -0.999007 0 -0.201797 -0.431058 0.405849 1 
0.999551 -0.0270101 0.0122037 0 -0.0274835 -0.998794 0.0404511 0 0.0110966 -0.0407692 -0.999107 0 -0.200991 -0.43389 0.401728 1 
0.999416 -0.0310864 0.013462 0 -0.0315738 -0.998782 0.0376534 0 0.0122753 -0.0380572 -0.9992 0 -0.200258 -0.436374 0.39792 1 
0.999292 -0.0344101 0.0145368 0 -0.0349015 -0.998767 0.0350231 0 0.013314 -0.0355064 -0.999281 0 -0.199452 -0.439048 0.393921 1 
0.999217 -0.0360901 0.0156094 0 -0.036575 -0.998809 0.0319847 0 0.0144368 -0.0325312 -0.999366 0 -0.198845 -0.441696 0.389555 1 
0.999168 -0.0371173 0.0162981 0 -0.0375909 -0.99884 0.0297831 0 0.015174 -0.0303715 -0.999423 0 -0.198368 -0.444299 0.385498 1 
0.999105 -0.0386347 0.016638 0 -0.0390989 -0.998818 0.0285406 0 0.015516 -0.0291662 -0.999454 0 -0.198043 -0.44711 0.381314 1 
0.999028 -0.0404594 0.0169375 0 -0.0409128 -0.998779 0.0273359 0 0.0158111 -0.0280028 -0.999483 0 -0.19786 -0.449992 0.376886 1 
0.998971 -0.0419554 0.0166355 0 -0.042407 -0.998704 0.0277934 0 0.0154482 -0.0284708 -0.999475 0 -0.197755 -0.453026 0.372891 1 
0.998883 -0.0440649 0.0165051 0 -0.0445149 -0.998607 0.027972 0 0.0152498 -0.028676 -0.999472 0 -0.19778 -0.456343 0.368182 1 
0.998785 -0.0465553 0.0155494 0 -0.0470094 -0.998427 0.0302384 0 0.0141174 -0.0309332 -0.999422 0 -0.197973 -0.459675 0.364112 1 
0.998651 -0.0495549 0.0148523 0 -0.0500091 -0.998228 0.0319521 0 0.0132429 -0.0326524 -0.999379 0 -0.198152 -0.462885 0.35987 1 
0.998508 -0.0526006 0.0139633 0 -0.0530512 -0.997998 0.0341474 0 0.0121395 -0.0348379 -0.999319 0 -0.198464 -0.466231 0.355504 1 
0.998354 -0.055714 0.0128517 0 -0.0561551 -0.997727 0.0369884 0 0.0107619 -0.03765 -0.999233 0 -0.198786 -0.469581 0.35124 1 
0.998123 -0.0598556 0.0121989 0 -0.0602857 -0.997424 0.0386161 0 0.00985632 -0.0392798 -0.99918 0 -0.199238 -0.472736 0.346489 1 
0.99788 -0.0639493 0.0112626 0 -0.0643593 -0.99708 0.0408695 0 0.0086163 -0.0415085 -0.999101 0 -0.199698 -0.475781 0.342195 1 
0.997639 -0.0676791 0.0107604 0 -0.0680748 -0.996783 0.0420751 0 0.00787831 -0.0427091 -0.999056 0 -0.200256 -0.478686 0.337228 1 
0.997445 -0.070576 0.0101845 0 -0.0709531 -0.996531 0.0432611 0 0.00709617 -0.043874 -0.999012 0 -0.200795 -0.481207 0.332903 1 
0.997254 -0.0732206 0.0102181 0 -0.0735924 -0.996367 0.0426416 0 0.00705883 -0.0432773 -0.999038 0 -0.201356 -0.483541 0.32783 1 
0.99702 -0.0763476 0.0101391 0 -0.0767124 -0.996136 0.0425379 0 0.00685241 -0.0431897 -0.999043 0 -0.202038 -0.485782 0.322905 1 
0.996805 -0.0790818 0.0103149 0 -0.0794445 -0.995966 0.0414749 0 0.00699355 -0.0421626 -0.999086 0 -0.202677 -0.487762 0.317822 1 
0.996633 -0.0811699 0.0107482 0 -0.0815329 -0.995886 0.0393002 0 0.00751411 -0.0400449 -0.99917 0 -0.203424 -0.489544 0.312275 1 
0.996559 -0.0820264 0.0110763 0 -0.0823851 -0.995897 0.0371731 0 0.0079818 -0.0379584 -0.999247 0 -0.204142 -0.491082 0.307165 1 
0.996515 -0.0824911 0.0115699 0 -0.0828461 -0.995952 0.0345843 0 0.00867038 -0.035423 -0.999335 0 -0.204955 -0.492448 0.30177 1 
0.996489 -0.0827582 0.0119315 0 -0.0831037 -0.996012 0.0321623 0 0.00922235 -0.0330416 -0.999411 0 -0.205733 -0.493741 0.296627 1 
0.996447 -0.0831468 0.0126444 0 -0.0834802 -0.996088 0.0286358 0 0.0102142 -0.0295902 -0.99951 0 -0.206537 -0.494921 0.290856 1 
0.996427 -0.0833414 0.0129831 0 -0.0836549 -0.99615 0.0258432 0 0.0107795 -0.0268374 -0.999582 0 -0.207278 -0.495995 0.285887 1 
0.996431 -0.0832739 0.0131265 0 -0.0835553 -0.996237 0.0225905 0 0.0111961 -0.0236071 -0.999659 0 -0.208069 -0.497137 0.280179 1 
0.996485 -0.0827025 0.0125904 0 -0.0829415 -0.996348 0.0198196 0 0.0109055 -0.0207946 -0.999724 0 -0.208883 -0.498326 0.274564 1 
0.99658 -0.0816753 0.0117161 0 -0.0818649 -0.996493 0.0167347 0 0.0103084 -0.017637 -0.999791 0 -0.209668 -0.499428 0.26895 1 
0.996693 -0.0804491 0.0105753 0 -0.0805947 -0.996637 0.0141514 0 0.00940142 -0.0149572 -0.999844 0 -0.210413 -0.500492 0.263769 1 
0.996847 -0.0787335 0.00883229 0 -0.0788387 -0.996802 0.0122772 0 0.00783757 -0.0129351 -0.999886 0 -0.211194 -0.501742 0.258497 1 
0.997015 -0.0767763 0.00692634 0 -0.076846 -0.996979 0.0104271 0 0.00610498 -0.0109285 -0.999922 0 -0.211944 -0.502968 0.252956 1 
0.997179 -0.0747678 0.00493541 0 -0.0748117 -0.997144 0.0093891 0 0.00421939 -0.00973203 -0.999944 0 -0.212597 -0.504186 0.248154 1 
0.997331 -0.072811 0.00326697 0 -0.0728331 -0.997308 0.00725016 0 0.00273034 -0.0074689 -0.999968 0 -0.213297 -0.505277 0.242625 1 
0.997483 -0.0707621 0.00111323 0 -0.0707682 -0.997459 0.00694958 0 0.000618645 -0.007011 -0.999975 0 -0.213993 -0.506592 0.237851 1 
0.997624 -0.0687585 -0.000515121 0 -0.0687545 -0.997608 0.00560901 0 -0.000899573 -0.00556037 -0.999984 0 -0.214567 -0.507719 0.232565 1 
0.997746 -0.0669277 -0.00210588 0 -0.0669161 -0.997735 0.00518783 0 -0.00244837 -0.00503531 -0.999984 0 -0.215083 -0.508916 0.227839 1 
0.99784 -0.0654726 -0.00310861 0 -0.0654595 -0.997837 0.00414593 0 -0.00337339 -0.00393356 -0.999987 0 -0.215547 -0.509955 0.223069 1 
0.997929 -0.064041 -0.00408246 0 -0.0640272 -0.997933 0.00343874 0 -0.00429432 -0.00317029 -0.999986 0 -0.215962 -0.51102 0.218297 1 
0.998034 -0.0622958 -0.00537269 0 -0.0622794 -0.998044 0.00316768 0 -0.00555962 -0.00282689 -0.999981 0 -0.216334 -0.512134 0.214094 1 
0.998134 -0.0605704 -0.00629166 0 -0.0605603 -0.998153 0.00177753 0 -0.00638783 -0.00139322 -0.999979 0 -0.216691 -0.513083 0.209452 1 
0.998231 -0.0588256 -0.00737635 0 -0.0588209 -0.998259 0.000846253 0 -0.00741343 -0.000410881 -0.999972 0 -0.21707 -0.514072 0.205387 1 
0.998323 -0.0571303 -0.00830976 0 -0.0571349 -0.998357 -0.000319835 0 -0.00827799 0.000794091 -0.999965 0 -0.217448 -0.515061 0.20147 1 
0.998405 -0.0555455 -0.00912533 0 -0.0555598 -0.998445 -0.00131561 0 -0.00903824 0.00182055 -0.999957 0 -0.217815 -0.516095 0.19742 1 
0.998476 -0.0540779 -0.0101455 0 -0.054093 -0.998526 -0.0012175 0 -0.0100649 0.00176448 -0.999948 0 -0.21822 -0.517352 0.194008 1 
0.998553 -0.0524146 -0.0111628 0 -0.0524379 -0.998613 -0.00180251 0 -0.0110531 0.00238531 -0.999936 0 -0.218675 -0.518572 0.190417 1 
0.99865 -0.0501598 -0.0127908 0 -0.0501921 -0.998727 -0.00221622 0 -0.0126636 0.00285528 -0.999916 0 -0.219236 -0.519914 0.186993 1 
0.998756 -0.047298 -0.015187 0 -0.0473355 -0.998867 -0.00212057 0 -0.0150698 0.00283687 -0.999882 0 -0.219917 -0.52139 0.18431 1 
0.998877 -0.0435729 -0.0180814 0 -0.0436327 -0.999034 -0.00292524 0 -0.0179368 0.00371097 -0.999832 0 -0.220737 -0.522885 0.180947 1 
0.99897 -0.0396937 -0.0215392 0 -0.0397547 -0.999197 -0.0024099 0 -0.0214267 0.00326377 -0.999765 0 -0.221644 -0.524594 0.178047 1 
0.999037 -0.0354481 -0.0254888 0 -0.0354935 -0.999359 -0.00133103 0 -0.0254257 0.00223447 -0.999674 0 -0.222607 -0.52643 0.175643 1 
0.999088 -0.0304232 -0.0296399 0 -0.0304802 -0.999525 -0.00147379 0 -0.0295816 0.00237592 -0.99956 0 -0.223604 -0.528201 0.17262 1 
0.999091 -0.0250577 -0.0342038 0 -0.0251112 -0.999674 -0.00113704 0 -0.0341648 0.00199495 -0.999414 0 -0.224663 -0.530144 0.170046 1 
0.999055 -0.0199424 -0.0383664 0 -0.0199934 -0.99979 -0.000946879 0 -0.0383402 0.00171309 -0.999263 0 -0.225627 -0.53208 0.167492 1 
0.999012 -0.0152645 -0.0414945 0 -0.0153634 -0.99987 -0.00206454 0 -0.0414584 0.00270005 -0.999137 0 -0.22635 -0.533739 0.164632 1 
0.998932 -0.010643 -0.0447475 0 -0.0107593 -0.99993 -0.00235925 0 -0.0447201 0.00283824 -0.998996 0 -0.22708 -0.53573 0.162241 1 
0.998848 -0.00667184 -0.0473195 0 -0.00679192 -0.999964 -0.00237713 0 -0.0473029 0.00269583 -0.998877 0 -0.227677 -0.537832 0.159673 1 
0.998788 -0.00326306 -0.0489152 0 -0.00341147 -0.99998 -0.00295083 0 -0.0489055 0.00311418 -0.998799 0 -0.227996 -0.539791 0.156772 1 
0.99872 -0.00034441 -0.0503806 0 -0.000464094 -0.999987 -0.00236391 0 -0.0503801 0.00238431 -0.998727 0 -0.228218 -0.542 0.154375 1 
0.998675 0.00244549 -0.0512213 0 0.0023208 -0.999985 -0.00249372 0 -0.0512276 0.00237159 -0.998684 0 -0.22829 -0.544205 0.151398 1 
0.998633 0.00509696 -0.0518354 0 0.00496077 -0.999974 -0.00275563 0 -0.0518491 0.00249477 -0.998652 0 -0.228245 -0.546392 0.148675 1 
0.998614 0.00737164 -0.0519266 0 0.00719119 -0.999958 -0.003661 0 -0.0519524 0.00328258 -0.998644 0 -0.228083 -0.548313 0.146138 1 
0.998619 0.00985308 -0.0514203 0 0.00956818 -0.999928 -0.00578368 0 -0.0514745 0.0052838 -0.99866 0 -0.227739 -0.550274 0.142689 1 
0.998601 0.0121215 -0.0512848 0 0.0117846 -0.999897 -0.00686689 0 -0.0513638 0.00625303 -0.99866 0 -0.227446 -0.552316 0.140175 1 
0.998602 0.0141623 -0.0507315 0 0.0137398 -0.999858 -0.00866853 0 -0.0508481 0.00795953 -0.998675 0 -0.227132 -0.554199 0.13734 1 
0.998607 0.0161741 -0.0500297 0 0.0156535 -0.99981 -0.0107809 0 -0.0501956 0.00998298 -0.99869 0 -0.226767 -0.555966 0.134434 1 
0.998579 0.0182128 -0.0498837 0 0.0176394 -0.999764 -0.0119114 0 -0.0500898 0.0110148 -0.998684 0 -0.226536 -0.557901 0.132228 1 
0.998555 0.0202176 -0.0495885 0 0.0195649 -0.999706 -0.0136136 0 -0.0498501 0.012624 -0.998677 0 -0.226347 -0.559704 0.129627 1 
0.998528 0.0222315 -0.0492873 0 0.0215068 -0.999644 -0.0151851 0 -0.0496083 0.014103 -0.998669 0 -0.226124 -0.561562 0.127036 1 
0.998485 0.0239429 -0.0493535 0 0.0231916 -0.999597 -0.0157411 0 -0.0497115 0.0145729 -0.998657 0 -0.226081 -0.563584 0.125073 1 
0.998458 0.0253582 -0.0491827 0 0.0245651 -0.99955 -0.0166621 0 -0.049584 0.0154286 -0.998651 0 -0.226117 -0.565408 0.122878 1 
0.998425 0.0268358 -0.049082 0 0.0260129 -0.999502 -0.0173273 0 -0.0495235 0.0160236 -0.998644 0 -0.226194 -0.567318 0.120781 1 
0.99838 0.0281165 -0.0492791 0 0.0272997 -0.99947 -0.0171707 0 -0.0497367 0.0157979 -0.998637 0 -0.226408 -0.569417 0.119152 1 
0.998342 0.0293403 -0.0493231 0 0.0285158 -0.999433 -0.0173373 0 -0.0498048 0.0159024 -0.998632 0 -0.226673 -0.571429 0.117244 1 
0.998298 0.0306422 -0.0494204 0 0.0298084 -0.999392 -0.0175215 0 -0.0499282 0.0160188 -0.998624 0 -0.226985 -0.573366 0.11537 1 
0.998239 0.0319266 -0.0497972 0 0.031113 -0.999361 -0.0170279 0 -0.05031 0.0154489 -0.998614 0 -0.227414 -0.57542 0.113944 1 
0.9982 0.0326971 -0.0500873 0 0.0319025 -0.999344 -0.0165832 0 -0.0505976 0.0149558 -0.998607 0 -0.227905 -0.577362 0.112492 1 
0.998164 0.0334742 -0.0502964 0 0.0326841 -0.999321 -0.0164499 0 -0.0508138 0.0147761 -0.998599 0 -0.228492 -0.579428 0.110606 1 
0.998112 0.0343267 -0.050747 0 0.0335623 -0.999301 -0.0158398 0 -0.0512563 0.014107 -0.998586 0 -0.229123 -0.581462 0.109161 1 
0.998063 0.0349677 -0.0512574 0 0.034243 -0.999292 -0.0149492 0 -0.0517448 0.0131653 -0.998574 0 -0.229768 -0.583417 0.107991 1 
0.998033 0.0355755 -0.0514306 0 0.0348553 -0.999273 -0.0148329 0 -0.0519219 0.0130113 -0.998566 0 -0.230382 -0.585221 0.106232 1 
0.997993 0.0364602 -0.0515972 0 0.0357392 -0.999242 -0.0148268 0 -0.0520996 0.0129532 -0.998558 0 -0.230944 -0.586918 0.104485 1 
0.997945 0.0371275 -0.0520443 0 0.0364369 -0.999226 -0.0141562 0 -0.0525306 0.012231 -0.998544 0 -0.231619 -0.588794 0.103117 1 
0.997918 0.0375396 -0.052252 0 0.0368554 -0.999213 -0.0139978 0 -0.0527373 0.0120431 -0.998536 0 -0.232289 -0.590521 0.101369 1 
0.997912 0.037882 -0.0521236 0 0.0371728 -0.999194 -0.0145103 0 -0.0526322 0.0125427 -0.998535 0 -0.232847 -0.591995 0.0992155 1 
0.997907 0.0379201 -0.0521873 0 0.0372154 -0.999194 -0.0144103 0 -0.0526927 0.0124382 -0.998533 0 -0.233449 -0.593541 0.0975095 1 
0.997905 0.0378894 -0.0522608 0 0.0371912 -0.999197 -0.0142698 0 -0.0527605 0.0122965 -0.998531 0 -0.234103 -0.59518 0.0956869 1 
0.997922 0.0378659 -0.0519504 0 0.0371279 -0.999187 -0.0150983 0 -0.0524809 0.0131384 -0.998535 0 -0.234675 -0.596511 0.0932464 1 
0.997934 0.037858 -0.0517187 0 0.0370934 -0.999179 -0.015665 0 -0.0522703 0.0137144 -0.998539 0 -0.235208 -0.597845 0.0910253 1 
0.997935 0.0378787 -0.0516855 0 0.0371106 -0.999178 -0.0157394 0 -0.0522402 0.0137891 -0.998539 0 -0.235775 -0.599341 0.0890662 1 
0.997945 0.0379238 -0.05146 0 0.0371345 -0.999169 -0.0162085 0 -0.0520329 0.0142645 -0.998543 0 -0.236285 -0.60069 0.0866422 1 
0.99795 0.0380238 -0.0512919 0 0.0372233 -0.999162 -0.0164731 0 -0.0518763 0.0145304 -0.998548 0 -0.236737 -0.602012 0.084321 1 
0.997935 0.0380944 -0.051523 0 0.0373269 -0.999169 -0.0157773 0 -0.0520822 0.0138218 -0.998547 0 -0.237278 -0.603572 0.0824473 1 
0.997921 0.0381374 -0.0517692 0 0.0374099 -0.999179 -0.01495 0 -0.0522978 0.0129824 -0.998547 0 -0.237854 -0.605154 0.0801758 1 
0.997891 0.0382062 -0.0522902 0 0.0375618 -0.999197 -0.0132502 0 -0.0527554 0.0112584 -0.998544 0 -0.238413 -0.606765 0.0779666 1 
0.997837 0.0382497 -0.0532785 0 0.0377509 -0.999224 -0.0103374 0 -0.0536336 0.00830391 -0.998526 0 -0.239024 -0.608547 0.0762939 1 
0.997774 0.0382063 -0.0544709 0 0.0378868 -0.999249 -0.0068863 0 -0.0546941 0.00480733 -0.998492 0 -0.239739 -0.610481 0.0746181 1 
0.997709 0.0381831 -0.05568 0 0.0380627 -0.999261 -0.00322203 0 -0.055763 0.00109534 -0.998443 0 -0.240438 -0.612405 0.0725135 1 
0.997596 0.0382201 -0.057636 0 0.0384311 -0.999248 0.00255643 0 -0.0574961 -0.00476539 -0.998334 0 -0.241199 -0.61473 0.0708124 1 
0.997467 0.0382482 -0.0598138 0 0.0388477 -0.999196 0.00889166 0 -0.0594268 -0.011193 -0.99817 0 -0.241931 -0.61703 0.0695807 1 
0.997332 0.0381555 -0.0620782 0 0.0391932 -0.9991 0.0155843 0 -0.061429 -0.0179761 -0.99795 0 -0.242765 -0.619456 0.0679224 1 
0.997222 0.0380436 -0.0638839 0 0.039459 -0.99899 0.0210408 0 -0.0630201 -0.0235036 -0.997735 0 -0.243478 -0.621433 0.0661741 1 
0.997137 0.03792 -0.0652804 0 0.039635 -0.998887 0.025179 0 -0.0642542 -0.0276948 -0.997549 0 -0.24412 -0.623128 0.0647214 1 
0.997069 0.0376461 -0.0664667 0 0.0396242 -0.998793 0.0286967 0 -0.0653074 -0.0312469 -0.997376 0 -0.244826 -0.624783 0.063263 1 
0.997051 0.0372584 -0.0669501 0 0.0393616 -0.998754 0.030375 0 -0.0657362 -0.0329213 -0.997294 0 -0.245435 -0.625914 0.0614938 1 
0.997089 0.0367583 -0.0666604 0 0.0388265 -0.998786 0.0300008 0 -0.0654779 -0.0325023 -0.997325 0 -0.245921 -0.626543 0.059482 1 
0.997122 0.0363558 -0.0663837 0 0.0383741 -0.998822 0.0293843 0 -0.0652385 -0.0318478 -0.997361 0 -0.246445 -0.62719 0.0575518 1 
0.99714 0.0358702 -0.0663702 0 0.0378856 -0.998841 0.0293609 0 -0.0652413 -0.0317921 -0.997363 0 -0.247102 -0.628022 0.055982 1 
0.99717 0.0351936 -0.0662887 0 0.0372024 -0.998868 0.0293169 0 -0.0651831 -0.0317007 -0.99737 0 -0.247825 -0.628832 0.0543302 1 
0.997213 0.0344741 -0.0660161 0 0.0364406 -0.998911 0.0288192 0 -0.0649519 -0.0311451 -0.997402 0 -0.24853 -0.629482 0.0523497 1 
0.997239 0.0338739 -0.0659339 0 0.0358299 -0.998936 0.0287122 0 -0.0648924 -0.0309959 -0.997411 0 -0.249234 -0.630277 0.050622 1 
0.997244 0.0332417 -0.0661771 0 0.0352484 -0.998937 0.0293885 0 -0.065131 -0.0316408 -0.997375 0 -0.250024 -0.631355 0.049363 1 
0.997243 0.0325342 -0.0665433 0 0.034618 -0.998928 0.0304041 0 -0.0654841 -0.0326245 -0.99732 0 -0.250885 -0.632547 0.048282 1 
0.99725 0.0318585 -0.066773 0 0.0339907 -0.99893 0.0310421 0 -0.0657139 -0.033227 -0.997285 0 -0.251721 -0.633627 0.0469196 1 
0.997251 0.0313122 -0.0670138 0 0.0334916 -0.998928 0.0316488 0 -0.0659522 -0.0338068 -0.99725 0 -0.252484 -0.634654 0.0456211 1 
0.997244 0.0307204 -0.0673925 0 0.0329788 -0.998913 0.0326572 0 -0.0663172 -0.0347904 -0.997192 0 -0.25326 -0.63579 0.0446208 1 
0.997228 0.0301643 -0.0678781 0 0.0325285 -0.998883 0.0339981 0 -0.066778 -0.0361125 -0.997114 0 -0.254003 -0.637004 0.043919 1 
0.997211 0.0296476 -0.068349 0 0.0321185 -0.998849 0.0353404 0 -0.0672239 -0.0374378 -0.997035 0 -0.254697 -0.638212 0.0432331 1 
0.997196 0.0291132 -0.0687952 0 0.031687 -0.998817 0.036621 0 -0.0676489 -0.038699 -0.996958 0 -0.25542 -0.63947 0.0423813 1 
0.997201 0.02859 -0.068945 0 0.0312178 -0.998805 0.0373427 0 -0.0677963 -0.0393912 -0.996921 0 -0.256 -0.640461 0.0413752 1 
0.997214 0.0280969 -0.0689579 0 0.0307547 -0.998803 0.0377889 0 -0.0678149 -0.0398051 -0.996904 0 -0.256472 -0.641295 0.0404413 1 
0.997233 0.0276089 -0.0688824 0 0.0302854 -0.998805 0.0381196 0 -0.0677489 -0.040101 -0.996896 0 -0.256893 -0.642095 0.0395633 1 
0.99726 0.027042 -0.0687226 0 0.0297434 -0.998803 0.0385938 0 -0.067598 -0.0405328 -0.996889 0 -0.25723 -0.642873 0.038779 1 
0.997299 0.0262939 -0.068444 0 0.0290289 -0.998797 0.0392764 0 -0.0673302 -0.041158 -0.996881 0 -0.257515 -0.643667 0.038048 1 
0.997351 0.0254413 -0.0680091 0 0.0281969 -0.998797 0.039869 0 -0.0669143 -0.0416818 -0.996888 0 -0.257749 -0.644383 0.0372757 1 
0.997427 0.0244183 -0.0672556 0 0.0271685 -0.998809 0.0402854 0 -0.0661931 -0.0420098 -0.996922 0 -0.257854 -0.644961 0.0364214 1 
0.997525 0.0231705 -0.0662403 0 0.025901 -0.998827 0.0406639 0 -0.0652217 -0.0422797 -0.996975 0 -0.257862 -0.645448 0.0356206 1 
0.997614 0.0219903 -0.0652937 0 0.0246952 -0.998848 0.0409124 0 -0.06432 -0.042428 -0.997027 0 -0.257891 -0.645869 0.0349699 1 
0.99769 0.021047 -0.0644382 0 0.0237123 -0.998873 0.0408803 0 -0.0635064 -0.0423146 -0.997084 0 -0.257916 -0.646218 0.0344167 1 
0.997747 0.0201547 -0.0638394 0 0.0228076 -0.998885 0.0411016 0 -0.0629411 -0.0424658 -0.997113 0 -0.257968 -0.64655 0.0340506 1 
0.997815 0.0186081 -0.063249 0 0.0212802 -0.998888 0.041839 0 -0.0624013 -0.0430944 -0.99712 0 -0.258044 -0.646919 0.033904 1 
0.997881 0.0172872 -0.0625699 0 0.0199703 -0.998887 0.0425127 0 -0.0617665 -0.043673 -0.997135 0 -0.258086 -0.647249 0.0338774 1 
0.997939 0.0163069 -0.061908 0 0.0189703 -0.998899 0.0426789 0 -0.0611451 -0.0437662 -0.997169 0 -0.258147 -0.647484 0.0339907 1 
0.99801 0.0152211 -0.0610415 0 0.0178297 -0.998931 0.0424204 0 -0.0603318 -0.0434251 -0.997233 0 -0.258203 -0.647628 0.0342432 1 
0.998113 0.0137736 -0.0596804 0 0.0162747 -0.998991 0.0416249 0 -0.059048 -0.0425184 -0.997349 0 -0.258177 -0.647714 0.0345565 1 
0.998243 0.0118051 -0.0578926 0 0.0141704 -0.999065 0.0406177 0 -0.05736 -0.0413675 -0.997496 0 -0.258114 -0.647823 0.0349068 1 
0.998398 0.00962647 -0.0555896 0 0.0117748 -0.999182 0.0384482 0 -0.055175 -0.0390419 -0.997713 0 -0.258036 -0.647758 0.0352679 1 
0.998586 0.00697549 -0.0525143 0 0.00884151 -0.999325 0.0353853 0 -0.0522331 -0.0358003 -0.997993 0 -0.257869 -0.647563 0.0356087 1 
0.998805 0.00397071 -0.0485149 0 0.00548413 -0.999492 0.0311015 0 -0.0483677 -0.031331 -0.998338 0 -0.257554 -0.647203 0.0359158 1 
