0.999921 0.00832433 -0.00834908 0 0.00882739 -0.998018 0.062146 0 -0.00781536 -0.0622159 -0.998032 0 -0.22969 -0.332645 0.490624 1 
0.999921 0.00833154 -0.00835294 0 0.00883487 -0.998018 0.0621505 0 -0.00781873 -0.0622206 -0.998032 0 -0.22969 -0.332647 0.490626 1 
0.999921 0.00832625 -0.00834835 0 0.00882926 -0.998018 0.0621447 0 -0.00781453 -0.0622147 -0.998032 0 -0.229689 -0.332646 0.490623 1 
0.999921 0.00832271 -0.0083452 0 0.00882554 -0.998018 0.062146 0 -0.00781159 -0.0622159 -0.998032 0 -0.229692 -0.332645 0.490623 1 
0.999921 0.00832517 -0.00834812 0 0.00882817 -0.998018 0.0621458 0 -0.00781436 -0.0622157 -0.998032 0 -0.22969 -0.332646 0.490624 1 
0.999921 0.00832633 -0.00834972 0 0.00882943 -0.998018 0.0621464 0 -0.00781588 -0.0622164 -0.998032 0 -0.22969 -0.332646 0.490624 1 
0.999921 0.00833198 -0.00834794 0 0.00883496 -0.998018 0.0621469 0 -0.00781375 -0.0622169 -0.998032 0 -0.229689 -0.332647 0.490624 1 
0.999921 0.00832367 -0.0083434 0 0.00882635 -0.998019 0.0621423 0 -0.00780976 -0.0622122 -0.998032 0 -0.22969 -0.332645 0.490622 1 
0.999921 0.00832501 -0.00834897 0 0.00882808 -0.998018 0.0621476 0 -0.00781519 -0.0622176 -0.998032 0 -0.229691 -0.332645 0.490624 1 
0.999921 0.00832631 -0.0083515 0 0.00882955 -0.998018 0.0621488 0 -0.00781762 -0.0622189 -0.998032 0 -0.22969 -0.332646 0.490625 1 
0.999921 0.0083245 -0.00834967 0 0.0088276 -0.998018 0.0621454 0 -0.00781594 -0.0622154 -0.998032 0 -0.229689 -0.332647 0.490624 1 
0.999921 0.00832774 -0.00835089 0 0.00883094 -0.998018 0.0621495 0 -0.00781692 -0.0622195 -0.998032 0 -0.229689 -0.332646 0.490625 1 
0.999921 0.00832629 -0.00834817 0 0.0088293 -0.998018 0.0621472 0 -0.00781432 -0.0622172 -0.998032 0 -0.229691 -0.332645 0.490624 1 
0.999921 0.00832946 -0.00834655 0 0.00883234 -0.998019 0.0621434 0 -0.00781254 -0.0622134 -0.998032 0 -0.229689 -0.332647 0.490622 1 
0.999921 0.00832651 -0.008347 0 0.00882946 -0.998018 0.062148 0 -0.00781314 -0.062218 -0.998032 0 -0.229692 -0.332646 0.490623 1 
0.999921 0.00831905 -0.00835039 0 0.00882223 -0.998018 0.0621487 0 -0.00781698 -0.0622187 -0.998032 0 -0.229691 -0.332644 0.490625 1 
0.999921 0.00832856 -0.00834697 0 0.00883147 -0.998018 0.0621436 0 -0.00781302 -0.0622136 -0.998032 0 -0.22969 -0.332646 0.490622 1 
0.999921 0.00832076 -0.0083478 0 0.00882374 -0.998018 0.0621456 0 -0.00781431 -0.0622155 -0.998032 0 -0.229691 -0.332646 0.490624 1 
0.999921 0.00831957 -0.00834828 0 0.00882258 -0.998019 0.0621443 0 -0.00781488 -0.0622142 -0.998032 0 -0.229691 -0.332646 0.490623 1 
0.999921 0.00832674 -0.00834965 0 0.00882983 -0.998018 0.0621453 0 -0.00781579 -0.0622153 -0.998032 0 -0.22969 -0.332645 0.490624 1 
0.999921 0.00832704 -0.00834791 0 0.00883004 -0.998018 0.0621479 0 -0.00781401 -0.0622179 -0.998032 0 -0.229692 -0.332645 0.490624 1 
0.999921 0.00831832 -0.00834715 0 0.00882128 -0.998018 0.0621475 0 -0.0078138 -0.0622174 -0.998032 0 -0.229693 -0.332645 0.490624 1 
0.999921 0.00832017 -0.00834585 0 0.00882302 -0.998019 0.0621432 0 -0.00781242 -0.0622131 -0.998032 0 -0.229692 -0.332645 0.490622 1 
0.999921 0.00832574 -0.00834864 0 0.00882877 -0.998018 0.0621444 0 -0.00781485 -0.0622144 -0.998032 0 -0.22969 -0.332646 0.490624 1 
0.999921 0.00832504 -0.00834512 0 0.00882785 -0.998018 0.0621444 0 -0.00781138 -0.0622143 -0.998032 0 -0.229691 -0.332646 0.490622 1 
0.999921 0.00832367 -0.00835051 0 0.00882684 -0.998018 0.0621479 0 -0.00781681 -0.0622179 -0.998032 0 -0.22969 -0.332647 0.490624 1 
0.999921 0.00832535 -0.00834775 0 0.00882834 -0.998018 0.0621465 0 -0.00781396 -0.0622165 -0.998032 0 -0.229691 -0.332645 0.490623 1 
0.999921 0.00831922 -0.00834748 0 0.00882219 -0.998018 0.0621453 0 -0.00781409 -0.0622152 -0.998032 0 -0.229691 -0.332646 0.490623 1 
0.999921 0.00832319 -0.00834269 0 0.00882583 -0.998019 0.0621423 0 -0.00780909 -0.0622122 -0.998032 0 -0.229692 -0.332645 0.490621 1 
0.999921 0.00832722 -0.00834682 0 0.00883014 -0.998018 0.0621465 0 -0.00781292 -0.0622165 -0.998032 0 -0.229691 -0.332646 0.490624 1 
0.999921 0.00832586 -0.00834971 0 0.00882897 -0.998018 0.0621467 0 -0.00781589 -0.0622167 -0.998032 0 -0.229689 -0.332646 0.490624 1 
0.999921 0.00832576 -0.00834875 0 0.00882879 -0.998018 0.0621443 0 -0.00781496 -0.0622143 -0.998032 0 -0.229691 -0.332645 0.490623 1 
0.999921 0.00832806 -0.00834895 0 0.00883111 -0.998018 0.062146 0 -0.007815 -0.062216 -0.998032 0 -0.229688 -0.332646 0.490624 1 
0.999921 0.00832884 -0.00834752 0 0.0088318 -0.998018 0.0621449 0 -0.00781354 -0.0622149 -0.998032 0 -0.229689 -0.332646 0.490624 1 
0.999921 0.00832356 -0.00834819 0 0.00882657 -0.998018 0.0621454 0 -0.00781452 -0.0622154 -0.998032 0 -0.229691 -0.332645 0.490623 1 
0.999921 0.00833149 -0.00834949 0 0.00883456 -0.998018 0.0621454 0 -0.00781533 -0.0622155 -0.998032 0 -0.229688 -0.332647 0.490624 1 
0.999921 0.00833141 -0.00834964 0 0.00883446 -0.998019 0.062142 0 -0.00781551 -0.0622121 -0.998032 0 -0.229688 -0.332647 0.490622 1 
0.999921 0.00832576 -0.00834959 0 0.00882887 -0.998018 0.062148 0 -0.00781577 -0.062218 -0.998032 0 -0.229689 -0.332647 0.490625 1 
0.999921 0.00832921 -0.00835452 0 0.0088326 -0.998018 0.0621445 0 -0.0078205 -0.0622145 -0.998032 0 -0.22969 -0.332647 0.490625 1 
0.99992 0.00832931 -0.00842698 0 0.00883797 -0.998012 0.0622417 0 -0.00789195 -0.0623124 -0.998025 0 -0.229697 -0.332656 0.49068 1 
0.99992 0.00832515 -0.00841402 0 0.00883292 -0.998013 0.0622304 0 -0.00787938 -0.0623009 -0.998026 0 -0.229695 -0.33265 0.490672 1 
0.999921 0.00832294 -0.00837954 0 0.00882818 -0.998016 0.0621815 0 -0.00784554 -0.0622517 -0.99803 0 -0.229698 -0.332655 0.490646 1 
0.999921 0.00831292 -0.00836774 0 0.00881738 -0.998017 0.0621729 0 -0.00783446 -0.062243 -0.99803 0 -0.229701 -0.332652 0.490639 1 
0.999921 0.00832046 -0.00838696 0 0.00882626 -0.998015 0.0621936 0 -0.00785299 -0.0622639 -0.998029 0 -0.2297 -0.332654 0.490652 1 
0.99992 0.00833849 -0.00838738 0 0.00884423 -0.998016 0.0621861 0 -0.00785235 -0.0622566 -0.998029 0 -0.229693 -0.332658 0.490649 1 
0.999921 0.00832315 -0.00838133 0 0.00882851 -0.998016 0.0621833 0 -0.0078473 -0.0622536 -0.99803 0 -0.229696 -0.332654 0.490647 1 
0.999921 0.00830557 -0.00837902 0 0.00881093 -0.998015 0.0621957 0 -0.00784598 -0.0622658 -0.998029 0 -0.229705 -0.33265 0.490651 1 
0.999921 0.00830861 -0.00838721 0 0.00881453 -0.998015 0.062203 0 -0.00785389 -0.0622732 -0.998028 0 -0.229702 -0.332652 0.490656 1 
0.999921 0.00832 -0.00838637 0 0.00882575 -0.998016 0.062191 0 -0.00785245 -0.0622613 -0.998029 0 -0.229701 -0.332651 0.490651 1 
0.999921 0.00830774 -0.0083863 0 0.00881356 -0.998015 0.0621978 0 -0.00785308 -0.062268 -0.998029 0 -0.229703 -0.33265 0.490653 1 
0.999921 0.00831601 -0.00839301 0 0.0088223 -0.998015 0.0622073 0 -0.00785918 -0.0622776 -0.998028 0 -0.229701 -0.332654 0.490657 1 
0.99992 0.00836156 -0.00840514 0 0.00886849 -0.998015 0.0622021 0 -0.0078685 -0.0622729 -0.998028 0 -0.229687 -0.332667 0.490657 1 
0.99992 0.00833377 -0.00839204 0 0.00883984 -0.998015 0.0621909 0 -0.00785725 -0.0622613 -0.998029 0 -0.229696 -0.332664 0.49065 1 
0.999921 0.00826327 -0.0083765 0 0.00876869 -0.998015 0.0622138 0 -0.00784593 -0.0622835 -0.998028 0 -0.229726 -0.332644 0.490654 1 
0.999921 0.0082646 -0.00838023 0 0.00877027 -0.998015 0.062216 0 -0.00784955 -0.0622858 -0.998027 0 -0.229724 -0.332644 0.490655 1 
0.999921 0.008322 -0.00839337 0 0.00882821 -0.998015 0.0621946 0 -0.00785928 -0.0622649 -0.998029 0 -0.229701 -0.33266 0.49065 1 
0.999921 0.00829717 -0.00838593 0 0.00880306 -0.998015 0.0622067 0 -0.00785329 -0.0622768 -0.998028 0 -0.22971 -0.332654 0.490652 1 
0.999921 0.00826049 -0.00837324 0 0.00876569 -0.998015 0.0622109 0 -0.00784288 -0.0622806 -0.998028 0 -0.229725 -0.332644 0.490651 1 
0.999921 0.00829565 -0.00838441 0 0.0088014 -0.998015 0.062202 0 -0.00785192 -0.0622721 -0.998028 0 -0.229712 -0.332652 0.490651 1 
0.999921 0.00831848 -0.00838977 0 0.00882451 -0.998015 0.0622 0 -0.00785586 -0.0622703 -0.998028 0 -0.229702 -0.332659 0.490651 1 
0.999921 0.00829439 -0.00837995 0 0.00879986 -0.998015 0.0622012 0 -0.00784754 -0.0622712 -0.998028 0 -0.229713 -0.332651 0.490649 1 
0.999921 0.00829789 -0.00835519 0 0.00880154 -0.998017 0.0621663 0 -0.00782293 -0.0622361 -0.998031 0 -0.22971 -0.332653 0.490631 1 
0.999921 0.00830941 -0.00836347 0 0.00881352 -0.998018 0.0621622 0 -0.00783051 -0.0622322 -0.998031 0 -0.229705 -0.332657 0.490632 1 
0.999921 0.00829617 -0.0083608 0 0.0088002 -0.998017 0.0621694 0 -0.0078286 -0.0622393 -0.998031 0 -0.229711 -0.332653 0.490634 1 
0.999921 0.00828007 -0.00834819 0 0.00878328 -0.998018 0.062161 0 -0.00781709 -0.0622306 -0.998031 0 -0.229719 -0.332646 0.490628 1 
0.999921 0.00831548 -0.00835776 0 0.00881916 -0.998018 0.0621534 0 -0.00782451 -0.0622234 -0.998032 0 -0.229704 -0.332657 0.490627 1 
0.99992 0.00835051 -0.00837997 0 0.0088556 -0.998017 0.0621658 0 -0.00784439 -0.0622363 -0.998031 0 -0.229691 -0.332667 0.490637 1 
0.99992 0.00835275 -0.00837216 0 0.00885734 -0.998017 0.0621646 0 -0.00783646 -0.062235 -0.998031 0 -0.229691 -0.332666 0.490635 1 
0.999921 0.00832982 -0.00833238 0 0.00883153 -0.998021 0.0621065 0 -0.0077987 -0.0621764 -0.998035 0 -0.229695 -0.332656 0.490603 1 
0.999921 0.0083128 -0.00828663 0 0.00881137 -0.998024 0.0620645 0 -0.00775447 -0.0621338 -0.998038 0 -0.229702 -0.332649 0.490575 1 
0.999921 0.00831721 -0.00828307 0 0.00881541 -0.998025 0.0620472 0 -0.0077508 -0.0621165 -0.998039 0 -0.229702 -0.332652 0.490568 1 
0.999921 0.0083079 -0.00829285 0 0.00880689 -0.998023 0.0620678 0 -0.00776096 -0.0621372 -0.998037 0 -0.229706 -0.332653 0.490579 1 
0.999922 0.008274 -0.00829038 0 0.00877295 -0.998023 0.0620745 0 -0.00776054 -0.0621435 -0.998037 0 -0.229721 -0.332642 0.49058 1 
0.999922 0.008283 -0.00827699 0 0.00878098 -0.998024 0.0620578 0 -0.00774677 -0.0621268 -0.998038 0 -0.229719 -0.332646 0.490572 1 
0.999922 0.00829115 -0.00826538 0 0.0087881 -0.998026 0.0620214 0 -0.00773499 -0.0620904 -0.998041 0 -0.229713 -0.332648 0.490556 1 
0.999922 0.00834207 -0.00824498 0 0.00883732 -0.998029 0.0619767 0 -0.00771186 -0.0620459 -0.998044 0 -0.229694 -0.332659 0.490534 1 
0.999919 0.00844049 -0.0084047 0 0.00894571 -0.998026 0.0620078 0 -0.00786488 -0.0620792 -0.99804 0 -0.229692 -0.332695 0.490536 1 
0.999916 0.00848927 -0.0087531 0 0.0090181 -0.99801 0.0622611 0 -0.00820728 -0.062336 -0.998021 0 -0.229744 -0.332754 0.490618 1 
0.999915 0.00846668 -0.00884174 0 0.00900212 -0.998002 0.0623855 0 -0.00829603 -0.062461 -0.998013 0 -0.229769 -0.332769 0.490665 1 
0.999907 0.00850611 -0.00971697 0 0.00910363 -0.99795 0.0631998 0 -0.00915964 -0.0632836 -0.997954 0 -0.229924 -0.332956 0.490775 1 
0.999893 0.00871851 -0.0109351 0 0.0094065 -0.997862 0.0645281 0 -0.0103493 -0.0646252 -0.997856 0 -0.230094 -0.33331 0.490926 1 
0.999877 0.00914815 -0.0119444 0 0.00991557 -0.99777 0.0658551 0 -0.0113155 -0.0659667 -0.997758 0 -0.230144 -0.333734 0.491059 1 
0.999862 0.00977101 -0.0127346 0 0.0106017 -0.997695 0.0668855 0 -0.012052 -0.0670125 -0.997679 0 -0.230084 -0.334163 0.491148 1 
0.999853 0.0102915 -0.0130128 0 0.0111445 -0.997662 0.0672796 0 -0.0122902 -0.0674161 -0.997649 0 -0.22994 -0.334461 0.49114 1 
0.999853 0.0105815 -0.0127814 0 0.0114149 -0.997678 0.0669998 0 -0.012043 -0.0671371 -0.997671 0 -0.229699 -0.334695 0.49098 1 
0.999858 0.0106636 -0.012321 0 0.0114595 -0.997715 0.0664447 0 -0.0115845 -0.0665777 -0.997714 0 -0.229429 -0.334976 0.490688 1 
0.999867 0.0106017 -0.0116149 0 0.011341 -0.997775 0.065558 0 -0.0108942 -0.0656823 -0.997781 0 -0.229148 -0.335329 0.490227 1 
0.999878 0.0104638 -0.0107546 0 0.011135 -0.997854 0.0643703 0 -0.0100581 -0.0644834 -0.997868 0 -0.22891 -0.33569 0.489628 1 
0.999892 0.0101378 -0.00965555 0 0.0107242 -0.997961 0.06276 0 -0.0089998 -0.062858 -0.997982 0 -0.228662 -0.336116 0.488825 1 
0.999912 0.00938081 -0.00828495 0 0.00986787 -0.998089 0.0608469 0 -0.00769847 -0.0609245 -0.998113 0 -0.22842 -0.336615 0.487862 1 
0.999932 0.00850996 -0.00667232 0 0.00888718 -0.998226 0.0587067 0 -0.00616101 -0.0587632 -0.998253 0 -0.228175 -0.337185 0.486764 1 
0.999945 0.00815519 -0.00497786 0 0.00842319 -0.998361 0.0564313 0 -0.00450958 -0.0564712 -0.998394 0 -0.227937 -0.337844 0.48557 1 
0.999958 0.00736844 -0.00332261 0 0.00753792 -0.998489 0.0542641 0 -0.0029178 -0.0542879 -0.998521 0 -0.2277 -0.338652 0.48433 1 
0.999967 0.00657845 -0.00192092 0 0.00667016 -0.998592 0.052451 0 -0.0015732 -0.0524631 -0.998622 0 -0.227472 -0.339552 0.483177 1 
0.999973 0.00589472 -0.00071387 0 0.00592341 -0.998677 0.0508817 0 -0.000413 -0.0508855 -0.998704 0 -0.227248 -0.340683 0.481934 1 
0.999976 0.00531286 2.86318e-05 0 0.00530478 -0.998725 0.050001 0 0.000294249 -0.0500007 -0.998749 0 -0.22706 -0.342114 0.480681 1 
0.999977 0.0052198 0.000334047 0 0.00519674 -0.998741 0.0497086 0 0.000593107 -0.0497067 -0.998764 0 -0.226965 -0.343851 0.479339 1 
0.999975 0.00548452 1.67445e-05 0 0.00547673 -0.998709 0.0503056 0 0.000292631 -0.0503053 -0.998734 0 -0.226938 -0.346002 0.477918 1 
0.999971 0.00619519 -0.00111389 0 0.00624481 -0.998613 0.0520911 0 -0.000789642 -0.0520975 -0.998642 0 -0.226977 -0.348514 0.476569 1 
0.999965 0.00668326 -0.00249511 0 0.00680886 -0.998493 0.0542793 0 -0.00212863 -0.0542955 -0.998523 0 -0.22698 -0.351043 0.475372 1 
0.999958 0.00676599 -0.00425527 0 0.00699797 -0.998335 0.0570952 0 -0.00386196 -0.0571237 -0.99836 0 -0.22694 -0.353838 0.474209 1 
0.99995 0.00642567 -0.00623663 0 0.00678944 -0.998155 0.0601755 0 -0.00583857 -0.060216 -0.998168 0 -0.226918 -0.356731 0.473057 1 
0.999942 0.00594168 -0.00784497 0 0.00642267 -0.997997 0.0627817 0 -0.00745637 -0.0628297 -0.997996 0 -0.226883 -0.359609 0.471687 1 
0.999931 0.00546657 -0.00947608 0 0.0060768 -0.997817 0.0656115 0 -0.0090969 -0.0656658 -0.9978 0 -0.226789 -0.362754 0.470134 1 
0.99992 0.0050649 -0.0107199 0 0.00578165 -0.997664 0.0679217 0 -0.010351 -0.0679796 -0.997633 0 -0.226531 -0.365818 0.468583 1 
0.999914 0.00350011 -0.0118602 0 0.00432532 -0.997508 0.0702823 0 -0.0115848 -0.0703289 -0.997457 0 -0.226238 -0.368718 0.467157 1 
0.999911 0.00160686 -0.012463 0 0.00249932 -0.997397 0.0719262 0 -0.0123152 -0.0719524 -0.997332 0 -0.225798 -0.371641 0.465517 1 
0.999911 -0.00101654 -0.0125498 0 -9.92881e-05 -0.997332 0.0728733 0 -0.0125907 -0.072867 -0.997262 0 -0.225359 -0.374625 0.463505 1 
0.999899 -0.00499903 -0.012545 0 -0.00405942 -0.997252 0.0738369 0 -0.0128799 -0.07378 -0.997191 0 -0.224891 -0.377536 0.461545 1 
0.999874 -0.00910864 -0.0122484 0 -0.00817176 -0.99718 0.0744765 0 -0.0128924 -0.0743685 -0.997147 0 -0.224139 -0.380539 0.459526 1 
0.999827 -0.0136211 -0.0119209 0 -0.0126874 -0.99708 0.0751785 0 -0.0129104 -0.0750157 -0.997099 0 -0.223263 -0.383602 0.457478 1 
0.999756 -0.018614 -0.011041 0 -0.0177361 -0.997025 0.0748847 0 -0.0124023 -0.0746721 -0.997131 0 -0.222386 -0.386499 0.455188 1 
0.999632 -0.0249954 -0.00959697 0 -0.0242224 -0.996982 0.0736207 0 -0.0114084 -0.0733625 -0.99724 0 -0.221378 -0.389386 0.452591 1 
0.999457 -0.0315516 -0.00840212 0 -0.0308574 -0.996859 0.0728123 0 -0.0106733 -0.0725149 -0.99731 0 -0.220325 -0.392271 0.450135 1 
0.999235 -0.0381428 -0.00745951 0 -0.037503 -0.996653 0.07251 0 -0.0102005 -0.0721762 -0.99734 0 -0.219192 -0.395305 0.447716 1 
0.998985 -0.0444381 -0.00595122 0 -0.0439062 -0.996512 0.0708281 0 -0.0090781 -0.0704962 -0.997471 0 -0.217846 -0.398474 0.444759 1 
0.998717 -0.0502366 -0.00454167 0 -0.0498049 -0.996367 0.0689424 0 -0.00798875 -0.0686291 -0.99761 0 -0.216506 -0.401386 0.44194 1 
0.998445 -0.0554625 -0.00355852 0 -0.0550962 -0.996184 0.0675433 0 -0.0072912 -0.0672435 -0.99771 0 -0.215212 -0.404101 0.439443 1 
0.998122 -0.0610621 -0.00218505 0 -0.0607888 -0.995995 0.0654174 0 -0.00617095 -0.065163 -0.997856 0 -0.213682 -0.407052 0.436514 1 
0.997759 -0.0667606 -0.000407974 0 -0.0666044 -0.995807 0.0625509 0 -0.00458229 -0.0623848 -0.998042 0 -0.212044 -0.40991 0.433387 1 
0.997419 -0.0716605 0.000919226 0 -0.0715845 -0.995584 0.0605739 0 -0.00342565 -0.0604845 -0.998163 0 -0.210388 -0.412818 0.430493 1 
0.997089 -0.0760987 0.00182262 0 -0.0760723 -0.99532 0.0594257 0 -0.00270817 -0.0593925 -0.998231 0 -0.20886 -0.415664 0.427844 1 
0.996746 -0.0804365 0.00290626 0 -0.0804706 -0.995097 0.0573402 0 -0.00172026 -0.0573886 -0.99835 0 -0.207192 -0.418829 0.424557 1 
0.99648 -0.0836398 0.00354106 0 -0.0837071 -0.994925 0.0556589 0 -0.00113224 -0.0557605 -0.998444 0 -0.205504 -0.421922 0.421477 1 
0.996273 -0.0860618 0.00367332 0 -0.0861334 -0.994753 0.0550273 0 -0.00108172 -0.0551396 -0.998478 0 -0.203712 -0.425262 0.418539 1 
0.99601 -0.0890452 0.0040702 0 -0.0891348 -0.994538 0.0541373 0 -0.000772716 -0.0542851 -0.998525 0 -0.202042 -0.428524 0.415439 1 
0.995676 -0.0926942 0.00419825 0 -0.0927855 -0.994212 0.0539856 0 -0.000830222 -0.0541428 -0.998533 0 -0.200443 -0.431992 0.412241 1 
0.995372 -0.0959255 0.0037903 0 -0.095988 -0.993833 0.0553432 0 -0.00154193 -0.055452 -0.99846 0 -0.1988 -0.435533 0.409469 1 
0.995065 -0.0990681 0.00351567 0 -0.0991078 -0.993452 0.056673 0 -0.00212188 -0.0567428 -0.998387 0 -0.197072 -0.43931 0.406375 1 
0.994675 -0.102919 0.00321254 0 -0.102931 -0.992975 0.0581967 0 -0.0027996 -0.0582186 -0.9983 0 -0.195575 -0.443158 0.403035 1 
0.994282 -0.106667 0.00245842 0 -0.106618 -0.992421 0.0609401 0 -0.00406057 -0.0608549 -0.998138 0 -0.194196 -0.447014 0.400042 1 
0.993919 -0.110019 0.00163434 0 -0.109901 -0.99191 0.0633767 0 -0.0053516 -0.0631721 -0.997988 0 -0.19284 -0.450876 0.396813 1 
0.993618 -0.112714 0.000672259 0 -0.112516 -0.991474 0.0655752 0 -0.00672488 -0.0652336 -0.997847 0 -0.191708 -0.454723 0.393306 1 
0.993312 -0.115373 -0.000666914 0 -0.115057 -0.990985 0.068496 0 -0.00856366 -0.0679625 -0.997651 0 -0.190797 -0.45841 0.39017 1 
0.99311 -0.117087 -0.00176773 0 -0.116669 -0.990634 0.0708001 0 -0.0100411 -0.0701074 -0.997489 0 -0.190102 -0.461871 0.386758 1 
0.992809 -0.119606 -0.00244524 0 -0.119115 -0.990213 0.0726018 0 -0.0111051 -0.0717898 -0.997358 0 -0.189528 -0.465302 0.38304 1 
0.992489 -0.12222 -0.00304135 0 -0.121653 -0.989749 0.0746905 0 -0.0121391 -0.073761 -0.997202 0 -0.18904 -0.468423 0.379778 1 
0.992309 -0.123668 -0.00327444 0 -0.123064 -0.989478 0.0759525 0 -0.0126331 -0.0749668 -0.997106 0 -0.188644 -0.471627 0.375755 1 
0.992224 -0.124348 -0.00324302 0 -0.12374 -0.989358 0.076419 0 -0.0127113 -0.0754249 -0.99707 0 -0.188359 -0.474494 0.371787 1 
0.992167 -0.124797 -0.00326121 0 -0.124179 -0.989264 0.0769203 0 -0.0128259 -0.0759143 -0.997032 0 -0.188253 -0.477191 0.367935 1 
0.9921 -0.125341 -0.00293206 0 -0.124758 -0.989264 0.0759863 0 -0.012425 -0.0750216 -0.997104 0 -0.188323 -0.479649 0.36356 1 
0.992142 -0.125006 -0.00300905 0 -0.124414 -0.989285 0.0762754 0 -0.0125119 -0.0753031 -0.997082 0 -0.188516 -0.482052 0.359614 1 
0.992174 -0.12475 -0.00281801 0 -0.124184 -0.989378 0.0754292 0 -0.0121981 -0.0744905 -0.997147 0 -0.188814 -0.484162 0.355495 1 
0.992173 -0.124769 -0.0025609 0 -0.124235 -0.989458 0.0742915 0 -0.0118034 -0.0733933 -0.997233 0 -0.189252 -0.486248 0.351109 1 
0.992138 -0.125052 -0.00221925 0 -0.124559 -0.989523 0.072876 0 -0.0113095 -0.0720281 -0.997338 0 -0.189748 -0.488074 0.347035 1 
0.992062 -0.125664 -0.00162367 0 -0.125238 -0.98961 0.0704797 0 -0.0104638 -0.0697182 -0.997512 0 -0.190381 -0.489788 0.342359 1 
0.992014 -0.12605 -0.00110195 0 -0.125682 -0.989713 0.0682084 0 -0.00968847 -0.0675265 -0.99767 0 -0.191017 -0.491301 0.33798 1 
0.991984 -0.126288 -0.000307675 0 -0.126002 -0.989894 0.0649179 0 -0.00850309 -0.06436 -0.997891 0 -0.19159 -0.492611 0.333455 1 
0.99195 -0.12655 0.000609637 0 -0.126351 -0.990094 0.0610761 0 -0.00712573 -0.0606626 -0.998133 0 -0.192183 -0.493882 0.328594 1 
0.991935 -0.126668 0.00134658 0 -0.126533 -0.99026 0.0579255 0 -0.00600397 -0.0576298 -0.99832 0 -0.192684 -0.495059 0.324411 1 
0.991914 -0.12681 0.00246611 0 -0.126761 -0.990492 0.0532672 0 -0.00431223 -0.0531501 -0.998577 0 -0.193174 -0.496171 0.319494 1 
0.991899 -0.126914 0.00323391 0 -0.126916 -0.990648 0.0499007 0 -0.00312948 -0.0499078 -0.998749 0 -0.1937 -0.49742 0.314885 1 
0.991889 -0.126976 0.003773 0 -0.127012 -0.990769 0.0471664 0 -0.00225085 -0.0472639 -0.99888 0 -0.194219 -0.498639 0.310551 1 
0.991879 -0.127027 0.00462089 0 -0.127108 -0.990957 0.0427671 0 -0.000853487 -0.043008 -0.999074 0 -0.194725 -0.499681 0.305453 1 
0.991888 -0.126938 0.00503813 0 -0.127038 -0.991094 0.0396797 0 -4.36059e-05 -0.0399986 -0.9992 0 -0.195203 -0.500717 0.301143 1 
0.991913 -0.12673 0.00538641 0 -0.126842 -0.991256 0.0360928 0 0.000765296 -0.0364848 -0.999334 0 -0.195732 -0.501809 0.296234 1 
0.991959 -0.126361 0.00559333 0 -0.126476 -0.991428 0.0324743 0 0.00144193 -0.0329213 -0.999457 0 -0.196222 -0.502813 0.291525 1 
0.992014 -0.125937 0.00540048 0 -0.126043 -0.991562 0.0299726 0 0.00158028 -0.0304146 -0.999536 0 -0.196804 -0.503962 0.287092 1 
0.992069 -0.125512 0.0051786 0 -0.125608 -0.991684 0.0276771 0 0.00166175 -0.0281086 -0.999603 0 -0.197397 -0.505147 0.282388 1 
0.992159 -0.124826 0.00454508 0 -0.124903 -0.991805 0.0265096 0 0.00119878 -0.0268699 -0.999638 0 -0.197991 -0.506492 0.278065 1 
0.992244 -0.124162 0.00403567 0 -0.124224 -0.991924 0.0252072 0 0.000873315 -0.0255136 -0.999674 0 -0.198587 -0.507857 0.273399 1 
0.992327 -0.123507 0.00378995 0 -0.123563 -0.992041 0.0238431 0 0.000814999 -0.0241289 -0.999709 0 -0.199099 -0.509086 0.268977 1 
0.992441 -0.122597 0.0032446 0 -0.12264 -0.992148 0.0241467 0 0.000258797 -0.0243626 -0.999703 0 -0.199695 -0.510622 0.264777 1 
0.992615 -0.121188 0.00294242 0 -0.121224 -0.992323 0.0240866 0 8.18685e-07 -0.0242659 -0.999706 0 -0.200274 -0.512154 0.260021 1 
0.992805 -0.11964 0.00238908 0 -0.119662 -0.992481 0.0253693 0 -0.000664078 -0.0254732 -0.999675 0 -0.200815 -0.513847 0.255882 1 
0.992958 -0.118367 0.00197034 0 -0.118378 -0.99261 0.0263111 0 -0.00115862 -0.0263596 -0.999652 0 -0.201315 -0.515518 0.251532 1 
0.993062 -0.117502 0.00141553 0 -0.117496 -0.99267 0.0279474 0 -0.00187876 -0.0279203 -0.999608 0 -0.201793 -0.517266 0.247208 1 
0.993137 -0.116868 0.000768372 0 -0.116839 -0.99269 0.0299231 0 -0.00273435 -0.0298081 -0.999552 0 -0.202204 -0.518934 0.243503 1 
0.993183 -0.116478 0.000480005 0 -0.116438 -0.992717 0.0305795 0 -0.00308539 -0.0304275 -0.999532 0 -0.202618 -0.520461 0.239044 1 
0.993222 -0.116153 0.000251897 0 -0.116105 -0.99274 0.0311155 0 -0.00336416 -0.0309344 -0.999516 0 -0.202984 -0.521876 0.234998 1 
0.993267 -0.115761 -1.31675e-05 0 -0.115702 -0.992765 0.0317938 0 -0.00369362 -0.0315788 -0.999494 0 -0.203327 -0.523282 0.231028 1 
0.993307 -0.115424 0.000138084 0 -0.115373 -0.992832 0.0309031 0 -0.00342993 -0.0307128 -0.999522 0 -0.203593 -0.524385 0.226669 1 
0.99336 -0.114964 0.000179959 0 -0.114917 -0.992901 0.0303701 0 -0.00331285 -0.0301897 -0.999539 0 -0.203896 -0.525523 0.222905 1 
0.993483 -0.113896 0.000562368 0 -0.113866 -0.993082 0.0283356 0 -0.00266888 -0.0282155 -0.999598 0 -0.204121 -0.526462 0.2188 1 
0.993677 -0.112181 0.00129864 0 -0.112178 -0.993366 0.0249348 0 -0.00150721 -0.0249233 -0.999688 0 -0.204218 -0.527132 0.214809 1 
0.993966 -0.109587 0.00197576 0 -0.109604 -0.993725 0.0218573 0 -0.000431924 -0.0219424 -0.999759 0 -0.204391 -0.527902 0.211128 1 
0.994375 -0.105786 0.00285644 0 -0.10582 -0.994215 0.017861 0 0.000950501 -0.0180631 -0.999836 0 -0.204527 -0.528576 0.206929 1 
0.994901 -0.100697 0.00353513 0 -0.100739 -0.994794 0.0147555 0 0.00203093 -0.0150367 -0.999885 0 -0.204665 -0.52947 0.203112 1 
0.995355 -0.0960922 0.00402394 0 -0.0961361 -0.995278 0.0126925 0 0.00278534 -0.0130207 -0.999911 0 -0.204922 -0.530652 0.199629 1 
0.995802 -0.0913064 0.00468009 0 -0.0913495 -0.995759 0.0100277 0 0.00374472 -0.0104133 -0.999939 0 -0.205147 -0.531811 0.195738 1 
0.996347 -0.0851346 0.00506006 0 -0.0851748 -0.996321 0.0083637 0 0.00432949 -0.00876431 -0.999952 0 -0.205346 -0.533263 0.192517 1 
0.996895 -0.0784081 0.00573618 0 -0.0784417 -0.996892 0.00588599 0 0.00525694 -0.00631779 -0.999966 0 -0.205531 -0.534676 0.188989 1 
0.997407 -0.0715446 0.00645945 0 -0.0715674 -0.99742 0.00337809 0 0.00620122 -0.00383169 -0.999973 0 -0.205667 -0.536125 0.18564 1 
0.997881 -0.0645564 0.00680069 0 -0.0645727 -0.997901 0.00221601 0 0.00664348 -0.0026505 -0.999974 0 -0.205855 -0.537896 0.183022 1 
0.998332 -0.0570967 0.00738043 0 -0.0571007 -0.998359 0.000328543 0 0.0073497 -0.000749437 -0.999973 0 -0.206081 -0.539874 0.179717 1 
0.998645 -0.0512681 0.00777132 0 -0.0512628 -0.998675 -0.000871667 0 0.00780586 0.000472116 -0.999969 0 -0.206347 -0.54192 0.177203 1 
0.998849 -0.0470186 0.00845354 0 -0.0469954 -0.998881 -0.00292215 0 0.00858165 0.00252156 -0.99996 0 -0.20657 -0.543732 0.17452 1 
0.999021 -0.0430607 0.00912747 0 -0.0430171 -0.999053 -0.00491869 0 0.0093308 0.00452132 -0.999946 0 -0.206836 -0.545725 0.171803 1 
0.999128 -0.0404333 0.00948039 0 -0.0403781 -0.999157 -0.00593786 0 0.00971267 0.00554998 -0.999937 0 -0.207281 -0.547901 0.169632 1 
0.999186 -0.0387784 0.0102565 0 -0.0386947 -0.999207 -0.0082438 0 0.0105682 0.00784036 -0.999913 0 -0.207684 -0.549737 0.166706 1 
0.999237 -0.0373148 0.0106813 0 -0.0372135 -0.999252 -0.00952695 0 0.0110291 0.00912236 -0.999898 0 -0.208162 -0.551784 0.164331 1 
0.99928 -0.0360005 0.0111305 0 -0.0358787 -0.999286 -0.0109551 0 0.0115172 0.0105481 -0.999878 0 -0.208733 -0.553768 0.161837 1 
0.999328 -0.0343977 0.0118436 0 -0.034241 -0.999317 -0.0131884 0 0.0122894 0.0127742 -0.999843 0 -0.209269 -0.555436 0.158868 1 
0.999388 -0.0325211 0.0121354 0 -0.0323498 -0.999368 -0.0140499 0 0.0125849 0.013649 -0.999828 0 -0.209899 -0.557257 0.156592 1 
0.999441 -0.0306196 0.0126913 0 -0.0304204 -0.999406 -0.0156009 0 0.0131617 0.0152064 -0.999798 0 -0.210522 -0.558951 0.153524 1 
0.999491 -0.028791 0.0129861 0 -0.0285767 -0.999448 -0.0163922 0 0.0134511 0.0160131 -0.999781 0 -0.211142 -0.560632 0.150481 1 
0.999539 -0.0271327 0.0129177 0 -0.0269221 -0.999497 -0.0162034 0 0.0133511 0.0158485 -0.999785 0 -0.211852 -0.562448 0.147587 1 
0.999579 -0.0256242 0.0129096 0 -0.0254136 -0.999536 -0.016218 0 0.0133194 0.0158834 -0.999785 0 -0.212564 -0.564199 0.144084 1 
0.99962 -0.024252 0.0123166 0 -0.024072 -0.999595 -0.0145609 0 0.012665 0.0142591 -0.999818 0 -0.213332 -0.566136 0.141346 1 
0.999667 -0.0226754 0.0115298 0 -0.0225323 -0.99966 -0.0123906 0 0.0118071 0.0121269 -0.999857 0 -0.214037 -0.567944 0.138262 1 
0.999716 -0.021074 0.0102311 0 -0.020984 -0.999731 -0.00883315 0 0.0104147 0.00861612 -0.999909 0 -0.214777 -0.56996 0.135079 1 
0.999758 -0.0199089 0.00831669 0 -0.0198794 -0.999786 -0.00361217 0 0.00838699 0.00344603 -0.999959 0 -0.215648 -0.572267 0.13253 1 
0.999782 -0.0193533 0.00651463 0 -0.0193617 -0.999802 0.00123827 0 0.00648951 -0.00136416 -0.999978 0 -0.216454 -0.574341 0.129672 1 
0.999795 -0.0192968 0.00437701 0 -0.0193271 -0.999779 0.00700144 0 0.00424102 -0.00708473 -0.999966 0 -0.217311 -0.57663 0.126833 1 
0.999802 -0.0193042 0.00193779 0 -0.0193288 -0.999711 0.0135994 0 0.00167474 -0.0136344 -0.999906 0 -0.218181 -0.578939 0.124517 1 
0.999804 -0.0193299 -0.000101005 0 -0.0193244 -0.999621 0.0190936 0 -0.000470053 -0.0190883 -0.999818 0 -0.218921 -0.580923 0.121757 1 
0.999801 -0.0193379 -0.0020536 0 -0.0192822 -0.999508 0.0243456 0 -0.00252343 -0.0243017 -0.999701 0 -0.219619 -0.582833 0.119177 1 
0.999794 -0.0193638 -0.00415506 0 -0.0192303 -0.999353 0.030063 0 -0.0047346 -0.0299775 -0.999539 0 -0.220376 -0.584902 0.117171 1 
0.999785 -0.0193656 -0.00597463 0 -0.019145 -0.999194 0.035004 0 -0.00664782 -0.0348828 -0.999369 0 -0.221049 -0.5868 0.114933 1 
0.999779 -0.0192917 -0.00715511 0 -0.0190048 -0.999079 0.0382081 0 -0.00788577 -0.0380644 -0.999244 0 -0.221537 -0.588336 0.1126 1 
0.999772 -0.0191321 -0.00842359 0 -0.0187654 -0.998946 0.0416497 0 -0.00921174 -0.0414829 -0.999097 0 -0.222058 -0.590104 0.110515 1 
0.999769 -0.0189825 -0.00911141 0 -0.0185694 -0.998873 0.0434666 0 -0.00992643 -0.0432882 -0.999013 0 -0.222501 -0.591579 0.108668 1 
0.999773 -0.0188886 -0.00881315 0 -0.0184967 -0.998911 0.0426153 0 -0.00960868 -0.0424435 -0.999053 0 -0.222798 -0.592527 0.106517 1 
0.99978 -0.0187285 -0.00833361 0 -0.0183692 -0.998969 0.0412808 0 -0.00909832 -0.0411195 -0.999113 0 -0.223069 -0.593514 0.104244 1 
0.999786 -0.0185078 -0.00817414 0 -0.0181593 -0.998991 0.0408346 0 -0.00892183 -0.0406782 -0.999132 0 -0.22341 -0.594806 0.102453 1 
0.999792 -0.0182314 -0.00807918 0 -0.0178891 -0.999006 0.040586 0 -0.00881126 -0.0404337 -0.999143 0 -0.223749 -0.596188 0.100735 1 
0.9998 -0.0179038 -0.00772205 0 -0.0175844 -0.999051 0.039613 0 -0.00842411 -0.0394701 -0.999185 0 -0.22398 -0.59739 0.0985309 1 
0.999809 -0.017462 -0.00754181 0 -0.0171543 -0.999078 0.0391003 0 -0.00821779 -0.0389642 -0.999207 0 -0.2242 -0.59876 0.0965711 1 
0.999815 -0.0170635 -0.00766817 0 -0.0167484 -0.999072 0.0394293 0 -0.00833402 -0.0392943 -0.999193 0 -0.224527 -0.600335 0.0951463 1 
0.999821 -0.0167093 -0.0077179 0 -0.0163916 -0.999074 0.0395408 0 -0.00837161 -0.039408 -0.999188 0 -0.224897 -0.60192 0.0934623 1 
0.99983 -0.0162158 -0.00758221 0 -0.0159076 -0.9991 0.0390832 0 -0.00820931 -0.0389567 -0.999207 0 -0.22523 -0.603347 0.0913843 1 
0.999844 -0.0152646 -0.00767674 0 -0.0149523 -0.99911 0.0392073 0 -0.00826854 -0.0390872 -0.999202 0 -0.225637 -0.604866 0.0897224 1 
0.999863 -0.0138166 -0.00794896 0 -0.0134899 -0.999107 0.0397867 0 -0.00849174 -0.0396748 -0.999177 0 -0.226167 -0.606594 0.0882141 1 
0.999882 -0.0124142 -0.0079296 0 -0.0120914 -0.999135 0.0395406 0 -0.00841376 -0.0394408 -0.999186 0 -0.226689 -0.608042 0.0861652 1 
0.999895 -0.0112835 -0.00792696 0 -0.0109637 -0.999158 0.0392996 0 -0.00836388 -0.0392093 -0.999196 0 -0.227237 -0.609422 0.0841639 1 
0.999907 -0.00993337 -0.00821533 0 -0.00959843 -0.99915 0.0398508 0 -0.00860436 -0.0397691 -0.999172 0 -0.227905 -0.611124 0.0825219 1 
0.999921 -0.00832775 -0.00837396 0 -0.00798585 -0.999156 0.0400655 0 -0.00870071 -0.0399962 -0.999162 0 -0.228523 -0.61273 0.0806347 1 
0.999931 -0.00717105 -0.00826537 0 -0.00683833 -0.999182 0.0396028 0 -0.00854277 -0.0395443 -0.999181 0 -0.229041 -0.61407 0.0783621 1 
0.999932 -0.00672961 -0.00842319 0 -0.00638797 -0.999172 0.039949 0 -0.00868522 -0.0398933 -0.999166 0 -0.229671 -0.615721 0.0764764 1 
0.999932 -0.00651765 -0.00865823 0 -0.00616194 -0.999151 0.040494 0 -0.00891497 -0.0404387 -0.999142 0 -0.230338 -0.617413 0.0747022 1 
0.999934 -0.00630396 -0.00860246 0 -0.00595376 -0.999167 0.0401447 0 -0.00884853 -0.0400916 -0.999157 0 -0.231042 -0.618978 0.0720934 1 
0.999937 -0.00554378 -0.00875807 0 -0.00518589 -0.999162 0.0403719 0 -0.00897471 -0.0403247 -0.999146 0 -0.231703 -0.620451 0.0701945 1 
0.999939 -0.00437628 -0.0091415 0 -0.00399721 -0.999138 0.0410808 0 -0.00931358 -0.0410425 -0.999114 0 -0.232469 -0.622016 0.0686344 1 
0.999943 -0.00297574 -0.00925686 0 -0.00259324 -0.999144 0.0410616 0 -0.0093713 -0.0410361 -0.999114 0 -0.233193 -0.623263 0.0666754 1 
0.999945 -0.000858892 -0.00945587 0 -0.000470103 -0.999148 0.0410414 0 -0.00948325 -0.0410355 -0.999113 0 -0.233892 -0.6244 0.0648696 1 
0.999939 0.00199746 -0.00994632 0 0.00241182 -0.999112 0.0418229 0 -0.00985415 -0.0418451 -0.999076 0 -0.234753 -0.625778 0.0635269 1 
0.999923 0.00498015 -0.0104795 0 0.00542408 -0.999061 0.0427682 0 -0.0102569 -0.0428226 -0.99903 0 -0.235663 -0.627142 0.0623341 1 
0.999899 0.00800975 -0.0108797 0 0.00847348 -0.999018 0.0432679 0 -0.0105227 -0.0433565 -0.999004 0 -0.236516 -0.628323 0.0609104 1 
0.999862 0.0113787 -0.0113067 0 0.0118639 -0.998959 0.0438199 0 -0.0107966 -0.0439488 -0.998975 0 -0.237331 -0.629493 0.059555 1 
0.999813 0.0145575 -0.0119333 0 0.0150797 -0.998868 0.0449024 0 -0.0112663 -0.0450748 -0.99892 0 -0.238176 -0.630804 0.0585865 1 
0.999739 0.0184882 -0.0126854 0 0.0190565 -0.998739 0.0462413 0 -0.0118147 -0.0464719 -0.99885 0 -0.238982 -0.632179 0.0578381 1 
0.999643 0.0226395 -0.0134743 0 0.0232565 -0.998588 0.0475518 0 -0.012379 -0.0478491 -0.998778 0 -0.239795 -0.633535 0.0570877 1 
0.999533 0.0267572 -0.0141251 0 0.0274138 -0.998435 0.0485395 0 -0.0128045 -0.048905 -0.998721 0 -0.240546 -0.634766 0.0561544 1 
0.99941 0.0307396 -0.0146595 0 0.0314274 -0.998282 0.0492602 0 -0.0131203 -0.0496928 -0.998678 0 -0.241148 -0.635835 0.0552012 1 
0.999279 0.0344986 -0.0152434 0 0.0352222 -0.998115 0.050071 0 -0.0134875 -0.0505727 -0.998629 0 -0.241773 -0.636919 0.0543084 1 
0.999154 0.0376656 -0.0159229 0 0.0384356 -0.997939 0.0511895 0 -0.0139622 -0.0517592 -0.998562 0 -0.242481 -0.638036 0.0536818 1 
0.999034 0.0404443 -0.0166145 0 0.0412638 -0.997766 0.0523612 0 -0.0144599 -0.0529972 -0.99849 0 -0.243195 -0.639124 0.0531852 1 
0.998912 0.043108 -0.0172436 0 0.0439725 -0.997597 0.0533665 0 -0.0149019 -0.0540677 -0.998426 0 -0.243935 -0.640196 0.0524782 1 
0.998809 0.0452658 -0.0176893 0 0.0461612 -0.997464 0.0540006 0 -0.0152004 -0.0547539 -0.998384 0 -0.244618 -0.641074 0.0516075 1 
0.998726 0.0469491 -0.0179777 0 0.0478634 -0.997365 0.0543467 0 -0.015379 -0.055139 -0.99836 0 -0.245212 -0.641775 0.0506989 1 
0.998688 0.0476538 -0.018204 0 0.0485848 -0.997312 0.0546765 0 -0.0155498 -0.0554903 -0.998338 0 -0.245804 -0.642439 0.0498202 1 
0.998684 0.0476325 -0.0184962 0 0.0485889 -0.99728 0.0552541 0 -0.0158143 -0.0560812 -0.998301 0 -0.246419 -0.643163 0.0491219 1 
0.998694 0.0473103 -0.0188017 0 0.0482954 -0.997255 0.0559463 0 -0.0161035 -0.0567824 -0.998257 0 -0.247006 -0.643917 0.0485599 1 
0.998707 0.0468924 -0.0191286 0 0.0479084 -0.997234 0.0566594 0 -0.0164191 -0.0575036 -0.99821 0 -0.247618 -0.6447 0.0480017 1 
0.998725 0.0464322 -0.0193341 0 0.0474678 -0.997231 0.057079 0 -0.0166306 -0.0579251 -0.998182 0 -0.248247 -0.645375 0.0473397 1 
0.998737 0.0461586 -0.0193515 0 0.047194 -0.997249 0.0569839 0 -0.0166683 -0.0578263 -0.998188 0 -0.248881 -0.645871 0.0464749 1 
0.998722 0.0465036 -0.0192863 0 0.0475269 -0.99726 0.0565165 0 -0.0166055 -0.057362 -0.998215 0 -0.249468 -0.646198 0.0454378 1 
0.998657 0.0478222 -0.0194302 0 0.0488464 -0.997215 0.0561917 0 -0.0166892 -0.0570664 -0.998231 0 -0.250115 -0.6465 0.0444815 1 
0.998577 0.0493865 -0.0196141 0 0.050417 -0.997143 0.0560717 0 -0.0167892 -0.0569819 -0.998234 0 -0.250769 -0.646803 0.0436651 1 
0.998483 0.0511691 -0.0198734 0 0.0522119 -0.997051 0.0560786 0 -0.0169456 -0.0570323 -0.998229 0 -0.251487 -0.647151 0.0428903 1 
0.998379 0.0530153 -0.0202533 0 0.0540797 -0.996942 0.0562312 0 -0.0172106 -0.0572365 -0.998212 0 -0.252278 -0.647527 0.0421871 1 
0.998307 0.0542041 -0.0206498 0 0.0552925 -0.996866 0.0563983 0 -0.0175284 -0.0574457 -0.998195 0 -0.253099 -0.647874 0.0415715 1 
0.998285 0.0544646 -0.0210022 0 0.0555748 -0.996845 0.0565032 0 -0.0178588 -0.0575746 -0.998181 0 -0.254001 -0.648206 0.0408828 1 
0.998285 0.0543432 -0.0213053 0 0.0554662 -0.996866 0.0562405 0 -0.0181826 -0.0573269 -0.99819 0 -0.254814 -0.64841 0.0400887 1 
0.998268 0.0544936 -0.0217505 0 0.0556345 -0.996879 0.0558436 0 -0.0186399 -0.056958 -0.998203 0 -0.255539 -0.648518 0.0393704 1 
0.998249 0.0545788 -0.0223707 0 0.0557502 -0.996886 0.0556 0 -0.0192668 -0.0567509 -0.998202 0 -0.256275 -0.648634 0.0387471 1 
0.998222 0.0547218 -0.0232074 0 0.0559366 -0.996886 0.0554027 0 -0.0201038 -0.0566034 -0.998194 0 -0.257049 -0.64873 0.0382884 1 
0.99817 0.0552063 -0.0242929 0 0.0564758 -0.996872 0.0551116 0 -0.0211749 -0.0563838 -0.998185 0 -0.257797 -0.64877 0.0380663 1 
0.998102 0.0558543 -0.0255799 0 0.0571891 -0.996848 0.0548186 0 -0.0224378 -0.0561785 -0.998169 0 -0.258598 -0.648781 0.0380006 1 
0.998046 0.0562586 -0.0268435 0 0.0576626 -0.996823 0.054763 0 -0.0236778 -0.0562049 -0.998138 0 -0.259427 -0.648758 0.038137 1 
0.99801 0.0563262 -0.0279978 0 0.0577959 -0.996814 0.0547977 0 -0.0248226 -0.0563079 -0.998105 0 -0.260342 -0.648652 0.0384259 1 
0.998002 0.055987 -0.0289436 0 0.0575147 -0.996821 0.0549604 0 -0.0257751 -0.0565163 -0.998069 0 -0.261329 -0.648535 0.0387687 1 
0.998023 0.0551817 -0.0297606 0 0.056763 -0.996851 0.0552031 0 -0.0266212 -0.0567843 -0.998031 0 -0.262477 -0.648375 0.0391426 1 
0.998077 0.0538936 -0.0303191 0 0.0555149 -0.996907 0.0554524 0 -0.0272373 -0.05703 -0.998001 0 -0.263728 -0.648137 0.0395557 1 
0.998167 0.0521561 -0.0303838 0 0.0537819 -0.997005 0.0554068 0 -0.0274035 -0.0569405 -0.998001 0 -0.264962 -0.647766 0.0398916 1 
0.998279 0.050116 -0.0301356 0 0.0517151 -0.997144 0.0548598 0 -0.0273008 -0.0563249 -0.998039 0 -0.266286 -0.647184 0.0401282 1 
0.998398 0.048064 -0.0295157 0 0.0495958 -0.997322 0.0535668 0 -0.0268626 -0.0549459 -0.998128 0 -0.267532 -0.6464 0.0402295 1 
0.998527 0.0458889 -0.0286219 0 0.0473244 -0.997533 0.0516722 0 -0.0261806 -0.0529516 -0.998254 0 -0.268813 -0.645432 0.0401968 1 
0.998635 0.0440536 -0.0277044 0 0.0453932 -0.99772 0.0497429 0 -0.0254504 -0.0509336 -0.998378 0 -0.269864 -0.644531 0.0400637 1 
0.99874 0.0424905 -0.02635 0 0.043692 -0.997937 0.0468356 0 -0.024306 -0.0479288 -0.998555 0 -0.270659 -0.643492 0.0397925 1 
0.998841 0.0411174 -0.0246452 0 0.0421554 -0.998167 0.0431913 0 -0.0228246 -0.0441811 -0.998763 0 -0.271264 -0.642339 0.039402 1 
0.998933 0.0399698 -0.0227153 0 0.040837 -0.998391 0.0390916 0 -0.0211167 -0.0399783 -0.998977 0 -0.271676 -0.641143 0.0389303 1 
0.99901 0.0390971 -0.0207874 0 0.0398093 -0.998583 0.0350292 0 -0.0193888 -0.0358227 -0.99917 0 -0.271839 -0.640051 0.0384261 1 
0.999087 0.0379183 -0.019164 0 0.0385125 -0.998747 0.0316468 0 -0.0179403 -0.0323566 -0.999315 0 -0.271829 -0.639205 0.0380191 1 
0.999174 0.0364894 -0.0173518 0 0.0369645 -0.998918 0.0278949 0 -0.0163155 -0.0285138 -0.99946 0 -0.271598 -0.638373 0.0376497 1 
0.999224 0.0358946 -0.0156287 0 0.0362707 -0.999032 0.0244862 0 -0.014735 -0.0250345 -0.999578 0 -0.271168 -0.637726 0.0373399 1 
0.999257 0.0354517 -0.0144893 0 0.035769 -0.999102 0.0222609 0 -0.0136874 -0.0227631 -0.999647 0 -0.270729 -0.637417 0.0371727 1 
0.999258 0.0356142 -0.0140115 0 0.0359073 -0.99912 0.0212513 0 -0.0132425 -0.0217391 -0.999676 0 -0.270281 -0.637423 0.0371566 1 
0.999241 0.0360987 -0.0139443 0 0.0363892 -0.999104 0.0211721 0 -0.0131678 -0.0216639 -0.999679 0 -0.269839 -0.637675 0.0372497 1 
0.999234 0.0362726 -0.0140374 0 0.0365683 -0.999092 0.0214224 0 -0.0132478 -0.0219197 -0.999672 0 -0.269445 -0.637982 0.037356 1 
0.999233 0.0362713 -0.0140673 0 0.0365696 -0.999089 0.0215591 0 -0.0132727 -0.0220574 -0.999669 0 -0.269037 -0.638229 0.0374233 1 
0.999231 0.0363698 -0.0139969 0 0.0366656 -0.999087 0.0214893 0 -0.0132028 -0.0219864 -0.999671 0 -0.268566 -0.638415 0.0374231 1 
0.999254 0.0357896 -0.0137994 0 0.036079 -0.999112 0.0213211 0 -0.0130243 -0.0218035 -0.999677 0 -0.268091 -0.638554 0.0373482 1 
0.999302 0.034503 -0.013627 0 0.0347867 -0.999161 0.0211586 0 -0.0128858 -0.0216183 -0.999683 0 -0.267629 -0.638682 0.0372347 1 
0.999348 0.0332365 -0.0134297 0 0.0335125 -0.999211 0.0208789 0 -0.0127254 -0.0213158 -0.999692 0 -0.267167 -0.63878 0.0370801 1 
0.999386 0.0321394 -0.0132165 0 0.0324073 -0.999253 0.0205831 0 -0.0125453 -0.0209992 -0.999701 0 -0.266728 -0.638863 0.0369266 1 
0.999447 0.0302841 -0.0129818 0 0.0305445 -0.999317 0.02035 0 -0.0123569 -0.0207357 -0.999709 0 -0.266259 -0.63897 0.0367591 1 
0.999517 0.0279647 -0.0128311 0 0.0282212 -0.999387 0.0202626 0 -0.0122568 -0.0206154 -0.999712 0 -0.26579 -0.639136 0.036623 1 
0.999572 0.025958 -0.0127591 0 0.0262132 -0.999441 0.0202652 0 -0.0122261 -0.0205914 -0.999713 0 -0.265326 -0.639344 0.0365479 1 
0.999608 0.0245541 -0.0127368 0 0.0248103 -0.999475 0.0203613 0 -0.0122304 -0.0206697 -0.999712 0 -0.264784 -0.639625 0.0365379 1 
0.999614 0.0242831 -0.0127936 0 0.0245434 -0.999477 0.0205988 0 -0.0122869 -0.0209052 -0.999706 0 -0.264202 -0.639987 0.036617 1 
0.999609 0.0243796 -0.0129415 0 0.0246484 -0.999465 0.021034 0 -0.012422 -0.0213452 -0.999695 0 -0.263632 -0.640442 0.0368015 1 
0.999596 0.0247888 -0.0131952 0 0.025071 -0.999441 0.0216681 0 -0.0126509 -0.0219906 -0.999678 0 -0.262972 -0.641048 0.0370645 1 
0.999575 0.0254526 -0.0135493 0 0.0257537 -0.999405 0.0225333 0 -0.0129679 -0.0228731 -0.999654 0 -0.262278 -0.641803 0.0374134 1 
