0.999887 0.00831078 -0.0117193 0 0.00907104 -0.997743 0.0663853 0 -0.0111413 -0.0664854 -0.997725 0 -0.229796 -0.332739 0.492949 1 
0.999887 0.00831326 -0.0117136 0 0.00907306 -0.997744 0.0663794 0 -0.0111355 -0.0664795 -0.997726 0 -0.229794 -0.332739 0.492946 1 
0.999887 0.00831941 -0.0117185 0 0.00907954 -0.997743 0.0663809 0 -0.01114 -0.0664811 -0.997725 0 -0.229792 -0.332743 0.492948 1 
0.999887 0.00830995 -0.0117128 0 0.00906972 -0.997744 0.0663801 0 -0.011135 -0.0664801 -0.997726 0 -0.229795 -0.332741 0.492946 1 
0.999887 0.00831699 -0.011715 0 0.00907688 -0.997744 0.0663791 0 -0.0111367 -0.0664792 -0.997726 0 -0.229792 -0.332741 0.492946 1 
0.999887 0.0083176 -0.0117165 0 0.00907756 -0.997744 0.0663765 0 -0.0111382 -0.0664767 -0.997726 0 -0.229793 -0.332741 0.492945 1 
0.999887 0.00831317 -0.011714 0 0.00907296 -0.997744 0.0663757 0 -0.011136 -0.0664758 -0.997726 0 -0.229794 -0.33274 0.492944 1 
0.999887 0.00830824 -0.0117147 0 0.00906817 -0.997743 0.0663831 0 -0.011137 -0.0664831 -0.997725 0 -0.229795 -0.33274 0.492947 1 
0.999887 0.00831843 -0.0117165 0 0.00907842 -0.997743 0.0663799 0 -0.0111381 -0.06648 -0.997726 0 -0.229793 -0.332741 0.492947 1 
0.999887 0.00831688 -0.0117167 0 0.00907688 -0.997744 0.0663787 0 -0.0111384 -0.0664788 -0.997726 0 -0.229794 -0.332741 0.492945 1 
0.999887 0.00831264 -0.0117131 0 0.00907239 -0.997744 0.0663768 0 -0.0111351 -0.0664769 -0.997726 0 -0.229794 -0.33274 0.492945 1 
0.999887 0.00830644 -0.0117123 0 0.00906616 -0.997744 0.066378 0 -0.0111347 -0.066478 -0.997726 0 -0.229795 -0.33274 0.492945 1 
0.999887 0.00831137 -0.0117127 0 0.00907109 -0.997744 0.0663767 0 -0.0111348 -0.0664767 -0.997726 0 -0.229794 -0.33274 0.492944 1 
0.999887 0.00831825 -0.0117176 0 0.0090783 -0.997744 0.066378 0 -0.0111393 -0.0664782 -0.997726 0 -0.229794 -0.332741 0.492946 1 
0.999887 0.00831905 -0.0117168 0 0.00907906 -0.997743 0.0663801 0 -0.0111384 -0.0664802 -0.997726 0 -0.229792 -0.332742 0.492947 1 
0.999887 0.00831904 -0.0117181 0 0.00907915 -0.997743 0.0663812 0 -0.0111396 -0.0664813 -0.997725 0 -0.229792 -0.332742 0.492947 1 
0.999887 0.00831583 -0.0117156 0 0.00907571 -0.997744 0.0663743 0 -0.0111375 -0.0664744 -0.997726 0 -0.229794 -0.33274 0.492945 1 
0.999887 0.00831469 -0.011712 0 0.00907436 -0.997744 0.0663764 0 -0.0111339 -0.0664765 -0.997726 0 -0.229794 -0.332741 0.492944 1 
0.999887 0.00831883 -0.0117163 0 0.00907882 -0.997743 0.0663805 0 -0.0111379 -0.0664807 -0.997726 0 -0.229794 -0.332741 0.492947 1 
0.999887 0.00831098 -0.0117174 0 0.00907111 -0.997743 0.0663849 0 -0.0111395 -0.066485 -0.997725 0 -0.229794 -0.33274 0.492948 1 
0.999887 0.00832194 -0.0117147 0 0.00908178 -0.997744 0.0663778 0 -0.0111361 -0.0664779 -0.997726 0 -0.229792 -0.332742 0.492946 1 
0.999887 0.0083121 -0.0117189 0 0.00907227 -0.997744 0.0663801 0 -0.0111409 -0.0664802 -0.997726 0 -0.229794 -0.33274 0.492947 1 
0.999887 0.00831922 -0.0117152 0 0.00907908 -0.997744 0.0663755 0 -0.0111368 -0.0664756 -0.997726 0 -0.229792 -0.332741 0.492945 1 
0.999887 0.00831242 -0.0117153 0 0.00907239 -0.997743 0.0663831 0 -0.0111373 -0.0664832 -0.997725 0 -0.229794 -0.33274 0.492947 1 
0.999887 0.00830488 -0.011712 0 0.00906461 -0.997744 0.0663801 0 -0.0111345 -0.06648 -0.997726 0 -0.229796 -0.332739 0.492945 1 
0.999887 0.00830975 -0.0117176 0 0.00906983 -0.997744 0.0663791 0 -0.0111398 -0.0664792 -0.997726 0 -0.229795 -0.332741 0.492947 1 
0.999887 0.00831971 -0.0117184 0 0.00907985 -0.997743 0.0663819 0 -0.0111399 -0.0664821 -0.997725 0 -0.229793 -0.33274 0.492947 1 
0.999887 0.00830823 -0.0117152 0 0.00906818 -0.997743 0.0663819 0 -0.0111374 -0.0664819 -0.997725 0 -0.229794 -0.33274 0.492947 1 
0.999887 0.0083154 -0.0117156 0 0.00907532 -0.997744 0.0663781 0 -0.0111374 -0.0664782 -0.997726 0 -0.229793 -0.332741 0.492946 1 
0.999887 0.00831675 -0.0117129 0 0.00907647 -0.997744 0.0663758 0 -0.0111347 -0.066476 -0.997726 0 -0.229792 -0.332741 0.492945 1 
0.999887 0.00831748 -0.0117171 0 0.00907752 -0.997743 0.0663797 0 -0.0111388 -0.0664799 -0.997726 0 -0.229793 -0.332741 0.492947 1 
0.999887 0.00831308 -0.0117132 0 0.00907286 -0.997744 0.0663791 0 -0.0111351 -0.0664791 -0.997726 0 -0.229794 -0.33274 0.492946 1 
0.999887 0.00830881 -0.011711 0 0.00906843 -0.997744 0.0663767 0 -0.0111332 -0.0664767 -0.997726 0 -0.229795 -0.332739 0.492944 1 
0.999887 0.00831389 -0.011715 0 0.00907379 -0.997744 0.0663792 0 -0.0111369 -0.0664793 -0.997726 0 -0.229793 -0.332741 0.492946 1 
0.999887 0.00831266 -0.0117128 0 0.00907239 -0.997744 0.0663772 0 -0.0111348 -0.0664772 -0.997726 0 -0.229794 -0.332739 0.492945 1 
0.999887 0.00831545 -0.0117161 0 0.0090754 -0.997744 0.0663775 0 -0.011138 -0.0664776 -0.997726 0 -0.229794 -0.332741 0.492946 1 
0.999887 0.00831692 -0.0117157 0 0.00907685 -0.997744 0.0663784 0 -0.0111374 -0.0664786 -0.997726 0 -0.229794 -0.332741 0.492946 1 
0.999887 0.00831746 -0.0117143 0 0.00907729 -0.997744 0.0663779 0 -0.011136 -0.066478 -0.997726 0 -0.229793 -0.33274 0.492945 1 
0.999887 0.00831539 -0.0117157 0 0.00907535 -0.997743 0.0663809 0 -0.0111375 -0.066481 -0.997726 0 -0.229793 -0.332741 0.492947 1 
0.999887 0.00831443 -0.0117131 0 0.00907419 -0.997744 0.0663787 0 -0.011135 -0.0664788 -0.997726 0 -0.229793 -0.332741 0.492945 1 
0.999887 0.00831116 -0.0117157 0 0.00907113 -0.997743 0.0663812 0 -0.0111377 -0.0664813 -0.997726 0 -0.229794 -0.33274 0.492947 1 
0.999887 0.00831287 -0.0117156 0 0.00907284 -0.997743 0.0663817 0 -0.0111376 -0.0664818 -0.997725 0 -0.229794 -0.33274 0.492947 1 
0.999887 0.0083111 -0.0117177 0 0.00907124 -0.997743 0.0663842 0 -0.0111397 -0.0664843 -0.997725 0 -0.229795 -0.33274 0.492948 1 
0.999887 0.00831263 -0.011718 0 0.00907278 -0.997743 0.0663833 0 -0.01114 -0.0664834 -0.997725 0 -0.229793 -0.332739 0.492949 1 
0.999887 0.00831454 -0.0117138 0 0.00907433 -0.997744 0.0663769 0 -0.0111357 -0.066477 -0.997726 0 -0.229793 -0.33274 0.492945 1 
0.999887 0.00831264 -0.0117148 0 0.00907253 -0.997744 0.0663792 0 -0.0111368 -0.0664792 -0.997726 0 -0.229795 -0.33274 0.492946 1 
0.999887 0.00832053 -0.0117171 0 0.00908056 -0.997743 0.0663805 0 -0.0111385 -0.0664807 -0.997726 0 -0.229793 -0.332741 0.492947 1 
0.999887 0.00831045 -0.0117168 0 0.0090705 -0.997743 0.0663818 0 -0.0111389 -0.0664819 -0.997725 0 -0.229794 -0.33274 0.492947 1 
0.999887 0.00831134 -0.0117173 0 0.00907146 -0.997743 0.0663854 0 -0.0111393 -0.0664855 -0.997725 0 -0.229797 -0.332739 0.492949 1 
0.999887 0.00830984 -0.0117111 0 0.00906949 -0.997744 0.0663796 0 -0.0111333 -0.0664796 -0.997726 0 -0.229797 -0.332739 0.492945 1 
0.999887 0.00831381 -0.0117138 0 0.00907361 -0.997744 0.0663784 0 -0.0111357 -0.0664785 -0.997726 0 -0.229795 -0.332739 0.492946 1 
0.999887 0.00831169 -0.0117162 0 0.0090717 -0.997743 0.0663819 0 -0.0111382 -0.066482 -0.997725 0 -0.229793 -0.33274 0.492948 1 
0.999887 0.00831482 -0.0117131 0 0.00907457 -0.997744 0.0663783 0 -0.0111349 -0.0664784 -0.997726 0 -0.229793 -0.332741 0.492946 1 
0.999887 0.00831693 -0.0117134 0 0.0090767 -0.997744 0.0663779 0 -0.0111352 -0.066478 -0.997726 0 -0.229792 -0.332741 0.492945 1 
0.999887 0.00831443 -0.0117163 0 0.00907445 -0.997743 0.0663831 0 -0.0111381 -0.0664832 -0.997725 0 -0.229793 -0.332741 0.492948 1 
0.999887 0.00831839 -0.0117137 0 0.00907816 -0.997744 0.0663769 0 -0.0111353 -0.066477 -0.997726 0 -0.229792 -0.332741 0.492945 1 
0.999887 0.00831553 -0.0117141 0 0.00907535 -0.997744 0.0663784 0 -0.0111359 -0.0664785 -0.997726 0 -0.229792 -0.332741 0.492945 1 
0.999887 0.00831422 -0.0117146 0 0.00907412 -0.997743 0.0663824 0 -0.0111365 -0.0664825 -0.997725 0 -0.229794 -0.33274 0.492947 1 
0.999887 0.00831401 -0.0117143 0 0.00907385 -0.997744 0.0663789 0 -0.0111362 -0.066479 -0.997726 0 -0.229794 -0.332741 0.492946 1 
0.999887 0.00831464 -0.0117142 0 0.00907447 -0.997744 0.0663783 0 -0.0111361 -0.0664784 -0.997726 0 -0.229794 -0.33274 0.492946 1 
0.999887 0.00831876 -0.0117154 0 0.00907869 -0.997743 0.0663803 0 -0.011137 -0.0664804 -0.997726 0 -0.229794 -0.332742 0.492947 1 
0.999887 0.00831374 -0.011712 0 0.00907341 -0.997744 0.0663768 0 -0.0111339 -0.0664769 -0.997726 0 -0.229795 -0.33274 0.492944 1 
0.999887 0.00831221 -0.011718 0 0.0090723 -0.997744 0.066378 0 -0.0111401 -0.0664781 -0.997726 0 -0.229794 -0.33274 0.492946 1 
0.999887 0.00831461 -0.0117159 0 0.00907456 -0.997744 0.0663791 0 -0.0111378 -0.0664792 -0.997726 0 -0.229793 -0.332741 0.492946 1 
0.999887 0.00831824 -0.0117125 0 0.00907791 -0.997744 0.0663745 0 -0.0111342 -0.0664746 -0.997726 0 -0.229793 -0.332741 0.492944 1 
0.999887 0.00831437 -0.0117108 0 0.00907394 -0.997744 0.0663753 0 -0.0111327 -0.0664754 -0.997726 0 -0.229795 -0.33274 0.492944 1 
0.999887 0.00831662 -0.0117147 0 0.0090765 -0.997744 0.0663795 0 -0.0111364 -0.0664796 -0.997726 0 -0.229792 -0.332741 0.492946 1 
0.999887 0.00831626 -0.0117125 0 0.00907595 -0.997744 0.0663757 0 -0.0111343 -0.0664758 -0.997726 0 -0.229793 -0.332741 0.492944 1 
0.999887 0.00830973 -0.0117121 0 0.00906943 -0.997744 0.0663777 0 -0.0111343 -0.0664777 -0.997726 0 -0.229794 -0.33274 0.492945 1 
0.999887 0.00831473 -0.0117132 0 0.00907449 -0.997744 0.0663777 0 -0.0111351 -0.0664778 -0.997726 0 -0.229794 -0.33274 0.492945 1 
0.999887 0.00831444 -0.011716 0 0.00907441 -0.997744 0.0663798 0 -0.0111379 -0.06648 -0.997726 0 -0.229794 -0.33274 0.492946 1 
0.999887 0.00832025 -0.0117199 0 0.00908042 -0.997744 0.0663756 0 -0.0111415 -0.0664758 -0.997726 0 -0.229793 -0.332741 0.492946 1 
0.999887 0.00833112 -0.0117175 0 0.00909112 -0.997744 0.0663773 0 -0.0111383 -0.0664776 -0.997726 0 -0.229788 -0.332744 0.492946 1 
0.999887 0.00833077 -0.0117222 0 0.00909113 -0.997743 0.0663811 0 -0.011143 -0.0664814 -0.997725 0 -0.229787 -0.332745 0.492948 1 
0.999887 0.00833112 -0.0117202 0 0.00909135 -0.997743 0.0663813 0 -0.0111409 -0.0664817 -0.997725 0 -0.229789 -0.332743 0.492948 1 
0.999887 0.00832086 -0.0117174 0 0.00908089 -0.997744 0.0663778 0 -0.0111389 -0.066478 -0.997726 0 -0.229791 -0.332743 0.492946 1 
0.999887 0.00832977 -0.0117178 0 0.0090898 -0.997744 0.0663778 0 -0.0111386 -0.0664781 -0.997726 0 -0.229788 -0.332744 0.492946 1 
0.999887 0.0083264 -0.011718 0 0.00908645 -0.997744 0.0663777 0 -0.0111391 -0.066478 -0.997726 0 -0.229789 -0.332744 0.492946 1 
0.999887 0.00830993 -0.0117134 0 0.00906973 -0.997744 0.0663787 0 -0.0111356 -0.0664788 -0.997726 0 -0.229795 -0.33274 0.492945 1 
0.999887 0.00831564 -0.011713 0 0.0090754 -0.997744 0.0663795 0 -0.0111348 -0.0664796 -0.997726 0 -0.229795 -0.332741 0.492945 1 
0.999887 0.00831661 -0.0117167 0 0.00907657 -0.997744 0.066375 0 -0.0111385 -0.0664751 -0.997726 0 -0.229793 -0.332741 0.492945 1 
0.999887 0.00830773 -0.0117181 0 0.00906781 -0.997744 0.0663761 0 -0.0111405 -0.0664762 -0.997726 0 -0.229795 -0.33274 0.492946 1 
0.999887 0.00829875 -0.0117161 0 0.00905884 -0.997743 0.0663871 0 -0.0111389 -0.0664871 -0.997725 0 -0.229801 -0.332735 0.492949 1 
0.999887 0.00829275 -0.0117147 0 0.0090528 -0.997743 0.0663907 0 -0.0111379 -0.0664905 -0.997725 0 -0.229804 -0.332735 0.49295 1 
0.999887 0.00828 -0.0117238 0 0.00904088 -0.997742 0.0664083 0 -0.0111477 -0.066508 -0.997724 0 -0.229809 -0.332734 0.492957 1 
0.999887 0.0082849 -0.0117277 0 0.00904596 -0.997742 0.0664025 0 -0.0111513 -0.0665024 -0.997724 0 -0.229809 -0.332736 0.492957 1 
0.999887 0.00828209 -0.0117319 0 0.00904355 -0.997742 0.0664123 0 -0.0111556 -0.0665122 -0.997723 0 -0.22981 -0.332737 0.49296 1 
0.999887 0.0082888 -0.0117494 0 0.00905164 -0.99774 0.0664335 0 -0.0111724 -0.0665336 -0.997722 0 -0.229811 -0.33274 0.492972 1 
0.999887 0.0082843 -0.0117457 0 0.00904685 -0.997741 0.0664282 0 -0.011169 -0.0665283 -0.997722 0 -0.22981 -0.33274 0.492969 1 
0.999887 0.0082786 -0.0117435 0 0.00904104 -0.99774 0.0664304 0 -0.0111672 -0.0665304 -0.997722 0 -0.229812 -0.332739 0.492969 1 
0.999887 0.00827154 -0.0117495 0 0.00903457 -0.997739 0.0664457 0 -0.0111736 -0.0665456 -0.997721 0 -0.229815 -0.332741 0.492976 1 
0.999887 0.00829013 -0.0117543 0 0.00905342 -0.997739 0.0664447 0 -0.0111771 -0.0665449 -0.997721 0 -0.229811 -0.332743 0.492977 1 
0.999887 0.00828923 -0.0117583 0 0.00905277 -0.997739 0.0664434 0 -0.0111812 -0.0665436 -0.997721 0 -0.229811 -0.332744 0.492977 1 
0.999887 0.00828123 -0.0117591 0 0.00904492 -0.997739 0.0664498 0 -0.0111825 -0.0665499 -0.99772 0 -0.229812 -0.332743 0.49298 1 
0.999887 0.00828968 -0.0117571 0 0.0090532 -0.997739 0.0664478 0 -0.0111799 -0.066548 -0.997721 0 -0.22981 -0.332743 0.492979 1 
0.999887 0.00828453 -0.0117567 0 0.00904796 -0.99774 0.066442 0 -0.0111799 -0.0665421 -0.997721 0 -0.229814 -0.332741 0.492977 1 
0.999887 0.00827815 -0.0117455 0 0.0090408 -0.99774 0.0664363 0 -0.0111692 -0.0665363 -0.997721 0 -0.229814 -0.332739 0.492972 1 
0.999887 0.00830181 -0.0117461 0 0.00906431 -0.997741 0.0664256 0 -0.0111683 -0.0665258 -0.997722 0 -0.229803 -0.332745 0.492968 1 
0.999887 0.00832253 -0.0117452 0 0.00908484 -0.997741 0.066417 0 -0.0111662 -0.0665175 -0.997723 0 -0.229795 -0.33275 0.492965 1 
0.999887 0.00827327 -0.0117356 0 0.00903513 -0.997741 0.0664248 0 -0.0111597 -0.0665246 -0.997722 0 -0.229814 -0.332736 0.492965 1 
0.999888 0.00823816 -0.0117253 0 0.00899941 -0.997741 0.0664242 0 -0.0111518 -0.0665235 -0.997723 0 -0.229829 -0.332725 0.492963 1 
0.999888 0.00824061 -0.0117136 0 0.00900086 -0.997742 0.0664052 0 -0.0111401 -0.0665045 -0.997724 0 -0.229823 -0.332724 0.492955 1 
0.999888 0.0082493 -0.0117115 0 0.00900936 -0.997743 0.0664018 0 -0.0111375 -0.0665011 -0.997724 0 -0.229822 -0.332726 0.492953 1 
0.999888 0.00823082 -0.0117038 0 0.00899039 -0.997743 0.0664005 0 -0.011131 -0.0664996 -0.997724 0 -0.229826 -0.332723 0.492951 1 
0.999888 0.00822253 -0.0116825 0 0.00898039 -0.997745 0.0663734 0 -0.0111106 -0.0664722 -0.997726 0 -0.229832 -0.332717 0.492935 1 
0.999888 0.00821275 -0.0116853 0 0.00897086 -0.997745 0.0663766 0 -0.0111141 -0.0664753 -0.997726 0 -0.229836 -0.332715 0.492937 1 
0.999888 0.00824786 -0.0116965 0 0.0090066 -0.997745 0.066373 0 -0.0111229 -0.0664722 -0.997726 0 -0.229821 -0.332726 0.492939 1 
0.999888 0.00828404 -0.0117003 0 0.00904278 -0.997745 0.0663577 0 -0.0111244 -0.0664574 -0.997727 0 -0.229809 -0.332734 0.492934 1 
0.999888 0.00823254 -0.0116722 0 0.00898938 -0.997747 0.066344 0 -0.0111 -0.0664428 -0.997728 0 -0.22983 -0.33272 0.492922 1 
0.999889 0.00819352 -0.0116661 0 0.00895003 -0.997747 0.066344 0 -0.0110964 -0.0664423 -0.997729 0 -0.229846 -0.332711 0.492921 1 
0.999888 0.00821789 -0.0116757 0 0.00897489 -0.997747 0.0663359 0 -0.0111044 -0.0664345 -0.997729 0 -0.229838 -0.332717 0.49292 1 
0.999888 0.00827646 -0.0116439 0 0.00903048 -0.997751 0.066268 0 -0.0110695 -0.066367 -0.997734 0 -0.229811 -0.332726 0.49289 1 
0.999888 0.00831662 -0.0116059 0 0.00906713 -0.997756 0.0661873 0 -0.0110296 -0.0662864 -0.99774 0 -0.229799 -0.332736 0.492853 1 
0.999889 0.00829674 -0.0115753 0 0.00904501 -0.997758 0.066164 0 -0.0110006 -0.0662626 -0.997742 0 -0.229805 -0.332734 0.492837 1 
0.999888 0.00831509 -0.0116809 0 0.00906939 -0.997763 0.066081 0 -0.0111055 -0.0661808 -0.997746 0 -0.229826 -0.332717 0.492838 1 
0.999878 0.00841066 -0.0123913 0 0.0092088 -0.997779 0.0658289 0 -0.0118103 -0.0659363 -0.997754 0 -0.229957 -0.332685 0.492874 1 
0.999869 0.00847646 -0.0130966 0 0.00931829 -0.997792 0.0656141 0 -0.0125117 -0.0657288 -0.997759 0 -0.2301 -0.332654 0.492906 1 
0.999866 0.00854887 -0.0132672 0 0.00939947 -0.997803 0.0654334 0 -0.0126789 -0.0655506 -0.997769 0 -0.230123 -0.332644 0.492873 1 
0.999865 0.00873804 -0.0131991 0 0.00958199 -0.997811 0.0652912 0 -0.0125999 -0.0654101 -0.997779 0 -0.23007 -0.332706 0.492806 1 
0.999865 0.00894629 -0.0130684 0 0.00977868 -0.997822 0.0650844 0 -0.0124579 -0.0652047 -0.997794 0 -0.23002 -0.332797 0.492705 1 
0.999867 0.00919266 -0.0127559 0 0.00999861 -0.99785 0.0646276 0 -0.0121346 -0.0647477 -0.997828 0 -0.22995 -0.332883 0.492472 1 
0.99987 0.00952491 -0.012232 0 0.0102875 -0.997895 0.0638709 0 -0.0115981 -0.0639897 -0.997883 0 -0.229831 -0.332972 0.49206 1 
0.999877 0.00972783 -0.0114514 0 0.0104282 -0.997963 0.0627827 0 -0.0108175 -0.0628956 -0.997961 0 -0.229694 -0.333065 0.491459 1 
0.999888 0.00975829 -0.0104683 0 0.0103839 -0.998045 0.0614739 0 -0.00984816 -0.0615769 -0.998054 0 -0.229551 -0.333195 0.49074 1 
0.999897 0.0100455 -0.00930766 0 0.0105853 -0.998139 0.0598856 0 -0.00868893 -0.0599791 -0.998162 0 -0.229379 -0.333387 0.489877 1 
0.999908 0.0101426 -0.00789064 0 0.0105829 -0.998255 0.0579272 0 -0.00728949 -0.0580065 -0.99829 0 -0.229211 -0.333644 0.488834 1 
0.999914 0.0105855 -0.00631611 0 0.0109212 -0.998376 0.0557313 0 -0.00571602 -0.0557965 -0.998426 0 -0.229009 -0.333981 0.487676 1 
0.999912 0.0115895 -0.0047897 0 0.0118288 -0.998494 0.0533852 0 -0.00416386 -0.0534382 -0.998562 0 -0.228765 -0.334376 0.486475 1 
0.999901 0.012925 -0.00327423 0 0.0130748 -0.998613 0.0508066 0 -0.00261306 -0.0508454 -0.998703 0 -0.228498 -0.334833 0.485193 1 
0.999886 0.0143234 -0.00169548 0 0.0143885 -0.998724 0.0481993 0 -0.00100296 -0.0482192 -0.998836 0 -0.228196 -0.335297 0.483882 1 
0.999864 0.0158792 -0.000107482 0 0.0158676 -0.998827 0.0455426 0 0.000615837 -0.045539 -0.998962 0 -0.227865 -0.33582 0.482475 1 
0.999838 0.0174397 0.00109003 0 0.0173759 -0.998896 0.0434332 0 0.00184633 -0.0434081 -0.999056 0 -0.227594 -0.336466 0.481131 1 
0.999803 0.019218 0.00230343 0 0.0191061 -0.998949 0.041427 0 0.00309721 -0.0413756 -0.999139 0 -0.227249 -0.33719 0.479748 1 
0.99976 0.0211715 0.00366231 0 0.0210112 -0.998995 0.0393381 0 0.00449156 -0.0392525 -0.999219 0 -0.226814 -0.337944 0.478275 1 
0.999718 0.0228056 0.00495296 0 0.0226047 -0.999035 0.0374015 0 0.00580126 -0.0372797 -0.999288 0 -0.226389 -0.338735 0.476777 1 
0.999679 0.0241094 0.00650086 0 0.0238667 -0.999088 0.0351412 0 0.00734231 -0.0349755 -0.999361 0 -0.225849 -0.339654 0.475073 1 
0.999651 0.0246631 0.00836292 0 0.0243793 -0.999165 0.0324989 0 0.00915764 -0.0322843 -0.999437 0 -0.225274 -0.340497 0.47333 1 
0.999648 0.0239419 0.0105653 0 0.0236231 -0.999281 0.0293349 0 0.0112602 -0.0290756 -0.999514 0 -0.224646 -0.341305 0.471425 1 
0.999652 0.0224875 0.0130501 0 0.0221473 -0.999416 0.0256563 0 0.0136197 -0.0253588 -0.999586 0 -0.223949 -0.342107 0.469373 1 
0.999665 0.0201385 0.0156388 0 0.0198008 -0.999564 0.0214572 0 0.0160645 -0.0211408 -0.999647 0 -0.223202 -0.342874 0.467205 1 
0.999681 0.0174199 0.0177682 0 0.0171143 -0.999696 0.0172076 0 0.0180629 -0.0168984 -0.999694 0 -0.222525 -0.343648 0.465032 1 
0.999705 0.0141469 0.0192601 0 0.013895 -0.999807 0.0131501 0 0.0194427 -0.0128789 -0.999728 0 -0.221967 -0.34447 0.462908 1 
0.999729 0.0105308 0.0202759 0 0.0103386 -0.999891 0.00956326 0 0.0203748 -0.00935123 -0.999749 0 -0.221461 -0.345395 0.460845 1 
0.999747 0.00689002 0.0209377 0 0.00677186 -0.999951 0.00570932 0 0.0209764 -0.0055662 -0.999764 0 -0.22092 -0.346567 0.458492 1 
0.999759 0.00496912 0.0209253 0 0.00492564 -0.999976 0.00212867 0 0.0209358 -0.00202513 -0.999779 0 -0.220529 -0.347897 0.456039 1 
0.999787 0.00467052 0.0196355 0 0.00467713 -0.999979 -0.000291007 0 0.0196341 0.000382791 -0.999807 0 -0.220372 -0.349487 0.453612 1 
0.999826 0.0053317 0.0173567 0 0.00535926 -0.999975 -0.00154143 0 0.0173484 0.00163421 -0.999848 0 -0.220317 -0.351371 0.451218 1 
0.99986 0.00652906 0.0147615 0 0.00655279 -0.999968 -0.00156001 0 0.0147511 0.00165656 -0.99989 0 -0.22027 -0.353499 0.44895 1 
0.999887 0.00777307 0.0120957 0 0.00777407 -0.99996 -3.57608e-05 0 0.0120952 0.000129792 -0.999927 0 -0.220207 -0.355983 0.446737 1 
0.999902 0.00899204 0.00976685 0 0.00897191 -0.999948 0.00210276 0 0.00978544 -0.00201497 -0.99995 0 -0.220112 -0.35856 0.444551 1 
0.999916 0.010103 0.00680544 0 0.010066 -0.999925 0.00544905 0 0.00686012 -0.00538019 -0.999962 0 -0.220147 -0.361726 0.441908 1 
0.999927 0.0104828 0.00401122 0 0.0104469 -0.999897 0.00886311 0 0.00410379 -0.00882073 -0.999953 0 -0.220117 -0.364834 0.439304 1 
0.999943 0.0096666 0.00113507 0 0.00965181 -0.999867 0.0123858 0 0.00125467 -0.0123743 -0.999923 0 -0.220026 -0.367864 0.436907 1 
0.999947 0.00899986 -0.00233387 0 0.00903636 -0.999819 0.0161341 0 -0.00218828 -0.0161547 -0.999867 0 -0.219975 -0.371049 0.434353 1 
0.999937 0.00863686 -0.00571815 0 0.00874275 -0.999776 0.01876 0 -0.00555495 -0.0188091 -0.999808 0 -0.219993 -0.374102 0.431467 1 
0.999914 0.00837644 -0.00908962 0 0.00855758 -0.999752 0.0200746 0 -0.00891939 -0.0201511 -0.999757 0 -0.220105 -0.377064 0.428218 1 
0.999883 0.00707804 -0.0128505 0 0.00735027 -0.999737 0.0212616 0 -0.0126968 -0.021354 -0.999691 0 -0.220331 -0.379864 0.425078 1 
0.999833 0.00508011 -0.0169888 0 0.00545441 -0.999732 0.0220588 0 -0.0168725 -0.0221482 -0.999612 0 -0.22055 -0.382679 0.421838 1 
0.999772 0.00161962 -0.0208288 0 0.00207316 -0.999751 0.0217714 0 -0.0207888 -0.0218101 -0.999546 0 -0.22079 -0.38546 0.418325 1 
0.999698 -0.00286302 -0.0240295 0 -0.00236188 -0.99977 0.0208575 0 -0.0240842 -0.0207949 -0.999494 0 -0.220918 -0.388276 0.414549 1 
0.999613 -0.00611475 -0.0267954 0 -0.00559286 -0.999784 0.0195084 0 -0.0269094 -0.0193514 -0.999451 0 -0.220838 -0.390935 0.410915 1 
0.999529 -0.00874457 -0.0290941 0 -0.00823936 -0.999804 0.0174392 0 -0.0292415 -0.0171916 -0.999425 0 -0.220704 -0.393414 0.407408 1 
0.999467 -0.0104341 -0.0306142 0 -0.0100158 -0.999845 0.0137851 0 -0.0307539 -0.0134714 -0.999436 0 -0.22054 -0.395928 0.403321 1 
0.999398 -0.0121008 -0.0322318 0 -0.0117583 -0.999863 0.0107955 0 -0.0323586 -0.0104102 -0.999422 0 -0.220309 -0.398439 0.399593 1 
0.999344 -0.0133933 -0.0333552 0 -0.0131175 -0.999868 0.0084739 0 -0.033465 -0.00803096 -0.999408 0 -0.219981 -0.401069 0.395925 1 
0.999336 -0.0137706 -0.0334425 0 -0.0135954 -0.999883 0.00546092 0 -0.0335144 -0.00500273 -0.999426 0 -0.219483 -0.403867 0.391793 1 
0.999337 -0.0138813 -0.0333706 0 -0.0137701 -0.999889 0.00355907 0 -0.033417 -0.00309725 -0.999437 0 -0.218906 -0.406819 0.387877 1 
0.999367 -0.0142709 -0.0322798 0 -0.0142418 -0.999888 0.001133 0 -0.032293 -0.00067258 -0.999478 0 -0.218346 -0.409802 0.383434 1 
0.999387 -0.0144459 -0.031581 0 -0.0144497 -0.999886 0.000108978 0 -0.0315796 0.000347431 -0.999501 0 -0.217871 -0.412916 0.379219 1 
0.999394 -0.0149751 -0.0311266 0 -0.0149947 -0.999878 -0.000396706 0 -0.0311175 0.000863217 -0.999515 0 -0.217493 -0.415987 0.37512 1 
0.999382 -0.0166168 -0.0306627 0 -0.0166525 -0.999851 -0.000908671 0 -0.0306436 0.00141875 -0.999529 0 -0.217191 -0.418975 0.370967 1 
0.999332 -0.0193425 -0.030689 0 -0.0193627 -0.999803 -0.000361102 0 -0.0306765 0.0009551 -0.999529 0 -0.216817 -0.422134 0.367026 1 
0.999286 -0.021665 -0.0306499 0 -0.0216709 -0.999756 0.000137527 0 -0.0306459 0.000526793 -0.99953 0 -0.216518 -0.425521 0.362495 1 
0.999227 -0.0237139 -0.0310341 0 -0.0236795 -0.999709 0.00147545 0 -0.0310607 -0.000739449 -0.999517 0 -0.216284 -0.428705 0.358594 1 
0.999137 -0.0269125 -0.0313465 0 -0.0268352 -0.999626 0.00288311 0 -0.031413 -0.00203947 -0.999504 0 -0.21605 -0.432393 0.353797 1 
0.999033 -0.0298884 -0.0319541 0 -0.029746 -0.999536 0.00492265 0 -0.032087 -0.00396746 -0.999477 0 -0.215975 -0.435761 0.349511 1 
0.998924 -0.0328646 -0.0324152 0 -0.0326634 -0.999434 0.00671604 0 -0.0326182 -0.00565013 -0.999452 0 -0.215837 -0.439024 0.345213 1 
0.998787 -0.036691 -0.0325458 0 -0.0364563 -0.999295 0.00777826 0 -0.0328089 -0.00658245 -0.99944 0 -0.215756 -0.442061 0.340782 1 
0.998638 -0.0400771 -0.0331102 0 -0.0397685 -0.99915 0.00992757 0 -0.0334806 -0.00859748 -0.999402 0 -0.215636 -0.445255 0.336591 1 
0.998491 -0.0436406 -0.0330449 0 -0.0433097 -0.998995 0.0106641 0 -0.0334777 -0.00921698 -0.999397 0 -0.215506 -0.448278 0.331727 1 
0.998288 -0.0479066 -0.0332541 0 -0.0475296 -0.998788 0.0120373 0 -0.0337911 -0.0104363 -0.999374 0 -0.215381 -0.451076 0.327583 1 
0.998029 -0.0531871 -0.0330017 0 -0.052801 -0.998518 0.0124624 0 -0.0336163 -0.0106956 -0.999378 0 -0.21523 -0.453907 0.322747 1 
0.997653 -0.0598803 -0.03291 0 -0.0594692 -0.998131 0.0133324 0 -0.0336475 -0.0113442 -0.999369 0 -0.215145 -0.456599 0.318108 1 
0.997304 -0.0656492 -0.0324988 0 -0.065246 -0.997771 0.0133172 0 -0.0333012 -0.0111611 -0.999383 0 -0.214972 -0.459017 0.313472 1 
0.996965 -0.0709117 -0.0318397 0 -0.0705432 -0.99742 0.0125519 0 -0.0326483 -0.010268 -0.999414 0 -0.214881 -0.461308 0.308515 1 
0.996614 -0.0758402 -0.031471 0 -0.0754777 -0.997059 0.0125534 0 -0.0323312 -0.0101358 -0.999426 0 -0.21478 -0.463615 0.303779 1 
0.99634 -0.0796675 -0.030655 0 -0.0793586 -0.996774 0.0111685 0 -0.0314465 -0.00869504 -0.999468 0 -0.214703 -0.465587 0.298748 1 
0.996042 -0.0835152 -0.0300939 0 -0.0832349 -0.996465 0.0104517 0 -0.030861 -0.00790559 -0.999492 0 -0.214582 -0.467621 0.294021 1 
0.99569 -0.0880029 -0.0289529 0 -0.0878053 -0.996096 0.00802642 0 -0.0295468 -0.0054497 -0.999549 0 -0.214464 -0.469428 0.288715 1 
0.995427 -0.0911127 -0.0283536 0 -0.0909492 -0.995821 0.00700619 0 -0.028874 -0.00439551 -0.999573 0 -0.214377 -0.471257 0.284221 1 
0.995217 -0.0936682 -0.0273764 0 -0.0935705 -0.995591 0.00483366 0 -0.027709 -0.00224896 -0.999614 0 -0.214239 -0.473064 0.278979 1 
0.995043 -0.0956739 -0.0267591 0 -0.09561 -0.995402 0.00365959 0 -0.0269867 -0.00108303 -0.999635 0 -0.214187 -0.474931 0.27418 1 
0.994882 -0.0975745 -0.0258837 0 -0.0975632 -0.995218 0.00170218 0 -0.0259266 0.000831854 -0.999664 0 -0.21413 -0.476859 0.268681 1 
0.994833 -0.098169 -0.0255029 0 -0.0981708 -0.995159 0.00118776 0 -0.0254965 0.00132204 -0.999674 0 -0.214212 -0.478767 0.263931 1 
0.9949 -0.0975952 -0.0250965 0 -0.0976106 -0.995215 0.000613582 0 -0.0250368 0.00183927 -0.999685 0 -0.214276 -0.480738 0.258859 1 
0.995022 -0.0964457 -0.0247082 0 -0.0964755 -0.995326 -1.22668e-05 0 -0.024592 0.00239599 -0.999695 0 -0.214403 -0.48247 0.254229 1 
0.99515 -0.0951824 -0.0244263 0 -0.095219 -0.995447 -0.000336603 0 -0.0242835 0.00266087 -0.999702 0 -0.214557 -0.484306 0.24965 1 
0.995252 -0.0942004 -0.0241046 0 -0.0942446 -0.995539 -0.000704549 0 -0.0239312 0.00297299 -0.999709 0 -0.214861 -0.486131 0.244794 1 
0.995349 -0.0931849 -0.0240526 0 -0.0932228 -0.995635 -0.000458217 0 -0.0239054 0.00269839 -0.999711 0 -0.215129 -0.487897 0.240621 1 
0.995446 -0.0922494 -0.0236172 0 -0.0923148 -0.995719 -0.00169115 0 -0.0233605 0.00386373 -0.99972 0 -0.215468 -0.489527 0.235687 1 
0.995538 -0.091317 -0.0233735 0 -0.0913989 -0.995802 -0.00245898 0 -0.0230513 0.0045844 -0.999724 0 -0.215845 -0.49122 0.231153 1 
0.995615 -0.0906511 -0.0226547 0 -0.0907762 -0.995851 -0.00455604 0 -0.0221482 0.00659271 -0.999733 0 -0.216216 -0.492597 0.226235 1 
0.995676 -0.0900644 -0.0223265 0 -0.0902002 -0.995901 -0.00514911 0 -0.0217717 0.00714084 -0.999737 0 -0.216601 -0.494091 0.222107 1 
0.99574 -0.0895626 -0.0214709 0 -0.0897393 -0.995928 -0.00741064 0 -0.0207201 0.00930603 -0.999742 0 -0.216963 -0.495381 0.217279 1 
0.995796 -0.0891079 -0.0207761 0 -0.0893171 -0.99595 -0.00936562 0 -0.0198577 0.0111821 -0.99974 0 -0.217396 -0.496712 0.21285 1 
0.995849 -0.0886844 -0.0200076 0 -0.0889314 -0.995958 -0.0118096 0 -0.0188798 0.0135401 -0.99973 0 -0.217876 -0.49797 0.208296 1 
0.995908 -0.0882087 -0.0191397 0 -0.0885048 -0.99595 -0.0152118 0 -0.0177207 0.0168438 -0.999701 0 -0.218374 -0.499046 0.20386 1 
0.99598 -0.0875668 -0.0183451 0 -0.0879171 -0.995932 -0.0192462 0 -0.0165855 0.0207821 -0.999646 0 -0.218919 -0.500036 0.199524 1 
0.996058 -0.0867721 -0.0178601 0 -0.0871743 -0.995915 -0.0231264 0 -0.0157807 0.0245926 -0.999573 0 -0.219543 -0.500982 0.195184 1 
0.996175 -0.0853306 -0.0183229 0 -0.0857901 -0.995965 -0.0259538 0 -0.0160347 0.027427 -0.999495 0 -0.220375 -0.502219 0.191199 1 
0.996332 -0.0832562 -0.0192835 0 -0.0838004 -0.99604 -0.0293788 0 -0.0167615 0.0308876 -0.999382 0 -0.221347 -0.503411 0.186868 1 
0.99653 -0.0803528 -0.021249 0 -0.0810053 -0.996194 -0.0318734 0 -0.0186074 0.0334847 -0.999266 0 -0.222407 -0.504738 0.183421 1 
0.996782 -0.0765442 -0.0233997 0 -0.0773605 -0.996335 -0.0362361 0 -0.0205407 0.0379304 -0.999069 0 -0.223515 -0.505884 0.179178 1 
0.997039 -0.0721129 -0.0263402 0 -0.0731184 -0.996533 -0.0394491 0 -0.0234045 0.041259 -0.998874 0 -0.224684 -0.507274 0.17565 1 
0.99727 -0.067833 -0.0288552 0 -0.0690372 -0.996677 -0.0430098 0 -0.0258423 0.0448853 -0.998658 0 -0.225751 -0.508626 0.171921 1 
0.99747 -0.0635658 -0.0315098 0 -0.0649586 -0.996847 -0.0453476 0 -0.0285285 0.0472806 -0.998474 0 -0.226822 -0.510392 0.168614 1 
0.997643 -0.0597008 -0.0335333 0 -0.0612727 -0.996957 -0.0479847 0 -0.0305671 0.0499272 -0.998285 0 -0.227808 -0.512243 0.164902 1 
0.997772 -0.0567343 -0.0348418 0 -0.0584454 -0.997016 -0.0502316 0 -0.0318886 0.052157 -0.99813 0 -0.228595 -0.513975 0.161696 1 
0.997873 -0.0542582 -0.0358641 0 -0.0560751 -0.997074 -0.0517628 0 -0.0329512 0.0536648 -0.998015 0 -0.229387 -0.516023 0.158625 1 
0.997954 -0.0524915 -0.0362353 0 -0.0543719 -0.997102 -0.0530224 0 -0.0333477 0.0548851 -0.997936 0 -0.230084 -0.518146 0.155369 1 
0.998003 -0.0513265 -0.0365519 0 -0.0532055 -0.997196 -0.0524363 0 -0.0337587 0.0542774 -0.997955 0 -0.230726 -0.5206 0.152697 1 
0.99805 -0.0501752 -0.0368612 0 -0.0520147 -0.997346 -0.0507632 0 -0.0342169 0.0525826 -0.99803 0 -0.231373 -0.523319 0.149643 1 
0.998072 -0.0488015 -0.0381011 0 -0.0505464 -0.99764 -0.0462624 0 -0.0357542 0.0481 -0.998202 0 -0.232161 -0.526626 0.14745 1 
0.998096 -0.0474685 -0.0391346 0 -0.0491174 -0.997887 -0.0423095 0 -0.0370443 0.044152 -0.998338 0 -0.232851 -0.529652 0.144942 1 
0.998104 -0.0458927 -0.040769 0 -0.0473882 -0.9982 -0.0365061 0 -0.039021 0.0383696 -0.998501 0 -0.233668 -0.533183 0.142804 1 
0.998101 -0.0439774 -0.0429117 0 -0.0452613 -0.998532 -0.0294201 0 -0.0415557 0.0313071 -0.998646 0 -0.234561 -0.537028 0.141171 1 
0.998094 -0.0421997 -0.0448096 0 -0.0432548 -0.998793 -0.0228438 0 -0.0437924 0.0247389 -0.998734 0 -0.235335 -0.540677 0.139035 1 
0.998035 -0.0409691 -0.0472161 0 -0.0417134 -0.999009 -0.0148867 0 -0.0465603 0.0168273 -0.998774 0 -0.23617 -0.544514 0.137733 1 
0.997977 -0.0397685 -0.0494008 0 -0.0402049 -0.999151 -0.00787044 0 -0.0490468 0.00984086 -0.998748 0 -0.236985 -0.548319 0.136235 1 
0.997942 -0.0383698 -0.0511969 0 -0.0385544 -0.999243 -0.00262199 0 -0.0510586 0.00459055 -0.998685 0 -0.237676 -0.551595 0.134574 1 
0.9979 -0.0369658 -0.053009 0 -0.0369165 -0.999307 0.0019088 0 -0.0530438 5.21147e-05 -0.998592 0 -0.238448 -0.554902 0.133419 1 
0.997894 -0.0357879 -0.0539128 0 -0.0356375 -0.999348 0.00374724 0 -0.0540129 -0.00181807 -0.998539 0 -0.239085 -0.557746 0.131885 1 
0.997917 -0.0347005 -0.0542126 0 -0.0345406 -0.999386 0.00388331 0 -0.0543151 -0.00200272 -0.998522 0 -0.239588 -0.560173 0.13005 1 
0.997909 -0.0336205 -0.0550337 0 -0.0333862 -0.99942 0.00517154 0 -0.0551767 -0.00332343 -0.998471 0 -0.24026 -0.562917 0.128871 1 
0.997906 -0.0323093 -0.05587 0 -0.0320293 -0.99946 0.00590135 0 -0.0560315 -0.00409959 -0.998421 0 -0.240966 -0.565572 0.127324 1 
0.997903 -0.030564 -0.056891 0 -0.0302466 -0.999512 0.00643038 0 -0.0570609 -0.00469622 -0.99836 0 -0.241641 -0.568155 0.125709 1 
0.99787 -0.0282888 -0.0586201 0 -0.0278634 -0.99957 0.00806241 0 -0.058824 -0.006412 -0.998248 0 -0.242467 -0.571108 0.124751 1 
0.997848 -0.0263426 -0.0598845 0 -0.0258585 -0.999617 0.00884352 0 -0.0600957 -0.00727611 -0.998166 0 -0.2431 -0.573479 0.123537 1 
0.997813 -0.0243455 -0.0613025 0 -0.0237756 -0.999658 0.010009 0 -0.0615263 -0.00852982 -0.998069 0 -0.243831 -0.576518 0.122019 1 
0.997752 -0.0229397 -0.0628088 0 -0.0221946 -0.999665 0.0125364 0 -0.0630766 -0.0111145 -0.997947 0 -0.244592 -0.579813 0.121303 1 
0.997721 -0.0217451 -0.0637261 0 -0.0208581 -0.999667 0.0145514 0 -0.0640226 -0.0131893 -0.997861 0 -0.245225 -0.583046 0.120084 1 
0.997696 -0.0203625 -0.0645672 0 -0.019325 -0.999665 0.0166521 0 -0.0648859 -0.0153663 -0.997774 0 -0.24572 -0.586079 0.11912 1 
0.997657 -0.0191305 -0.0655317 0 -0.0179131 -0.999647 0.0191145 0 -0.0658756 -0.0178962 -0.997667 0 -0.246162 -0.589017 0.118552 1 
0.997622 -0.0179384 -0.0664011 0 -0.0165537 -0.999625 0.0213456 0 -0.0667604 -0.020196 -0.997565 0 -0.246547 -0.592142 0.117682 1 
0.99761 -0.0166724 -0.0669065 0 -0.0151954 -0.999621 0.0225243 0 -0.067258 -0.0214542 -0.997505 0 -0.246713 -0.59486 0.116499 1 
0.997585 -0.015243 -0.0676178 0 -0.0136286 -0.999603 0.0242727 0 -0.0679623 -0.023293 -0.997416 0 -0.246806 -0.597762 0.115618 1 
0.997559 -0.0137465 -0.0683241 0 -0.0119911 -0.999579 0.0260368 0 -0.0686546 -0.0251545 -0.997323 0 -0.246807 -0.600557 0.114731 1 
0.997564 -0.0121601 -0.0685539 0 -0.0103583 -0.999583 0.026577 0 -0.0688498 -0.0258027 -0.997293 0 -0.246607 -0.602929 0.113158 1 
0.997559 -0.0106085 -0.0688787 0 -0.00873977 -0.999577 0.027376 0 -0.0691413 -0.0267077 -0.997249 0 -0.246381 -0.605197 0.111794 1 
0.997539 -0.00905072 -0.0693841 0 -0.00707306 -0.999554 0.0286956 0 -0.0696141 -0.0281348 -0.997177 0 -0.2462 -0.607668 0.110631 1 
0.997542 -0.00752486 -0.069523 0 -0.00551566 -0.999553 0.0290464 0 -0.0697118 -0.0285921 -0.997157 0 -0.245943 -0.60981 0.108861 1 
0.997549 -0.00599553 -0.0695784 0 -0.00397386 -0.999557 0.0291579 0 -0.0697237 -0.0288105 -0.99715 0 -0.245657 -0.611858 0.106944 1 
0.997532 -0.00468372 -0.0699152 0 -0.00258762 -0.999536 0.0300409 0 -0.0700248 -0.0297864 -0.9971 0 -0.245521 -0.613999 0.105583 1 
0.997522 -0.00338208 -0.0701406 0 -0.00123736 -0.999521 0.0305981 0 -0.0702119 -0.0304361 -0.997068 0 -0.245391 -0.616107 0.103909 1 
0.997533 -0.00216531 -0.0700277 0 -4.15557e-05 -0.999531 0.0303143 0 -0.0700618 -0.0302372 -0.997084 0 -0.245198 -0.617829 0.101818 1 
0.997527 -0.00100822 -0.0701367 0 0.00114061 -0.999522 0.0305907 0 -0.0701353 -0.0305956 -0.997068 0 -0.245088 -0.619755 0.100062 1 
0.997518 5.67459e-05 -0.0702717 0 0.00223066 -0.999512 0.0308575 0 -0.070237 -0.0309382 -0.99705 0 -0.245033 -0.621654 0.098461 1 
0.997546 0.00116032 -0.0698699 0 0.00324032 -0.999545 0.0296633 0 -0.069805 -0.0298175 -0.997115 0 -0.244828 -0.623088 0.0961897 1 
0.997576 0.00223186 -0.0694083 0 0.00420682 -0.99958 0.0283208 0 -0.0693173 -0.0285447 -0.997186 0 -0.244569 -0.62436 0.0940637 1 
0.997589 0.00334716 -0.0691751 0 0.00526375 -0.999597 0.0275424 0 -0.0690564 -0.0278407 -0.997224 0 -0.244333 -0.625821 0.0922469 1 
0.997608 0.00440504 -0.0688473 0 0.00624953 -0.999617 0.0265984 0 -0.0687051 -0.0269656 -0.997273 0 -0.244069 -0.627135 0.0901867 1 
0.997638 0.00545319 -0.0683316 0 0.00719131 -0.999647 0.0252162 0 -0.0681712 -0.0256486 -0.997344 0 -0.243749 -0.628181 0.0877334 1 
0.997654 0.0063995 -0.0680162 0 0.00808227 -0.999658 0.0244942 0 -0.0678375 -0.024987 -0.997383 0 -0.243434 -0.629346 0.0856448 1 
0.997658 0.0070511 -0.0678966 0 0.00872324 -0.999656 0.0243625 0 -0.0677027 -0.0248982 -0.997395 0 -0.243188 -0.630636 0.0839472 1 
0.997664 0.00774907 -0.0677243 0 0.00938778 -0.99966 0.0239119 0 -0.0675173 -0.0244923 -0.997417 0 -0.243023 -0.631721 0.0821291 1 
0.997686 0.00855694 -0.0673138 0 0.0101153 -0.999678 0.0228439 0 -0.0670979 -0.0234724 -0.99747 0 -0.242837 -0.63268 0.0797925 1 
0.997693 0.00908117 -0.0671272 0 0.0106043 -0.999684 0.022369 0 -0.0669041 -0.0230297 -0.997494 0 -0.242804 -0.63363 0.0780175 1 
0.997687 0.00941763 -0.0671794 0 0.0109521 -0.999677 0.0225092 0 -0.066947 -0.0231933 -0.997487 0 -0.242934 -0.634666 0.0767244 1 
0.997678 0.00966338 -0.0672728 0 0.011216 -0.999669 0.0227397 0 -0.067032 -0.0234419 -0.997475 0 -0.243129 -0.63571 0.0754712 1 
0.997681 0.00981649 -0.0672136 0 0.01136 -0.99967 0.022621 0 -0.0669706 -0.0233326 -0.997482 0 -0.243385 -0.636721 0.0738114 1 
0.99769 0.00993788 -0.0670634 0 0.0114533 -0.999677 0.0222494 0 -0.0668219 -0.0229666 -0.997501 0 -0.243595 -0.63748 0.0722429 1 
0.997695 0.0100317 -0.0669725 0 0.0115265 -0.999683 0.021971 0 -0.0667321 -0.0226927 -0.997513 0 -0.243821 -0.638245 0.070885 1 
0.997691 0.0100099 -0.0670347 0 0.011518 -0.999679 0.0221492 0 -0.0667927 -0.0228706 -0.997505 0 -0.244125 -0.639129 0.0697953 1 
0.997689 0.00989278 -0.0670768 0 0.0114207 -0.999673 0.0224331 0 -0.0668343 -0.0231477 -0.997496 0 -0.244459 -0.640004 0.0687037 1 
0.997701 0.0097733 -0.0669177 0 0.0112815 -0.99968 0.0221968 0 -0.0666807 -0.0229012 -0.997512 0 -0.244731 -0.64069 0.0673443 1 
0.997718 0.00977328 -0.0666599 0 0.011231 -0.999696 0.021529 0 -0.0664305 -0.022229 -0.997543 0 -0.244939 -0.641177 0.0657416 1 
0.997735 0.009793 -0.0664046 0 0.0112056 -0.999708 0.0209334 0 -0.0661815 -0.0216305 -0.997573 0 -0.245101 -0.641637 0.0642513 1 
0.997752 0.00971933 -0.0661628 0 0.0111048 -0.999716 0.0206041 0 -0.0659451 -0.021293 -0.997596 0 -0.24526 -0.642162 0.0629306 1 
0.99777 0.00929358 -0.0659456 0 0.0106725 -0.999721 0.0205885 0 -0.0657372 -0.0212468 -0.997611 0 -0.245527 -0.642745 0.0617838 1 
0.99779 0.00866263 -0.0657256 0 0.0100312 -0.999729 0.0205213 0 -0.0655313 -0.0211357 -0.997627 0 -0.245915 -0.64327 0.0605972 1 
0.997814 0.00807219 -0.0654488 0 0.0094121 -0.999742 0.02019 0 -0.0652702 -0.0207622 -0.997652 0 -0.246346 -0.643654 0.059282 1 
0.997839 0.00752789 -0.0651302 0 0.00882211 -0.999759 0.0196063 0 -0.0649681 -0.0201389 -0.997684 0 -0.246755 -0.643903 0.0578944 1 
0.997858 0.00699007 -0.064887 0 0.00824238 -0.999775 0.0190521 0 -0.0647405 -0.0195465 -0.997711 0 -0.247217 -0.644089 0.0566354 1 
0.997873 0.00643879 -0.0647239 0 0.00765931 -0.999788 0.0186267 0 -0.0645915 -0.0190832 -0.997729 0 -0.247707 -0.644253 0.0555548 1 
0.997881 0.00582563 -0.0646514 0 0.00703405 -0.999795 0.0184793 0 -0.0645317 -0.0188953 -0.997737 0 -0.248236 -0.644495 0.0546587 1 
0.997886 0.00518759 -0.0646287 0 0.00639883 -0.999798 0.0185486 0 -0.0645207 -0.0189233 -0.997737 0 -0.248786 -0.644818 0.0538784 1 
0.997885 0.0046289 -0.0646909 0 0.0058509 -0.999798 0.018713 0 -0.0645924 -0.0190523 -0.99773 0 -0.249314 -0.645167 0.053199 1 
0.997885 0.00409241 -0.0647323 0 0.00532441 -0.999798 0.0188709 0 -0.0646433 -0.019176 -0.997724 0 -0.249821 -0.645555 0.0524444 1 
0.997897 0.00332336 -0.0645921 0 0.00456234 -0.999799 0.0190434 0 -0.0645171 -0.0192984 -0.99773 0 -0.250299 -0.645945 0.0516363 1 
0.997913 0.0024257 -0.0643772 0 0.00366658 -0.9998 0.0191639 0 -0.0643191 -0.0193603 -0.997742 0 -0.250728 -0.646306 0.0508068 1 
0.997926 0.0018106 -0.0641998 0 0.00304266 -0.999803 0.0190983 0 -0.0641538 -0.0192543 -0.997754 0 -0.251127 -0.646636 0.0498496 1 
0.997939 0.00118779 -0.0640036 0 0.00240731 -0.999807 0.01898 0 -0.0639699 -0.0190954 -0.997769 0 -0.251456 -0.646937 0.0489054 1 
0.997955 1.01981e-06 -0.0637719 0 0.00121701 -0.999809 0.0190287 0 -0.0637609 -0.0190678 -0.997783 0 -0.251786 -0.647205 0.0481634 1 
0.997968 -0.00183463 -0.0635337 0 -0.000611701 -0.999805 0.0192625 0 -0.0635578 -0.0191849 -0.997794 0 -0.252296 -0.6476 0.0472635 1 
0.997976 -0.00341157 -0.0633427 0 -0.00217153 -0.999795 0.0196352 0 -0.0633979 -0.0194583 -0.997799 0 -0.252747 -0.647983 0.0466061 1 
0.997984 -0.0049845 -0.0631187 0 -0.00372574 -0.999783 0.0200446 0 -0.0632061 -0.0197694 -0.997805 0 -0.253158 -0.648347 0.0460321 1 
0.997995 -0.00692327 -0.0627558 0 -0.00564775 -0.999765 0.0204796 0 -0.062884 -0.0200845 -0.997819 0 -0.253607 -0.648773 0.0452828 1 
0.998016 -0.00909245 -0.0621469 0 -0.0078101 -0.999743 0.0208458 0 -0.0623216 -0.0203194 -0.997849 0 -0.253925 -0.649142 0.0445084 1 
0.99804 -0.0126425 -0.0611347 0 -0.0113518 -0.999697 0.0214138 0 -0.061388 -0.0206782 -0.9979 0 -0.254188 -0.649538 0.0437231 1 
0.998051 -0.0174097 -0.0597661 0 -0.0161184 -0.999618 0.0220201 0 -0.0601278 -0.0210142 -0.997969 0 -0.254376 -0.649903 0.0428881 1 
0.998041 -0.02112 -0.0587225 0 -0.0198373 -0.999544 0.0223407 0 -0.0591687 -0.0211325 -0.998024 0 -0.254512 -0.650183 0.0420731 1 
0.998011 -0.0239 -0.0581745 0 -0.0226217 -0.999481 0.0225326 0 -0.058684 -0.0211722 -0.998052 0 -0.254689 -0.650417 0.0414016 1 
0.997948 -0.0270582 -0.0578684 0 -0.025781 -0.9994 0.0227061 0 -0.0584492 -0.021168 -0.998066 0 -0.254878 -0.650635 0.0407989 1 
0.997861 -0.0302796 -0.0577766 0 -0.0289924 -0.999306 0.0229875 0 -0.0584337 -0.0212636 -0.998065 0 -0.255049 -0.650915 0.0402983 1 
