0.99987 0.00843762 -0.0130534 0 0.00930905 -0.997618 0.0682046 0 -0.0124471 -0.0683185 -0.997586 0 -0.229723 -0.332661 0.493906 1 
0.99987 0.00843807 -0.0130524 0 0.00930938 -0.997618 0.0682013 0 -0.0124461 -0.0683152 -0.997586 0 -0.229721 -0.33266 0.493903 1 
0.99987 0.0084399 -0.0130482 0 0.00931082 -0.997619 0.0681939 0 -0.0124418 -0.0683078 -0.997587 0 -0.229721 -0.33266 0.4939 1 
0.99987 0.00843466 -0.0130498 0 0.00930577 -0.997619 0.0681984 0 -0.0124437 -0.0683123 -0.997586 0 -0.229722 -0.332659 0.493903 1 
0.99987 0.00843709 -0.0130517 0 0.00930837 -0.997618 0.0682023 0 -0.0124454 -0.0683162 -0.997586 0 -0.229722 -0.332661 0.493904 1 
0.99987 0.00843557 -0.0130474 0 0.00930645 -0.997619 0.0681944 0 -0.0124413 -0.0683083 -0.997587 0 -0.22972 -0.33266 0.4939 1 
0.99987 0.00843335 -0.01305 0 0.00930447 -0.997619 0.0681984 0 -0.0124441 -0.0683123 -0.997586 0 -0.229722 -0.332659 0.493902 1 
0.99987 0.00844005 -0.0130463 0 0.00931087 -0.997619 0.0681955 0 -0.0124399 -0.0683094 -0.997587 0 -0.229722 -0.332659 0.4939 1 
0.99987 0.00844163 -0.0130507 0 0.0093128 -0.997619 0.0682 0 -0.0124441 -0.0683139 -0.997586 0 -0.22972 -0.332661 0.493903 1 
0.99987 0.00843845 -0.0130505 0 0.00930959 -0.997619 0.0681975 0 -0.0124442 -0.0683114 -0.997586 0 -0.229722 -0.33266 0.493902 1 
0.99987 0.00843568 -0.0130499 0 0.00930678 -0.997619 0.0681984 0 -0.0124438 -0.0683123 -0.997586 0 -0.229722 -0.332659 0.493902 1 
0.99987 0.00843693 -0.0130483 0 0.00930791 -0.997619 0.0681968 0 -0.0124421 -0.0683107 -0.997587 0 -0.229721 -0.33266 0.493901 1 
0.99987 0.00843147 -0.013049 0 0.0093025 -0.997619 0.0681969 0 -0.0124431 -0.0683107 -0.997586 0 -0.229722 -0.332659 0.493901 1 
0.99987 0.00843699 -0.0130524 0 0.0093083 -0.997619 0.0682003 0 -0.0124462 -0.0683142 -0.997586 0 -0.229721 -0.332659 0.493904 1 
0.99987 0.00843948 -0.0130543 0 0.00931091 -0.997619 0.068201 0 -0.0124478 -0.068315 -0.997586 0 -0.229721 -0.332661 0.493905 1 
0.99987 0.00843731 -0.0130527 0 0.00930867 -0.997618 0.0682031 0 -0.0124464 -0.068317 -0.997586 0 -0.229722 -0.33266 0.493904 1 
0.99987 0.00843834 -0.013052 0 0.0093096 -0.997619 0.0681995 0 -0.0124456 -0.0683134 -0.997586 0 -0.229722 -0.33266 0.493903 1 
0.99987 0.00844236 -0.0130516 0 0.00931362 -0.997618 0.0682023 0 -0.0124449 -0.0683163 -0.997586 0 -0.229721 -0.33266 0.493905 1 
0.99987 0.00843842 -0.0130545 0 0.00930987 -0.997619 0.0682005 0 -0.0124482 -0.0683144 -0.997586 0 -0.229721 -0.332661 0.493904 1 
0.99987 0.0084384 -0.0130468 0 0.00930925 -0.997619 0.0681946 0 -0.0124405 -0.0683085 -0.997587 0 -0.229721 -0.33266 0.4939 1 
0.99987 0.00844035 -0.0130562 0 0.0093119 -0.997619 0.0681999 0 -0.0124497 -0.0683139 -0.997586 0 -0.229721 -0.332659 0.493904 1 
0.99987 0.00843777 -0.0130489 0 0.00930884 -0.997618 0.0682018 0 -0.0124425 -0.0683157 -0.997586 0 -0.229722 -0.332659 0.493903 1 
0.99987 0.00844148 -0.013052 0 0.00931272 -0.997619 0.0681991 0 -0.0124454 -0.0683131 -0.997586 0 -0.22972 -0.33266 0.493903 1 
0.99987 0.00843478 -0.0130517 0 0.009306 -0.997619 0.0681976 0 -0.0124456 -0.0683115 -0.997586 0 -0.229722 -0.33266 0.493902 1 
0.99987 0.00843784 -0.0130478 0 0.00930876 -0.997619 0.0681953 0 -0.0124415 -0.0683092 -0.997587 0 -0.229721 -0.332659 0.493901 1 
0.99987 0.0084398 -0.0130537 0 0.0093111 -0.997619 0.0681943 0 -0.0124473 -0.0683082 -0.997587 0 -0.229721 -0.33266 0.493902 1 
0.99987 0.00844125 -0.0130553 0 0.00931277 -0.997618 0.0682025 0 -0.0124487 -0.0683165 -0.997586 0 -0.229721 -0.332661 0.493905 1 
0.99987 0.00844269 -0.0130523 0 0.00931394 -0.997619 0.0681982 0 -0.0124457 -0.0683122 -0.997586 0 -0.229721 -0.33266 0.493902 1 
0.99987 0.00843478 -0.0130539 0 0.00930618 -0.997619 0.0682 0 -0.0124478 -0.0683139 -0.997586 0 -0.229721 -0.332661 0.493904 1 
0.99987 0.00843834 -0.0130503 0 0.00930947 -0.997619 0.0681982 0 -0.012444 -0.0683121 -0.997586 0 -0.229721 -0.332661 0.493902 1 
0.99987 0.00843321 -0.0130532 0 0.0093046 -0.997618 0.0682024 0 -0.0124472 -0.0683163 -0.997586 0 -0.229723 -0.332659 0.493904 1 
0.99987 0.00843553 -0.0130509 0 0.00930671 -0.997619 0.0681991 0 -0.0124447 -0.068313 -0.997586 0 -0.229722 -0.332659 0.493903 1 
0.99987 0.00843702 -0.013053 0 0.00930836 -0.997619 0.0681998 0 -0.0124468 -0.0683138 -0.997586 0 -0.229721 -0.33266 0.493904 1 
0.99987 0.00843478 -0.013048 0 0.00930573 -0.997619 0.0681963 0 -0.012442 -0.0683101 -0.997587 0 -0.229721 -0.33266 0.493901 1 
0.99987 0.00843447 -0.0130504 0 0.00930564 -0.997619 0.0682009 0 -0.0124443 -0.0683148 -0.997586 0 -0.229722 -0.332659 0.493903 1 
0.99987 0.00843911 -0.0130546 0 0.00931051 -0.997619 0.0681967 0 -0.0124483 -0.0683107 -0.997586 0 -0.229722 -0.332659 0.493903 1 
0.99987 0.00843691 -0.0130524 0 0.00930822 -0.997619 0.0682012 0 -0.0124461 -0.0683152 -0.997586 0 -0.229722 -0.33266 0.493904 1 
0.999869 0.00844484 -0.0130551 0 0.00931631 -0.997618 0.0682006 0 -0.0124483 -0.0683147 -0.997586 0 -0.229721 -0.332661 0.493904 1 
0.99987 0.00843881 -0.0130506 0 0.00930999 -0.997619 0.0682003 0 -0.0124443 -0.0683143 -0.997586 0 -0.229723 -0.332659 0.493903 1 
0.99987 0.00844428 -0.0130484 0 0.0093152 -0.997619 0.0681931 0 -0.0124418 -0.0683071 -0.997587 0 -0.22972 -0.33266 0.4939 1 
0.99987 0.00843876 -0.0130473 0 0.00930962 -0.997619 0.0681933 0 -0.012441 -0.0683072 -0.997587 0 -0.22972 -0.332659 0.493899 1 
0.99987 0.00843111 -0.0130452 0 0.00930184 -0.997619 0.0681937 0 -0.0124394 -0.0683074 -0.997587 0 -0.229723 -0.332658 0.4939 1 
0.99987 0.0084441 -0.0130505 0 0.00931519 -0.997619 0.0681954 0 -0.0124438 -0.0683093 -0.997587 0 -0.22972 -0.33266 0.493901 1 
0.99987 0.00844017 -0.0130512 0 0.00931132 -0.997619 0.0681959 0 -0.0124448 -0.0683098 -0.997587 0 -0.22972 -0.332661 0.493901 1 
0.99987 0.00843481 -0.0130461 0 0.00930563 -0.997619 0.0681958 0 -0.0124401 -0.0683096 -0.997587 0 -0.229722 -0.332659 0.4939 1 
0.99987 0.00844727 -0.0130508 0 0.00931838 -0.997619 0.0681959 0 -0.0124438 -0.0683099 -0.997587 0 -0.229719 -0.332661 0.493901 1 
0.999869 0.00844851 -0.0130529 0 0.00931978 -0.997619 0.0681977 0 -0.0124459 -0.0683118 -0.997586 0 -0.229718 -0.332661 0.493903 1 
0.99987 0.0084372 -0.0130497 0 0.00930828 -0.997619 0.0681977 0 -0.0124435 -0.0683116 -0.997586 0 -0.22972 -0.33266 0.493902 1 
0.99987 0.00844639 -0.013053 0 0.00931761 -0.997619 0.0681919 0 -0.0124462 -0.068306 -0.997587 0 -0.22972 -0.332661 0.493901 1 
0.999869 0.00845072 -0.0130528 0 0.00932193 -0.997619 0.0681936 0 -0.0124457 -0.0683077 -0.997587 0 -0.229717 -0.332663 0.493901 1 
0.999869 0.00845037 -0.0130555 0 0.00932174 -0.997619 0.0681919 0 -0.0124484 -0.068306 -0.997587 0 -0.229716 -0.332663 0.493901 1 
0.99987 0.00844473 -0.0130502 0 0.00931578 -0.997619 0.0681936 0 -0.0124435 -0.0683076 -0.997587 0 -0.229719 -0.332661 0.493901 1 
0.999869 0.00844967 -0.013056 0 0.00932116 -0.997619 0.0681987 0 -0.0124489 -0.0683128 -0.997586 0 -0.229719 -0.332662 0.493904 1 
0.99987 0.00844169 -0.013051 0 0.00931281 -0.997619 0.0681945 0 -0.0124445 -0.0683085 -0.997587 0 -0.229719 -0.33266 0.493901 1 
0.99987 0.00842901 -0.013046 0 0.00929985 -0.997619 0.0681971 0 -0.0124403 -0.0683109 -0.997587 0 -0.229726 -0.332656 0.4939 1 
0.99987 0.0084297 -0.0130473 0 0.00930061 -0.997619 0.0681964 0 -0.0124416 -0.0683102 -0.997587 0 -0.229725 -0.332657 0.493901 1 
0.99987 0.00843295 -0.0130534 0 0.0093043 -0.997619 0.0681989 0 -0.0124474 -0.0683128 -0.997586 0 -0.229724 -0.332658 0.493903 1 
0.999869 0.00843481 -0.0130646 0 0.00930716 -0.997617 0.068217 0 -0.0124583 -0.068331 -0.997585 0 -0.229725 -0.332663 0.493912 1 
0.99987 0.00842761 -0.0130653 0 0.00930008 -0.997617 0.0682223 0 -0.0124595 -0.0683363 -0.997585 0 -0.229727 -0.332661 0.493914 1 
0.99987 0.00843009 -0.0130611 0 0.00930214 -0.997618 0.0682117 0 -0.0124552 -0.0683256 -0.997585 0 -0.229726 -0.332661 0.493909 1 
0.99987 0.00842686 -0.0130565 0 0.00929848 -0.997619 0.0682014 0 -0.0124509 -0.0683152 -0.997586 0 -0.229726 -0.332658 0.493903 1 
0.99987 0.00842583 -0.0130559 0 0.0092975 -0.997618 0.0682083 0 -0.0124503 -0.0683221 -0.997586 0 -0.229729 -0.332657 0.493906 1 
0.99987 0.00842473 -0.0130457 0 0.00929549 -0.997619 0.0681914 0 -0.0124403 -0.0683051 -0.997587 0 -0.229728 -0.332656 0.493897 1 
0.99987 0.00841698 -0.0130345 0 0.00928688 -0.99762 0.0681824 0 -0.0124299 -0.0682959 -0.997588 0 -0.229732 -0.332654 0.493891 1 
0.99987 0.0083924 -0.0130347 0 0.00926238 -0.99762 0.0681837 0 -0.0124317 -0.0682969 -0.997588 0 -0.22974 -0.332649 0.493892 1 
0.99987 0.0083735 -0.0130347 0 0.00924363 -0.99762 0.0681918 0 -0.0124329 -0.0683048 -0.997587 0 -0.229749 -0.332644 0.493894 1 
0.99987 0.00836784 -0.0130395 0 0.00923845 -0.997619 0.0682029 0 -0.012438 -0.0683158 -0.997586 0 -0.229751 -0.332643 0.4939 1 
0.99987 0.00836538 -0.0130348 0 0.00923559 -0.997619 0.0681969 0 -0.0124335 -0.0683097 -0.997587 0 -0.229753 -0.332642 0.493896 1 
0.99987 0.00837067 -0.0130351 0 0.00924085 -0.99762 0.0681931 0 -0.0124335 -0.0683061 -0.997587 0 -0.22975 -0.332643 0.493895 1 
0.99987 0.00838146 -0.0130406 0 0.00925203 -0.997619 0.0681959 0 -0.0124382 -0.068309 -0.997587 0 -0.229747 -0.332647 0.493896 1 
0.99987 0.00837207 -0.0130409 0 0.00924271 -0.997619 0.0681988 0 -0.0124392 -0.0683118 -0.997586 0 -0.229749 -0.332646 0.493898 1 
0.999871 0.00836621 -0.0130249 0 0.00923556 -0.997621 0.0681818 0 -0.0124237 -0.0682946 -0.997588 0 -0.22975 -0.332645 0.493888 1 
0.99987 0.00838814 -0.0130151 0 0.00925642 -0.997622 0.0681539 0 -0.0124127 -0.0682669 -0.99759 0 -0.229742 -0.332648 0.493875 1 
0.99987 0.00839966 -0.0130211 0 0.00926842 -0.997622 0.0681605 0 -0.0124179 -0.0682737 -0.997589 0 -0.229739 -0.332651 0.493879 1 
0.999871 0.00836378 -0.0130103 0 0.00923187 -0.997622 0.0681608 0 -0.0124095 -0.0682734 -0.997589 0 -0.229751 -0.332642 0.493877 1 
0.999871 0.00836632 -0.0130037 0 0.00923388 -0.997622 0.0681541 0 -0.0124028 -0.0682667 -0.99759 0 -0.22975 -0.332643 0.493873 1 
0.999871 0.00837155 -0.0130134 0 0.00923989 -0.997622 0.0681644 0 -0.0124121 -0.0682772 -0.997589 0 -0.22975 -0.332644 0.493879 1 
0.999871 0.00837863 -0.0130195 0 0.00924743 -0.997621 0.0681693 0 -0.0124176 -0.0682822 -0.997589 0 -0.229746 -0.332647 0.493883 1 
0.999871 0.00836172 -0.013007 0 0.00922962 -0.997622 0.0681631 0 -0.0124063 -0.0682757 -0.997589 0 -0.229752 -0.332642 0.493877 1 
0.999871 0.0083327 -0.0130007 0 0.00920023 -0.997622 0.0681625 0 -0.012402 -0.0682747 -0.997589 0 -0.229764 -0.332634 0.493875 1 
0.999871 0.00833851 -0.0130023 0 0.00920616 -0.997622 0.0681639 0 -0.0124033 -0.0682761 -0.997589 0 -0.229761 -0.332636 0.493876 1 
0.999871 0.00835309 -0.0130043 0 0.00922076 -0.997622 0.0681567 0 -0.0124043 -0.0682691 -0.99759 0 -0.229755 -0.332641 0.493874 1 
0.999871 0.00836132 -0.0130048 0 0.00922897 -0.997622 0.0681542 0 -0.0124043 -0.0682667 -0.99759 0 -0.229752 -0.332641 0.493873 1 
0.999871 0.00836712 -0.0130149 0 0.00923557 -0.997622 0.0681647 0 -0.0124139 -0.0682774 -0.997589 0 -0.229751 -0.332643 0.493879 1 
0.999871 0.00837469 -0.0130117 0 0.00924281 -0.997622 0.0681568 0 -0.0124102 -0.0682695 -0.99759 0 -0.22975 -0.332643 0.493876 1 
0.999871 0.00835668 -0.0129883 0 0.00922297 -0.997624 0.0681361 0 -0.0123882 -0.0682484 -0.997591 0 -0.229752 -0.332638 0.493862 1 
0.999871 0.00836164 -0.0129919 0 0.00922818 -0.997624 0.0681364 0 -0.0123915 -0.0682488 -0.997591 0 -0.229751 -0.332639 0.493864 1 
0.999871 0.00836026 -0.0129907 0 0.00922673 -0.997624 0.0681375 0 -0.0123904 -0.0682499 -0.997591 0 -0.229752 -0.332638 0.493864 1 
0.999871 0.00835419 -0.0129845 0 0.00922019 -0.997624 0.0681319 0 -0.0123847 -0.0682441 -0.997592 0 -0.229753 -0.332637 0.49386 1 
0.999871 0.00836333 -0.012985 0 0.0092293 -0.997624 0.068128 0 -0.0123847 -0.0682403 -0.997592 0 -0.229748 -0.332639 0.493858 1 
0.999871 0.00839136 -0.0129827 0 0.00925687 -0.997625 0.0681095 0 -0.0123806 -0.0682222 -0.997593 0 -0.229737 -0.332643 0.493851 1 
0.999871 0.00838636 -0.0129736 0 0.00925117 -0.997626 0.0681018 0 -0.0123719 -0.0682144 -0.997594 0 -0.229739 -0.332641 0.493847 1 
0.999871 0.00837595 -0.012967 0 0.00924027 -0.997626 0.0680969 0 -0.0123661 -0.0682092 -0.997594 0 -0.229743 -0.332638 0.493844 1 
0.999871 0.00839117 -0.0129717 0 0.00925575 -0.997626 0.068095 0 -0.0123697 -0.0682076 -0.997594 0 -0.229738 -0.332643 0.493844 1 
0.999871 0.00839206 -0.0129604 0 0.00925568 -0.997627 0.0680799 0 -0.0123585 -0.0681924 -0.997596 0 -0.229738 -0.332642 0.493837 1 
0.999872 0.00835765 -0.0129219 0 0.00921826 -0.99763 0.0680418 0 -0.0123228 -0.0681535 -0.997599 0 -0.22975 -0.332633 0.493814 1 
0.999872 0.00835975 -0.0128866 0 0.00921733 -0.997634 0.0679924 0 -0.0122879 -0.0681038 -0.997603 0 -0.229749 -0.332635 0.493787 1 
0.999872 0.00838392 -0.0128679 0 0.00923968 -0.997636 0.0679519 0 -0.0122681 -0.0680635 -0.997606 0 -0.229741 -0.332642 0.493767 1 
0.999873 0.00838986 -0.0128498 0 0.00924399 -0.997638 0.0679211 0 -0.0122498 -0.0680325 -0.997608 0 -0.229737 -0.332639 0.493752 1 
0.999873 0.00837636 -0.0128201 0 0.00922811 -0.997641 0.067889 0 -0.0122214 -0.068 -0.99761 0 -0.229739 -0.332631 0.493731 1 
0.999875 0.00839624 -0.0126972 0 0.00923742 -0.997653 0.0677104 0 -0.0120992 -0.0678204 -0.997624 0 -0.229721 -0.332619 0.493632 1 
0.999876 0.00843369 -0.0125805 0 0.00926473 -0.997664 0.0675322 0 -0.0119818 -0.0676417 -0.997638 0 -0.229718 -0.332649 0.493542 1 
0.999877 0.0084521 -0.0124334 0 0.00927063 -0.997679 0.0673194 0 -0.0118358 -0.0674277 -0.997654 0 -0.229717 -0.332668 0.493432 1 
0.999879 0.00849754 -0.0122581 0 0.00930109 -0.997696 0.0670579 0 -0.0116602 -0.0671651 -0.997674 0 -0.2297 -0.332675 0.493293 1 
0.999882 0.0084858 -0.0120506 0 0.00927219 -0.997715 0.0667749 0 -0.0114567 -0.06688 -0.997695 0 -0.229691 -0.332653 0.493134 1 
0.999883 0.00850067 -0.011967 0 0.00928008 -0.997723 0.0666569 0 -0.0113733 -0.0667614 -0.997704 0 -0.229689 -0.332669 0.493072 1 
0.999882 0.00869183 -0.0118999 0 0.00946426 -0.997734 0.0664721 0 -0.0112954 -0.0665781 -0.997717 0 -0.229622 -0.332731 0.492982 1 
0.999879 0.00916799 -0.0117476 0 0.00992127 -0.997777 0.065755 0 -0.0111188 -0.0658649 -0.997767 0 -0.229428 -0.332846 0.492636 1 
0.999877 0.00936875 -0.0117765 0 0.010112 -0.997842 0.0647273 0 -0.0111449 -0.0648397 -0.997833 0 -0.229308 -0.333024 0.492053 1 
0.999879 0.00932618 -0.0116356 0 0.0100473 -0.997919 0.06354 0 -0.011019 -0.0636504 -0.997911 0 -0.229168 -0.333245 0.491325 1 
0.99989 0.00935837 -0.0106203 0 0.00999579 -0.998038 0.0616442 0 -0.0100228 -0.0617448 -0.998042 0 -0.228809 -0.333496 0.49029 1 
0.999905 0.00947453 -0.00903696 0 0.00999355 -0.998185 0.0592314 0 -0.00845952 -0.0593172 -0.998203 0 -0.228257 -0.333833 0.489007 1 
0.99992 0.00951076 -0.00709343 0 0.00989581 -0.998351 0.0563828 0 -0.00654561 -0.0564496 -0.998384 0 -0.227604 -0.334295 0.487493 1 
0.999928 0.0100264 -0.00496426 0 0.0102757 -0.99853 0.0530398 0 -0.00442525 -0.053088 -0.99858 0 -0.226867 -0.334837 0.485755 1 
0.999924 0.0112331 -0.00273737 0 0.0113545 -0.998709 0.049318 0 -0.00217988 -0.0493463 -0.998779 0 -0.226081 -0.335437 0.483838 1 
0.999912 0.0124888 -0.000519994 0 0.0124995 -0.998877 0.0454865 0 4.8662e-05 -0.0454899 -0.998965 0 -0.225263 -0.336147 0.481727 1 
0.999903 0.0130886 0.00159347 0 0.0130108 -0.999036 0.0416987 0 0.00213775 -0.0416747 -0.999129 0 -0.224413 -0.336987 0.479524 1 
0.999885 0.0140058 0.00368844 0 0.0138563 -0.999178 0.0378297 0 0.00421533 -0.037775 -0.999277 0 -0.223465 -0.337957 0.477231 1 
0.999856 0.0153804 0.00562367 0 0.0151799 -0.999293 0.034115 0 0.00614451 -0.0340254 -0.999402 0 -0.222424 -0.338994 0.475037 1 
0.999815 0.0171863 0.0074258 0 0.0169569 -0.999399 0.0299185 0 0.00793568 -0.0297876 -0.999525 0 -0.221291 -0.340221 0.472635 1 
0.999764 0.0192198 0.00915981 0 0.0189811 -0.999486 0.0254672 0 0.00964476 -0.0252878 -0.999634 0 -0.2202 -0.341406 0.470283 1 
0.999718 0.0205764 0.0110414 0 0.0203455 -0.999571 0.0206259 0 0.0114613 -0.0203958 -0.999726 0 -0.21911 -0.342707 0.467782 1 
0.999688 0.0209209 0.0129526 0 0.0207154 -0.999651 0.0157979 0 0.0132788 -0.0155249 -0.999791 0 -0.217993 -0.344158 0.465242 1 
0.99968 0.0201638 0.014621 0 0.0200009 -0.999728 0.0112058 0 0.0148432 -0.01091 -0.99983 0 -0.216846 -0.345776 0.462724 1 
0.999677 0.0197106 0.0154513 0 0.0196041 -0.999774 0.00701086 0 0.0155863 -0.00670581 -0.999856 0 -0.215759 -0.34752 0.460372 1 
0.999681 0.0193678 0.0156033 0 0.0193222 -0.999799 0.00306498 0 0.0156598 -0.00276257 -0.999874 0 -0.214823 -0.349391 0.458136 1 
0.999712 0.0181155 0.015119 0 0.0181186 -0.999826 -7.02764e-05 0 0.0151154 0.000344199 -0.999886 0 -0.214091 -0.351616 0.455806 1 
0.999754 0.0165354 0.0141 0 0.0165614 -0.999852 -0.0017259 0 0.0140697 0.00195903 -0.999899 0 -0.213522 -0.354367 0.453366 1 
0.999797 0.0150379 0.0126348 0 0.0150622 -0.999875 -0.00183358 0 0.0126059 0.00202356 -0.999918 0 -0.212989 -0.357351 0.451158 1 
0.999853 0.0125962 0.0107486 0 0.0126051 -0.999911 -0.000757137 0 0.0107383 0.000892529 -0.999942 0 -0.212427 -0.360713 0.449037 1 
0.999894 0.0108908 0.00856981 0 0.0108822 -0.999931 0.00105397 0 0.00858086 -0.000960618 -0.999963 0 -0.21205 -0.364419 0.44676 1 
0.999918 0.0102531 0.00625603 0 0.0102312 -0.999932 0.00352074 0 0.00629183 -0.00345651 -0.999974 0 -0.211856 -0.36826 0.444372 1 
0.999941 0.00948416 0.00296511 0 0.00946093 -0.999916 0.00775349 0 0.00303846 -0.00772513 -0.999966 0 -0.211666 -0.372832 0.441835 1 
0.999949 0.00914247 -1.18279e-05 0 0.00914196 -0.999877 0.0119372 0 9.73111e-05 -0.0119369 -0.999929 0 -0.21145 -0.377209 0.439455 1 
0.999957 0.00775731 -0.00240293 0 0.00779388 -0.999838 0.0156049 0 -0.00228153 -0.0156233 -0.999875 0 -0.211329 -0.381571 0.436735 1 
0.999965 0.00501907 -0.00502699 0 0.00511721 -0.999783 0.0197047 0 -0.0049271 -0.0197302 -0.999793 0 -0.211171 -0.386053 0.434014 1 
0.999961 0.00200662 -0.00736563 0 0.00217511 -0.999725 0.022939 0 -0.00731771 -0.0229546 -0.99971 0 -0.211036 -0.390412 0.431051 1 
0.999947 -0.00189119 -0.00913153 0 -0.00166607 -0.999686 0.0245983 0 -0.00917537 -0.0245822 -0.999656 0 -0.21096 -0.394475 0.42771 1 
0.999912 -0.00590341 -0.0110419 0 -0.00561753 -0.999643 0.0257449 0 -0.0111901 -0.0256811 -0.999608 0 -0.210752 -0.39844 0.42436 1 
0.999852 -0.0115318 -0.0120294 0 -0.0112282 -0.999615 0.0250027 0 -0.0123133 -0.0248644 -0.999615 0 -0.210538 -0.402252 0.420345 1 
0.999756 -0.0177568 -0.0124084 0 -0.0174622 -0.999563 0.0234574 0 -0.0128197 -0.0232354 -0.999648 0 -0.210264 -0.405798 0.416208 1 
0.99961 -0.0246009 -0.0124487 0 -0.0243316 -0.999467 0.0213404 0 -0.0129673 -0.0210296 -0.999695 0 -0.209966 -0.409189 0.411888 1 
0.999406 -0.0321309 -0.0116397 0 -0.031926 -0.999329 0.0173814 0 -0.0121906 -0.0169998 -0.999781 0 -0.209544 -0.412367 0.407079 1 
0.99914 -0.0397035 -0.0110953 0 -0.0395488 -0.999112 0.0138248 0 -0.0116346 -0.0133744 -0.999843 0 -0.209055 -0.415268 0.402684 1 
0.998837 -0.0470216 -0.00973933 0 -0.0469412 -0.998853 0.00832594 0 -0.0101199 -0.00785923 -0.999918 0 -0.20845 -0.418223 0.397372 1 
0.998494 -0.053985 -0.00868585 0 -0.0539533 -0.998526 0.0038448 0 -0.00888078 -0.00337045 -0.999955 0 -0.207859 -0.421075 0.392441 1 
0.998132 -0.0604891 -0.00733356 0 -0.0604962 -0.998158 -0.000754648 0 -0.00727455 0.00119691 -0.999973 0 -0.207302 -0.424006 0.387139 1 
0.997747 -0.0666773 -0.00595995 0 -0.0667058 -0.997752 -0.00471782 0 -0.00563209 0.00510485 -0.999971 0 -0.206715 -0.42691 0.382026 1 
0.997321 -0.0728941 -0.0042903 0 -0.0729311 -0.997285 -0.00922034 0 -0.00360661 0.00950872 -0.999948 0 -0.206179 -0.429922 0.376307 1 
0.996839 -0.0792584 -0.00318344 0 -0.0792918 -0.996766 -0.0123157 0 -0.00219707 0.0125294 -0.999919 0 -0.205745 -0.432918 0.371093 1 
0.996319 -0.0855898 -0.00211379 0 -0.0856124 -0.996199 -0.0154386 0 -0.000784386 0.015563 -0.999879 0 -0.205415 -0.436101 0.365283 1 
0.995798 -0.0914548 -0.00155809 0 -0.091468 -0.995648 -0.0173102 0 3.17909e-05 0.0173804 -0.999849 0 -0.205239 -0.439518 0.359438 1 
0.99538 -0.0959091 -0.00100679 0 -0.0959107 -0.995194 -0.0192517 0 0.000844481 0.0192597 -0.999814 0 -0.205286 -0.44275 0.353513 1 
0.99511 -0.0986692 -0.00104707 0 -0.098671 -0.994923 -0.019321 0 0.00086465 0.0193302 -0.999813 0 -0.205561 -0.445847 0.348374 1 
0.994926 -0.100506 -0.000954021 0 -0.100505 -0.994733 -0.019656 0 0.00102657 0.0196525 -0.999806 0 -0.20604 -0.44915 0.342402 1 
0.994814 -0.101612 -0.00130303 0 -0.101619 -0.994637 -0.0187514 0 0.000609337 0.0187869 -0.999823 0 -0.2067 -0.452422 0.336837 1 
0.994851 -0.101245 -0.00159644 0 -0.101258 -0.994692 -0.0177836 0 0.000212548 0.0178541 -0.999841 0 -0.207508 -0.455624 0.33109 1 
0.994947 -0.100285 -0.00212388 0 -0.100306 -0.994818 -0.016042 0 -0.000504108 0.0161743 -0.999869 0 -0.208487 -0.458908 0.325182 1 
0.995017 -0.0995744 -0.0027437 0 -0.0996031 -0.99492 -0.0139477 0 -0.00134096 0.0141517 -0.999899 0 -0.209612 -0.462215 0.319196 1 
0.995074 -0.0989844 -0.00334796 0 -0.0990176 -0.995005 -0.0119241 0 -0.00215098 0.0121971 -0.999923 0 -0.21072 -0.465351 0.313174 1 
0.995117 -0.0985122 -0.00418596 0 -0.0985472 -0.99508 -0.00920204 0 -0.00325891 0.00956981 -0.999949 0 -0.211936 -0.468602 0.307181 1 
0.995155 -0.0981185 -0.00457516 0 -0.098152 -0.995131 -0.00779061 0 -0.00378855 0.00820208 -0.999959 0 -0.213094 -0.471636 0.300518 1 
0.99517 -0.0979361 -0.00504579 0 -0.0979665 -0.995161 -0.00616453 0 -0.00441773 0.0066292 -0.999968 0 -0.214203 -0.474338 0.294596 1 
0.99517 -0.0979378 -0.00501947 0 -0.0979672 -0.995162 -0.00598101 0 -0.0044095 0.00644399 -0.99997 0 -0.215232 -0.47698 0.287745 1 
0.995125 -0.0984072 -0.00483528 0 -0.0984368 -0.995114 -0.00631798 0 -0.00419 0.00676328 -0.999968 0 -0.21614 -0.47931 0.280963 1 
0.995024 -0.0994323 -0.00451365 0 -0.0994627 -0.995006 -0.00708813 0 -0.00378639 0.00750195 -0.999965 0 -0.21701 -0.481472 0.274262 1 
0.994909 -0.100612 -0.00366724 0 -0.100643 -0.994868 -0.00943542 0 -0.00269916 0.00975665 -0.999949 0 -0.217734 -0.483292 0.266928 1 
0.994788 -0.101832 -0.00275724 0 -0.101858 -0.994717 -0.0120256 0 -0.00151811 0.012244 -0.999924 0 -0.218359 -0.484811 0.26003 1 
0.994731 -0.102422 -0.00127842 0 -0.102429 -0.994596 -0.0163761 0 0.000405775 0.0164211 -0.999865 0 -0.218737 -0.485985 0.252893 1 
0.994687 -0.102855 0.000317886 0 -0.102826 -0.994467 -0.0210669 0 0.00248302 0.0209227 -0.999778 0 -0.219062 -0.487122 0.245321 1 
0.994642 -0.103271 0.00176354 0 -0.103193 -0.994329 -0.0253452 0 0.00437104 0.0250279 -0.999677 0 -0.219329 -0.488161 0.238215 1 
0.994621 -0.103427 0.00357355 0 -0.103269 -0.994168 -0.0307665 0 0.00673491 0.0302325 -0.99952 0 -0.219366 -0.48895 0.23104 1 
0.994603 -0.103539 0.00503983 0 -0.103299 -0.994018 -0.0351789 0 0.00865222 0.0344691 -0.999368 0 -0.219412 -0.489785 0.224599 1 
0.994628 -0.10319 0.00693233 0 -0.102824 -0.993849 -0.0408901 0 0.0111094 0.0399584 -0.99914 0 -0.219302 -0.490524 0.217335 1 
0.99468 -0.102579 0.00836263 0 -0.102102 -0.993741 -0.0451164 0 0.0129385 0.0440234 -0.998947 0 -0.219268 -0.491396 0.210716 1 
0.994742 -0.10184 0.00992606 0 -0.101227 -0.993608 -0.0497676 0 0.0149312 0.048502 -0.998711 0 -0.219214 -0.492281 0.203867 1 
0.994805 -0.101082 0.011276 0 -0.100339 -0.99349 -0.0537645 0 0.0166375 0.0523548 -0.99849 0 -0.21919 -0.49325 0.197487 1 
0.994861 -0.100401 0.0123163 0 -0.0995502 -0.993399 -0.0568167 0 0.0179398 0.0552997 -0.998309 0 -0.219286 -0.494402 0.1918 1 
0.994925 -0.0996313 0.013364 0 -0.0986645 -0.993306 -0.0599112 0 0.0192439 0.0582897 -0.998114 0 -0.219322 -0.495542 0.186144 1 
0.995026 -0.0985418 0.0139024 0 -0.097516 -0.993329 -0.0613898 0 0.0198595 0.0597299 -0.998017 0 -0.219618 -0.497664 0.179429 1 
0.995104 -0.0976533 0.014563 0 -0.0965505 -0.993304 -0.0632887 0 0.0206463 0.061574 -0.997889 0 -0.21976 -0.499191 0.17413 1 
0.995203 -0.0966128 0.0147362 0 -0.0954925 -0.99338 -0.063704 0 0.0207937 0.0619924 -0.99786 0 -0.219909 -0.500933 0.169711 1 
0.995282 -0.0957426 0.0150681 0 -0.0945842 -0.993409 -0.0646071 0 0.0211549 0.0628783 -0.997797 0 -0.220187 -0.50274 0.16494 1 
0.99538 -0.0947633 0.0148115 0 -0.0936414 -0.993555 -0.0637198 0 0.0207547 0.0620397 -0.997858 0 -0.220591 -0.504934 0.160864 1 
0.995462 -0.0939393 0.0145748 0 -0.0928492 -0.993678 -0.0629623 0 0.0203976 0.0613244 -0.997909 0 -0.221107 -0.507129 0.156491 1 
0.995561 -0.092947 0.0141577 0 -0.0919071 -0.993837 -0.0618136 0 0.0198162 0.0602392 -0.997987 0 -0.221596 -0.509398 0.15268 1 
0.995662 -0.0919023 0.0138752 0 -0.0908916 -0.993964 -0.0612773 0 0.0194233 0.0597515 -0.998024 0 -0.222125 -0.511555 0.148537 1 
0.995802 -0.0904614 0.0132627 0 -0.0895119 -0.994161 -0.0600978 0 0.0186221 0.0586595 -0.998104 0 -0.222736 -0.513909 0.145111 1 
0.995882 -0.0895954 0.0131394 0 -0.0886518 -0.994229 -0.0602505 0 0.0184621 0.0588386 -0.998097 0 -0.223354 -0.51589 0.141326 1 
0.99594 -0.0890395 0.0125168 0 -0.0881632 -0.994373 -0.0585741 0 0.0176621 0.0572338 -0.998205 0 -0.224151 -0.518241 0.138074 1 
0.995994 -0.0884871 0.0121001 0 -0.0876524 -0.994475 -0.0575937 0 0.0171299 0.0563035 -0.998267 0 -0.224942 -0.520431 0.134256 1 
0.996082 -0.0876022 0.0113245 0 -0.086841 -0.994646 -0.0558495 0 0.0161567 0.0546483 -0.998375 0 -0.225775 -0.522731 0.131337 1 
0.99621 -0.0862191 0.010654 0 -0.0855095 -0.994808 -0.0550105 0 0.0153419 0.053892 -0.998429 0 -0.226624 -0.524925 0.127856 1 
0.996378 -0.0843675 0.00968611 0 -0.0837291 -0.995022 -0.0538612 0 0.0141823 0.0528561 -0.998501 0 -0.227443 -0.527088 0.124838 1 
0.996562 -0.0823089 0.008401 0 -0.0817572 -0.995252 -0.052621 0 0.0126925 0.0517543 -0.998579 0 -0.228375 -0.529551 0.121772 1 
0.99675 -0.0801346 0.00704331 0 -0.0796592 -0.995437 -0.052349 0 0.0112064 0.0516188 -0.998604 0 -0.229263 -0.531754 0.118729 1 
0.996978 -0.0774045 0.00492414 0 -0.0770486 -0.99568 -0.0516388 0 0.00890012 0.0511043 -0.998654 0 -0.230279 -0.534092 0.116288 1 
0.99723 -0.0742023 0.00274029 0 -0.0739608 -0.995901 -0.0518817 0 0.00657892 0.0515363 -0.998649 0 -0.231242 -0.536198 0.113533 1 
0.997505 -0.0704568 -0.000210038 0 -0.070376 -0.99621 -0.0509331 0 0.0033794 0.0508217 -0.998702 0 -0.232359 -0.538698 0.111332 1 
0.99774 -0.0669789 -0.00291889 0 -0.067041 -0.996486 -0.0500269 0 0.000442126 0.0501105 -0.998744 0 -0.233446 -0.541175 0.109005 1 
0.997932 -0.0638991 -0.0053671 0 -0.0640853 -0.99674 -0.0488239 0 -0.00222985 0.0490678 -0.998793 0 -0.234435 -0.543633 0.106822 1 
0.998093 -0.0610752 -0.0077647 0 -0.0613745 -0.996992 -0.0471334 0 -0.00486275 0.047521 -0.998858 0 -0.235459 -0.546299 0.105054 1 
0.998213 -0.0588723 -0.00924559 0 -0.0592425 -0.997135 -0.0468304 0 -0.00646222 0.0472953 -0.99886 0 -0.236328 -0.548644 0.102792 1 
0.998301 -0.0571908 -0.0102825 0 -0.0576096 -0.997244 -0.0465404 0 -0.00759259 0.0470546 -0.998863 0 -0.23707 -0.55092 0.10095 1 
0.998375 -0.0556813 -0.0112565 0 -0.0561433 -0.997351 -0.0460358 0 -0.0086635 0.0465939 -0.998876 0 -0.237818 -0.553276 0.0992881 1 
0.998439 -0.0543916 -0.0118712 0 -0.0548851 -0.997413 -0.0462066 0 -0.00932746 0.046787 -0.998861 0 -0.238514 -0.555431 0.0971618 1 
0.998491 -0.0532731 -0.0125628 0 -0.0537956 -0.997493 -0.045757 0 -0.0100939 0.0463647 -0.998874 0 -0.239201 -0.557607 0.0954958 1 
0.998547 -0.0520276 -0.0133214 0 -0.052579 -0.99759 -0.0450666 0 -0.0109448 0.0457025 -0.998895 0 -0.239928 -0.559856 0.0939285 1 
0.998633 -0.0501933 -0.0138899 0 -0.0507728 -0.997682 -0.0451006 0 -0.0115942 0.045745 -0.998886 0 -0.240626 -0.561917 0.0918911 1 
0.998713 -0.0484043 -0.0145041 0 -0.0490092 -0.997786 -0.0447471 0 -0.0123063 0.0454012 -0.998893 0 -0.241333 -0.563931 0.0901908 1 
0.998786 -0.0466446 -0.0152454 0 -0.047275 -0.997902 -0.0440053 0 -0.0131611 0.0446734 -0.998915 0 -0.242139 -0.566168 0.0885568 1 
0.998872 -0.0445686 -0.0158018 0 -0.0452257 -0.997998 -0.0439987 0 -0.0138095 0.0446646 -0.998907 0 -0.24287 -0.568124 0.0865402 1 
0.99895 -0.0424999 -0.016563 0 -0.0431904 -0.998095 -0.0438393 0 -0.0146686 0.0445095 -0.998901 0 -0.243592 -0.56999 0.0847711 1 
0.999006 -0.0407136 -0.017588 0 -0.0414416 -0.998196 -0.0432268 0 -0.0157967 0.0439135 -0.99891 0 -0.244416 -0.572018 0.0832175 1 
0.999051 -0.039211 -0.0184745 0 -0.0399782 -0.998258 -0.0431712 0 -0.0167499 0.0438696 -0.998897 0 -0.245269 -0.574083 0.0810556 1 
0.999086 -0.037903 -0.0192771 0 -0.0387056 -0.99831 -0.0431202 0 -0.0176105 0.0438278 -0.998884 0 -0.245998 -0.575939 0.0790922 1 
0.999108 -0.0368043 -0.0202201 0 -0.0376356 -0.998382 -0.0423971 0 -0.0186273 0.0431211 -0.998896 0 -0.246782 -0.577954 0.077525 1 
0.999124 -0.036053 -0.0207723 0 -0.0369041 -0.998419 -0.0421616 0 -0.0192197 0.0428921 -0.998895 0 -0.247488 -0.579829 0.0755552 1 
0.999137 -0.0355935 -0.0209763 0 -0.036452 -0.99844 -0.0420741 0 -0.0194464 0.0428032 -0.998894 0 -0.248068 -0.581587 0.0734864 1 
0.99914 -0.0352864 -0.0213385 0 -0.0361447 -0.998484 -0.041272 0 -0.0198502 0.0420086 -0.99892 0 -0.248677 -0.58344 0.0719525 1 
0.999144 -0.0350109 -0.0215953 0 -0.0358689 -0.998517 -0.0407125 0 -0.0201383 0.041453 -0.998937 0 -0.249303 -0.585309 0.0701056 1 
0.999154 -0.0346643 -0.021681 0 -0.0355263 -0.998529 -0.0407218 0 -0.0202379 0.0414584 -0.998935 0 -0.249843 -0.586965 0.0679364 1 
0.999157 -0.0343838 -0.0219858 0 -0.035244 -0.998568 -0.0400132 0 -0.0205789 0.0407551 -0.998957 0 -0.250408 -0.588719 0.0663413 1 
0.999158 -0.0340971 -0.0223977 0 -0.034954 -0.998616 -0.039055 0 -0.0210354 0.0398058 -0.998986 0 -0.251039 -0.59064 0.064749 1 
0.999164 -0.0338052 -0.0225599 0 -0.034664 -0.998635 -0.0388325 0 -0.0212168 0.0395828 -0.998991 0 -0.251594 -0.592304 0.0627005 1 
0.999167 -0.0335211 -0.0228661 0 -0.034376 -0.998674 -0.0380807 0 -0.0215597 0.0388358 -0.999013 0 -0.252178 -0.594139 0.0609375 1 
0.999162 -0.0332433 -0.0234564 0 -0.0340898 -0.998737 -0.0366593 0 -0.0222085 0.0374289 -0.999052 0 -0.252834 -0.59613 0.0596505 1 
0.999161 -0.0330141 -0.0238339 0 -0.0338553 -0.998776 -0.0357974 0 -0.0226233 0.036575 -0.999075 0 -0.253428 -0.597862 0.0580817 1 
0.999161 -0.0327895 -0.0241395 0 -0.0336233 -0.998812 -0.0349859 0 -0.0229641 0.0357689 -0.999096 0 -0.253983 -0.599596 0.05643 1 
0.999151 -0.0325118 -0.0249023 0 -0.0333254 -0.99889 -0.032988 0 -0.0238026 0.0337905 -0.999145 0 -0.254693 -0.601844 0.0553107 1 
0.999141 -0.0322775 -0.0256046 0 -0.03307 -0.998958 -0.0311546 0 -0.0245728 0.0319752 -0.999187 0 -0.255344 -0.603879 0.0542993 1 
0.99914 -0.031966 -0.0260482 0 -0.0327432 -0.999005 -0.0299761 0 -0.0250645 0.0308038 -0.999211 0 -0.255884 -0.605769 0.0527692 1 
0.999137 -0.0315877 -0.0266183 0 -0.0323435 -0.999062 -0.0284593 0 -0.0256948 0.0292963 -0.99924 0 -0.256344 -0.607619 0.0516922 1 
0.999128 -0.0311883 -0.0273956 0 -0.0319128 -0.999132 -0.0264186 0 -0.0265484 0.0272704 -0.999275 0 -0.256834 -0.609624 0.0509787 1 
0.999123 -0.0307793 -0.0280627 0 -0.0314736 -0.999191 -0.0246453 0 -0.027282 0.0255074 -0.999302 0 -0.257233 -0.611441 0.050245 1 
0.999121 -0.0303546 -0.0285913 0 -0.031023 -0.999239 -0.0232289 0 -0.027865 0.024096 -0.999321 0 -0.257555 -0.61318 0.0492281 1 
0.999116 -0.0300107 -0.0291148 0 -0.0306525 -0.999282 -0.0218542 0 -0.0284386 0.0227278 -0.999337 0 -0.257792 -0.614876 0.0482541 1 
0.999111 -0.0296183 -0.0296615 0 -0.0302303 -0.999325 -0.0204024 0 -0.0290378 0.0212814 -0.999352 0 -0.25796 -0.616492 0.0475106 1 
0.999104 -0.0292376 -0.0302868 0 -0.0298131 -0.99937 -0.018729 0 -0.0297207 0.0196156 -0.999366 0 -0.258127 -0.618179 0.0469068 1 
0.999081 -0.0293152 -0.0309599 0 -0.0298485 -0.999402 -0.0169051 0 -0.0304464 0.017814 -0.999378 0 -0.258285 -0.619918 0.046375 1 
0.999059 -0.0294537 -0.031529 0 -0.0299502 -0.999423 -0.0153929 0 -0.031058 0.016323 -0.999384 0 -0.258364 -0.621538 0.04569 1 
0.999063 -0.0288998 -0.0319311 0 -0.0293683 -0.999457 -0.0143021 0 -0.031501 0.0152267 -0.999388 0 -0.258314 -0.622938 0.0449061 1 
0.999071 -0.0281396 -0.0323383 0 -0.0285773 -0.999495 -0.0131517 0 -0.0319525 0.0140639 -0.99939 0 -0.258173 -0.62438 0.0441702 1 
0.999064 -0.0279293 -0.032746 0 -0.028329 -0.999519 -0.0118072 0 -0.0324011 0.012724 -0.999394 0 -0.258056 -0.625753 0.0437148 1 
0.999036 -0.0282317 -0.033316 0 -0.0285881 -0.999529 -0.0102703 0 -0.033011 0.011213 -0.999392 0 -0.257969 -0.627205 0.0433547 1 
0.999001 -0.02884 -0.0338556 0 -0.0291532 -0.999527 -0.00879643 0 -0.0335865 0.00977483 -0.999388 0 -0.257937 -0.628574 0.0430021 1 
0.998959 -0.0297944 -0.0342702 0 -0.0300712 -0.999509 -0.00758737 0 -0.034028 0.00861018 -0.999384 0 -0.257903 -0.629816 0.0424848 1 
0.998923 -0.0306955 -0.0345088 0 -0.0309499 -0.999488 -0.00686215 0 -0.0342812 0.00792296 -0.999381 0 -0.257837 -0.630783 0.0418097 1 
0.998891 -0.0316049 -0.0346127 0 -0.0318422 -0.999463 -0.00632608 0 -0.0343949 0.00742135 -0.999381 0 -0.25776 -0.631638 0.0410557 1 
0.998873 -0.0320167 -0.0347634 0 -0.0322372 -0.999454 -0.00579973 0 -0.0345593 0.006914 -0.999379 0 -0.257742 -0.632408 0.040437 1 
0.998872 -0.0318566 -0.0349428 0 -0.032059 -0.999463 -0.00524782 0 -0.0347576 0.00636226 -0.999376 0 -0.257765 -0.63311 0.0399636 1 
0.998869 -0.031777 -0.0350879 0 -0.0319576 -0.999469 -0.00459815 0 -0.0349238 0.00571439 -0.999374 0 -0.257818 -0.633822 0.039543 1 
0.998861 -0.0318838 -0.0352167 0 -0.0320387 -0.99947 -0.00384394 0 -0.0350761 0.00496796 -0.999372 0 -0.257926 -0.634533 0.0392039 1 
0.998858 -0.0318123 -0.0353845 0 -0.0319486 -0.999474 -0.00329048 0 -0.0352619 0.00441729 -0.999368 0 -0.258062 -0.63519 0.0389132 1 
0.998855 -0.0318018 -0.0354769 0 -0.0319283 -0.999476 -0.00300256 0 -0.0353635 0.00413192 -0.999366 0 -0.258228 -0.635804 0.038612 1 
0.998848 -0.031884 -0.0355822 0 -0.0319944 -0.999475 -0.00253809 0 -0.0354833 0.00367367 -0.999364 0 -0.258407 -0.63642 0.0382872 1 
0.998836 -0.0321468 -0.0357026 0 -0.032233 -0.999469 -0.00184042 0 -0.0356251 0.00298913 -0.999361 0 -0.258598 -0.637052 0.0379685 1 
0.998825 -0.0322838 -0.0358763 0 -0.0323472 -0.999466 -0.00118769 0 -0.0358195 0.00234684 -0.999356 0 -0.2588 -0.637671 0.0376551 1 
0.998813 -0.0323992 -0.0361007 0 -0.0324387 -0.999464 -0.000507422 0 -0.0360656 0.00167791 -0.999348 0 -0.259052 -0.63835 0.0373728 1 
0.9988 -0.0325935 -0.0362852 0 -0.0326109 -0.999458 0.000110103 0 -0.0362698 0.00107334 -0.999341 0 -0.259279 -0.638948 0.0371672 1 
0.998789 -0.0326908 -0.036503 0 -0.0326865 -0.999456 0.000714236 0 -0.0365072 0.000479792 -0.999333 0 -0.259491 -0.639497 0.0370877 1 
0.998774 -0.0327742 -0.0368499 0 -0.0327355 -0.999453 0.00165318 0 -0.0368846 -0.000444862 -0.999319 0 -0.25978 -0.640198 0.0371685 1 
0.99876 -0.0328072 -0.0371807 0 -0.032736 -0.999451 0.00252318 0 -0.0372438 -0.00130293 -0.999305 0 -0.260038 -0.640853 0.0373419 1 
0.998749 -0.0328402 -0.0374421 0 -0.0327449 -0.999449 0.00315477 0 -0.0375258 -0.00192483 -0.999294 0 -0.260266 -0.641441 0.0375861 1 
0.99874 -0.0328824 -0.037665 0 -0.0327669 -0.999447 0.00367862 0 -0.0377659 -0.00243986 -0.999284 0 -0.260484 -0.641994 0.0379189 1 
0.998732 -0.0328715 -0.037867 0 -0.0327383 -0.999446 0.00413227 0 -0.0379826 -0.00288738 -0.999274 0 -0.26065 -0.642488 0.0382934 1 
0.998727 -0.0328632 -0.0380205 0 -0.0327183 -0.999445 0.00442665 0 -0.0381456 -0.00317711 -0.999267 0 -0.260768 -0.642858 0.0386417 1 
0.998721 -0.0328696 -0.0381587 0 -0.0327128 -0.999444 0.00472655 0 -0.0382936 -0.00347229 -0.99926 0 -0.260907 -0.643285 0.0390982 1 
0.998721 -0.0328348 -0.038184 0 -0.0326816 -0.999445 0.00462845 0 -0.0383155 -0.00337468 -0.99926 0 -0.260992 -0.6436 0.0394631 1 
0.998727 -0.0327703 -0.0380978 0 -0.0326337 -0.999449 0.00420131 0 -0.0382152 -0.00295274 -0.999265 0 -0.261025 -0.643858 0.0397768 1 
0.998736 -0.0326265 -0.0379782 0 -0.0325118 -0.999455 0.00363376 0 -0.0380768 -0.00239447 -0.999272 0 -0.261031 -0.644154 0.0400909 1 
0.998751 -0.0324767 -0.0377054 0 -0.0324027 -0.999462 0.00257398 0 -0.0377695 -0.00134903 -0.999286 0 -0.261003 -0.644406 0.0403931 1 
0.998772 -0.0323196 -0.0373029 0 -0.0322993 -0.999468 0.00114523 0 -0.0373208 6.1037e-05 -0.999303 0 -0.26095 -0.644643 0.0406659 1 
0.998799 -0.0321244 -0.0367365 0 -0.0321814 -0.999472 -0.000962023 0 -0.0366869 0.00214314 -0.999325 0 -0.2609 -0.644894 0.0409657 1 
0.998836 -0.0318736 -0.0359297 0 -0.0320328 -0.99947 -0.00386347 0 -0.0357882 0.00501 -0.999347 0 -0.260804 -0.645128 0.0412832 1 
0.998883 -0.0316004 -0.0348535 0 -0.0318868 -0.999452 -0.00769085 0 -0.0345921 0.00879379 -0.999363 0 -0.260664 -0.645293 0.0415504 1 
0.998928 -0.0313463 -0.0337861 0 -0.0317501 -0.99942 -0.0114825 0 -0.0334072 0.0125431 -0.999363 0 -0.260559 -0.645517 0.0418123 1 
0.998958 -0.0310328 -0.0331863 0 -0.0315051 -0.999399 -0.0138049 0 -0.0327385 0.0148364 -0.999354 0 -0.260536 -0.646092 0.0421308 1 
0.998973 -0.0306416 -0.0331007 0 -0.031135 -0.9994 -0.0144967 0 -0.0326372 0.0155127 -0.999347 0 -0.260585 -0.647046 0.042532 1 
0.998981 -0.0301753 -0.033281 0 -0.0306685 -0.999416 -0.0144102 0 -0.0328274 0.0154165 -0.999342 0 -0.260668 -0.648259 0.0429487 1 
0.998983 -0.0296151 -0.0337286 0 -0.0300802 -0.999448 -0.0133682 0 -0.0333147 0.0143694 -0.999342 0 -0.260745 -0.649616 0.0432471 1 
0.99898 -0.0289004 -0.0344152 0 -0.0293138 -0.999494 -0.0115667 0 -0.0340642 0.0125639 -0.999341 0 -0.260756 -0.651121 0.0433775 1 
0.998973 -0.0281962 -0.0351864 0 -0.0285459 -0.999538 -0.00947635 0 -0.0349037 0.0104713 -0.999336 0 -0.260767 -0.652624 0.0434399 1 
0.998967 -0.0275509 -0.0358645 0 -0.0278386 -0.999574 -0.00754664 0 -0.035642 0.00853743 -0.999328 0 -0.260773 -0.654023 0.0434452 1 
0.998966 -0.0268834 -0.0363933 0 -0.0271217 -0.999604 -0.00607134 0 -0.0362164 0.00705225 -0.999319 0 -0.2607 -0.655218 0.043293 1 
0.998971 -0.0262033 -0.0367624 0 -0.0264076 -0.999629 -0.00508224 0 -0.0366163 0.00604793 -0.999311 0 -0.260556 -0.656214 0.0429223 1 
0.998983 -0.0255792 -0.0368588 0 -0.025774 -0.999647 -0.0048201 0 -0.0367232 0.00576531 -0.999309 0 -0.260338 -0.656925 0.0422836 1 
0.999006 -0.0249986 -0.0366432 0 -0.0252161 -0.999657 -0.00548746 0 -0.0364942 0.00640613 -0.999313 0 -0.260047 -0.657287 0.0413575 1 
0.999035 -0.0245271 -0.0361658 0 -0.0247931 -0.999659 -0.00692611 0 -0.0359843 0.00781624 -0.999322 0 -0.259734 -0.657334 0.0401708 1 
0.999072 -0.0241478 -0.0354024 0 -0.0244869 -0.999648 -0.00917574 0 -0.035169 0.0100343 -0.999331 0 -0.2594 -0.657101 0.0386753 1 
0.99911 -0.0238899 -0.034495 0 -0.0243091 -0.999625 -0.0117842 0 -0.0342012 0.0126125 -0.999335 0 -0.259078 -0.656684 0.0370115 1 
0.999141 -0.0236331 -0.0337599 0 -0.0241127 -0.999603 -0.0138683 0 -0.0334194 0.0146707 -0.999334 0 -0.25878 -0.656299 0.0353483 1 
0.999167 -0.0234271 -0.0331311 0 -0.0239534 -0.999582 -0.0155797 0 -0.0327529 0.0163606 -0.99933 0 -0.258533 -0.65596 0.0337566 1 
0.999189 -0.0232455 -0.032574 0 -0.0238127 -0.99956 -0.0171329 0 -0.032162 0.017895 -0.999322 0 -0.258307 -0.655634 0.0323565 1 
0.999208 -0.0230618 -0.0321282 0 -0.0236591 -0.999542 -0.0183361 0 -0.0316912 0.0190821 -0.999316 0 -0.258103 -0.655406 0.0312338 1 
0.999224 -0.0228714 -0.0317631 0 -0.0234918 -0.999528 -0.0192976 0 -0.0313073 0.0200292 -0.999309 0 -0.257912 -0.655259 0.03028 1 
0.999238 -0.0226676 -0.0314769 0 -0.0233062 -0.999517 -0.0200725 0 -0.0310073 0.0207912 -0.999303 0 -0.257736 -0.655158 0.0295035 1 
0.999251 -0.0224239 -0.0312412 0 -0.0230769 -0.99951 -0.0206994 0 -0.0307623 0.0214052 -0.999298 0 -0.257541 -0.655095 0.0288701 1 
0.999262 -0.0221773 -0.0310382 0 -0.0228435 -0.999503 -0.0212747 0 -0.0305516 0.0219684 -0.999292 0 -0.257344 -0.655031 0.0283191 1 
0.999273 -0.0219566 -0.0308502 0 -0.0226338 -0.999497 -0.0217767 0 -0.0303571 0.0224595 -0.999287 0 -0.257157 -0.654957 0.0278874 1 
0.999284 -0.0217133 -0.0306743 0 -0.0224013 -0.999492 -0.0222636 0 -0.0301759 0.0229353 -0.999281 0 -0.256947 -0.654874 0.0275228 1 
0.999292 -0.021515 -0.0305617 0 -0.0222109 -0.999488 -0.022615 0 -0.03006 0.0232782 -0.999277 0 -0.256787 -0.654817 0.027267 1 
0.999295 -0.0214572 -0.0304789 0 -0.0221573 -0.999484 -0.0228215 0 -0.029974 0.0234812 -0.999275 0 -0.256725 -0.654767 0.0271091 1 
0.999297 -0.0214498 -0.0304346 0 -0.0221512 -0.999483 -0.0228999 0 -0.0299282 0.0235584 -0.999274 0 -0.256704 -0.654751 0.0270266 1 
0.999297 -0.0214389 -0.0304561 0 -0.0221381 -0.999485 -0.0228119 0 -0.0299519 0.0234706 -0.999276 0 -0.256706 -0.654803 0.0270464 1 
