0.999898 0.00887355 -0.0102693 0 0.00952085 -0.997843 0.0648013 0 -0.00967233 -0.0648938 -0.997845 0 -0.229612 -0.332497 0.492086 1 
0.999898 0.00887499 -0.0102666 0 0.00952208 -0.997843 0.0647986 0 -0.00966955 -0.064891 -0.997846 0 -0.22961 -0.332496 0.492084 1 
0.999898 0.00887606 -0.0102697 0 0.00952338 -0.997843 0.0648019 0 -0.00967251 -0.0648943 -0.997845 0 -0.229609 -0.332498 0.492087 1 
0.999898 0.00887597 -0.0102711 0 0.00952338 -0.997843 0.0648013 0 -0.00967401 -0.0648938 -0.997845 0 -0.229609 -0.332498 0.492086 1 
0.999898 0.00886527 -0.010268 0 0.00951256 -0.997843 0.0648074 0 -0.00967153 -0.0648997 -0.997845 0 -0.229614 -0.332496 0.492087 1 
0.999898 0.00887616 -0.0102659 0 0.0095232 -0.997843 0.0647989 0 -0.0096688 -0.0648914 -0.997845 0 -0.229608 -0.332497 0.492084 1 
0.999898 0.00887802 -0.0102678 0 0.0095252 -0.997843 0.0648012 0 -0.00967049 -0.0648936 -0.997845 0 -0.229607 -0.332498 0.492085 1 
0.999898 0.0088698 -0.0102676 0 0.009517 -0.997843 0.0648028 0 -0.00967085 -0.0648951 -0.997845 0 -0.229612 -0.332496 0.492085 1 
0.999898 0.00887034 -0.0102639 0 0.00951726 -0.997843 0.0647991 0 -0.00966712 -0.0648915 -0.997846 0 -0.229612 -0.332496 0.492084 1 
0.999898 0.00887284 -0.0102729 0 0.00952044 -0.997843 0.0648083 0 -0.0096759 -0.0649007 -0.997845 0 -0.229611 -0.332496 0.492089 1 
0.999898 0.00887724 -0.0102701 0 0.00952459 -0.997843 0.0648029 0 -0.00967283 -0.0648954 -0.997845 0 -0.22961 -0.332497 0.492086 1 
0.999898 0.00886593 -0.0102653 0 0.00951297 -0.997843 0.0648005 0 -0.0096688 -0.0648928 -0.997845 0 -0.229613 -0.332495 0.492085 1 
0.999898 0.00886901 -0.0102708 0 0.00951645 -0.997843 0.0648057 0 -0.00967407 -0.0648981 -0.997845 0 -0.229612 -0.332496 0.492087 1 
0.999898 0.00887491 -0.010268 0 0.00952211 -0.997843 0.0648001 0 -0.00967099 -0.0648925 -0.997845 0 -0.229609 -0.332497 0.492085 1 
0.999898 0.00887516 -0.0102652 0 0.00952219 -0.997843 0.0648018 0 -0.00966815 -0.0648942 -0.997845 0 -0.22961 -0.332497 0.492083 1 
0.999898 0.0088665 -0.0102679 0 0.00951376 -0.997843 0.0648051 0 -0.0096713 -0.0648975 -0.997845 0 -0.229611 -0.332497 0.492087 1 
0.999898 0.00887045 -0.0102668 0 0.00951759 -0.997843 0.0648019 0 -0.00967003 -0.0648943 -0.997845 0 -0.22961 -0.332496 0.492085 1 
0.999898 0.00887623 -0.0102656 0 0.00952327 -0.997843 0.0648008 0 -0.00966849 -0.0648932 -0.997845 0 -0.22961 -0.332497 0.492085 1 
0.999898 0.00887888 -0.0102692 0 0.00952618 -0.997843 0.0648037 0 -0.00967181 -0.0648962 -0.997845 0 -0.229609 -0.332497 0.492087 1 
0.999898 0.00887477 -0.010267 0 0.00952192 -0.997843 0.0648023 0 -0.0096699 -0.0648948 -0.997845 0 -0.22961 -0.332497 0.492086 1 
0.999898 0.00887344 -0.0102685 0 0.00952068 -0.997843 0.0648015 0 -0.0096715 -0.0648939 -0.997845 0 -0.229609 -0.332497 0.492086 1 
0.999898 0.00887669 -0.0102661 0 0.00952373 -0.997843 0.0647977 0 -0.00966895 -0.0648902 -0.997846 0 -0.22961 -0.332496 0.492084 1 
0.999898 0.00887773 -0.0102653 0 0.00952472 -0.997843 0.0647985 0 -0.00966805 -0.064891 -0.997846 0 -0.22961 -0.332497 0.492084 1 
0.999898 0.00887528 -0.0102689 0 0.00952256 -0.997843 0.0648028 0 -0.00967181 -0.0648952 -0.997845 0 -0.22961 -0.332497 0.492086 1 
0.999898 0.00887338 -0.0102647 0 0.00952037 -0.997843 0.0648011 0 -0.00966772 -0.0648935 -0.997845 0 -0.229611 -0.332496 0.492085 1 
0.999898 0.00887194 -0.0102689 0 0.00951921 -0.997843 0.0648012 0 -0.00967202 -0.0648936 -0.997845 0 -0.22961 -0.332496 0.492085 1 
0.999898 0.00887692 -0.0102658 0 0.00952399 -0.997843 0.0648023 0 -0.00966865 -0.0648947 -0.997845 0 -0.22961 -0.332497 0.492086 1 
0.999898 0.00887317 -0.0102708 0 0.00952061 -0.997843 0.0648061 0 -0.00967384 -0.0648985 -0.997845 0 -0.229611 -0.332496 0.492088 1 
0.999898 0.00887799 -0.0102684 0 0.00952518 -0.997843 0.064797 0 -0.00967118 -0.0648895 -0.997846 0 -0.229607 -0.332499 0.492084 1 
0.999898 0.00887201 -0.0102666 0 0.00951914 -0.997843 0.0648021 0 -0.00966975 -0.0648945 -0.997845 0 -0.22961 -0.332496 0.492086 1 
0.999898 0.00887231 -0.0102666 0 0.00951942 -0.997843 0.064801 0 -0.00966968 -0.0648934 -0.997845 0 -0.229609 -0.332496 0.492085 1 
0.999898 0.008871 -0.0102665 0 0.00951812 -0.997843 0.0648018 0 -0.00966965 -0.0648942 -0.997845 0 -0.22961 -0.332496 0.492085 1 
0.999898 0.00886864 -0.010267 0 0.00951581 -0.997843 0.0648029 0 -0.00967032 -0.0648952 -0.997845 0 -0.229611 -0.332496 0.492086 1 
0.999898 0.00887403 -0.0102704 0 0.00952143 -0.997843 0.0648045 0 -0.00967338 -0.064897 -0.997845 0 -0.229609 -0.332498 0.492087 1 
0.999898 0.00886911 -0.0102678 0 0.00951634 -0.997843 0.064804 0 -0.00967105 -0.0648964 -0.997845 0 -0.22961 -0.332497 0.492087 1 
0.999898 0.00886713 -0.0102654 0 0.00951417 -0.997843 0.0648005 0 -0.00966882 -0.0648928 -0.997845 0 -0.229611 -0.332495 0.492085 1 
0.999898 0.00887038 -0.010271 0 0.00951782 -0.997843 0.0648044 0 -0.00967419 -0.0648968 -0.997845 0 -0.229609 -0.332497 0.492087 1 
0.999898 0.00887826 -0.0102738 0 0.00952588 -0.997843 0.0648059 0 -0.00967646 -0.0648985 -0.997845 0 -0.229608 -0.332498 0.492088 1 
0.999898 0.0088741 -0.0102674 0 0.00952129 -0.997843 0.0648028 0 -0.00967042 -0.0648953 -0.997845 0 -0.229609 -0.332497 0.492086 1 
0.999898 0.0088757 -0.010267 0 0.00952286 -0.997843 0.0648034 0 -0.00966983 -0.0648958 -0.997845 0 -0.22961 -0.332497 0.492086 1 
0.999898 0.00887358 -0.0102669 0 0.00952073 -0.997843 0.0648025 0 -0.00966988 -0.0648949 -0.997845 0 -0.229612 -0.332495 0.492085 1 
0.999898 0.0088732 -0.0102685 0 0.00952042 -0.997843 0.0647995 0 -0.00967153 -0.0648919 -0.997845 0 -0.229608 -0.332498 0.492085 1 
0.999898 0.0088727 -0.0102691 0 0.00952001 -0.997843 0.0648038 0 -0.00967216 -0.0648962 -0.997845 0 -0.229611 -0.332496 0.492086 1 
0.999898 0.00887064 -0.010269 0 0.00951793 -0.997843 0.0648023 0 -0.0096722 -0.0648947 -0.997845 0 -0.22961 -0.332496 0.492086 1 
0.999898 0.00887442 -0.0102682 0 0.00952164 -0.997843 0.064802 0 -0.00967113 -0.0648944 -0.997845 0 -0.22961 -0.332497 0.492085 1 
0.999898 0.0088744 -0.0102678 0 0.00952158 -0.997843 0.0647996 0 -0.00967078 -0.064892 -0.997845 0 -0.229609 -0.332496 0.492085 1 
0.999898 0.00887122 -0.0102682 0 0.00951847 -0.997843 0.0648037 0 -0.00967134 -0.0648961 -0.997845 0 -0.229611 -0.332496 0.492086 1 
0.999898 0.00887729 -0.0102686 0 0.00952454 -0.997843 0.0648031 0 -0.00967138 -0.0648955 -0.997845 0 -0.229611 -0.332496 0.492085 1 
0.999898 0.00887458 -0.0102719 0 0.0095221 -0.997843 0.0648075 0 -0.00967476 -0.0649 -0.997845 0 -0.22961 -0.332497 0.492089 1 
0.999898 0.00887479 -0.0102682 0 0.00952204 -0.997843 0.064804 0 -0.00967111 -0.0648965 -0.997845 0 -0.229611 -0.332498 0.492087 1 
0.999898 0.00887914 -0.0102701 0 0.00952649 -0.997843 0.0648038 0 -0.00967274 -0.0648963 -0.997845 0 -0.229609 -0.332498 0.492087 1 
0.999898 0.00886896 -0.0102674 0 0.00951616 -0.997843 0.0648027 0 -0.0096707 -0.0648951 -0.997845 0 -0.229611 -0.332497 0.492086 1 
0.999898 0.00887986 -0.010269 0 0.00952711 -0.997843 0.0648007 0 -0.00967158 -0.0648932 -0.997845 0 -0.229608 -0.332498 0.492086 1 
0.999898 0.00887337 -0.0102691 0 0.0095207 -0.997843 0.0648062 0 -0.0096721 -0.0648986 -0.997845 0 -0.22961 -0.332496 0.492088 1 
0.999898 0.00886979 -0.0102681 0 0.00951704 -0.997843 0.0648035 0 -0.00967139 -0.0648959 -0.997845 0 -0.229611 -0.332495 0.492086 1 
0.999898 0.00887728 -0.0102723 0 0.00952478 -0.997843 0.0648031 0 -0.00967507 -0.0648956 -0.997845 0 -0.22961 -0.332498 0.492086 1 
0.999898 0.00887657 -0.0102691 0 0.00952386 -0.997843 0.064803 0 -0.0096719 -0.0648955 -0.997845 0 -0.229608 -0.332498 0.492087 1 
0.999898 0.00888338 -0.0102652 0 0.00953034 -0.997843 0.0647962 0 -0.00966764 -0.0648887 -0.997846 0 -0.229608 -0.332498 0.492083 1 
0.999898 0.00887966 -0.0102682 0 0.00952688 -0.997843 0.0648026 0 -0.00967083 -0.064895 -0.997845 0 -0.229607 -0.332499 0.492086 1 
0.999898 0.00887568 -0.0102679 0 0.00952289 -0.997843 0.0648027 0 -0.00967076 -0.0648951 -0.997845 0 -0.229609 -0.332498 0.492086 1 
0.999898 0.00888891 -0.01027 0 0.00953621 -0.997843 0.0648001 0 -0.00967205 -0.0648927 -0.997845 0 -0.229605 -0.3325 0.492086 1 
0.999898 0.00888168 -0.0102736 0 0.00952927 -0.997843 0.0648049 0 -0.00967608 -0.0648974 -0.997845 0 -0.229607 -0.332499 0.492087 1 
0.999898 0.00888445 -0.0102699 0 0.00953173 -0.997843 0.0647976 0 -0.00967226 -0.0648902 -0.997846 0 -0.229605 -0.332499 0.492085 1 
0.999898 0.00888245 -0.010269 0 0.00952969 -0.997843 0.0647992 0 -0.00967145 -0.0648917 -0.997845 0 -0.229607 -0.332499 0.492085 1 
0.999898 0.00886223 -0.0102679 0 0.00950948 -0.997843 0.064804 0 -0.00967168 -0.0648964 -0.997845 0 -0.229612 -0.332494 0.492087 1 
0.999899 0.00884627 -0.0102634 0 0.00949327 -0.997843 0.0648042 0 -0.00966821 -0.0648964 -0.997845 0 -0.229619 -0.332491 0.492086 1 
0.999899 0.00885361 -0.0102617 0 0.00950044 -0.997843 0.0648001 0 -0.00966607 -0.0648922 -0.997845 0 -0.229616 -0.332493 0.492084 1 
0.999899 0.00884555 -0.0102624 0 0.00949248 -0.997843 0.0648036 0 -0.0096672 -0.0648957 -0.997845 0 -0.229619 -0.332491 0.492085 1 
0.999899 0.00881649 -0.0102567 0 0.00946314 -0.997843 0.064807 0 -0.00966337 -0.0648988 -0.997845 0 -0.22963 -0.332482 0.492085 1 
0.999899 0.00880059 -0.0102471 0 0.0094466 -0.997844 0.0648017 0 -0.00965493 -0.0648932 -0.997846 0 -0.229637 -0.33248 0.49208 1 
0.999899 0.00882345 -0.0102526 0 0.00946973 -0.997844 0.0647968 0 -0.00965899 -0.0648886 -0.997846 0 -0.22963 -0.332486 0.49208 1 
0.999899 0.00883493 -0.010263 0 0.00948194 -0.997843 0.0648059 0 -0.00966849 -0.0648978 -0.997845 0 -0.229626 -0.332491 0.492085 1 
0.999899 0.00881954 -0.0102612 0 0.00946652 -0.997843 0.0648116 0 -0.00966768 -0.0649034 -0.997845 0 -0.229632 -0.332487 0.492086 1 
0.999899 0.00882667 -0.0102653 0 0.00947391 -0.997843 0.0648123 0 -0.00967129 -0.0649042 -0.997845 0 -0.229628 -0.332488 0.492087 1 
0.999898 0.00884809 -0.0102733 0 0.00949582 -0.997843 0.0648138 0 -0.00967788 -0.0649061 -0.997844 0 -0.229623 -0.332492 0.492089 1 
0.999898 0.00885512 -0.0102791 0 0.00950332 -0.997842 0.0648259 0 -0.00968307 -0.0649182 -0.997844 0 -0.22962 -0.332491 0.492095 1 
0.999899 0.00883602 -0.0102696 0 0.00948357 -0.997842 0.0648175 0 -0.00967488 -0.0649096 -0.997844 0 -0.229625 -0.332489 0.49209 1 
0.999898 0.00884925 -0.0102684 0 0.00949663 -0.997843 0.0648115 0 -0.00967289 -0.0649037 -0.997845 0 -0.229623 -0.332492 0.492087 1 
0.999898 0.00885529 -0.0102721 0 0.00950291 -0.997843 0.0648118 0 -0.00967616 -0.064904 -0.997845 0 -0.229619 -0.332495 0.492089 1 
0.999899 0.00884092 -0.0102738 0 0.00948875 -0.997842 0.0648188 0 -0.0096788 -0.0649109 -0.997844 0 -0.229627 -0.332492 0.49209 1 
0.999899 0.00881858 -0.010259 0 0.00946545 -0.997843 0.0648145 0 -0.00966551 -0.0649063 -0.997845 0 -0.229638 -0.332488 0.492085 1 
0.999899 0.00881588 -0.0102615 0 0.00946291 -0.997843 0.0648149 0 -0.00966811 -0.0649067 -0.997845 0 -0.229636 -0.332489 0.492086 1 
0.999899 0.00881067 -0.0102682 0 0.00945822 -0.997842 0.0648214 0 -0.0096751 -0.0649132 -0.997844 0 -0.229639 -0.332488 0.492089 1 
0.999899 0.00879944 -0.0102622 0 0.00944662 -0.997842 0.0648221 0 -0.00966986 -0.0649137 -0.997844 0 -0.229644 -0.332485 0.492087 1 
0.999899 0.00879579 -0.0102586 0 0.00944272 -0.997843 0.0648183 0 -0.00966655 -0.0649098 -0.997844 0 -0.229648 -0.332485 0.492084 1 
0.999899 0.00879694 -0.0102583 0 0.00944378 -0.997843 0.0648118 0 -0.00966622 -0.0649033 -0.997845 0 -0.229645 -0.332486 0.492082 1 
0.999899 0.00877743 -0.0102578 0 0.00942439 -0.997843 0.0648243 0 -0.00966682 -0.0649157 -0.997844 0 -0.229653 -0.33248 0.492086 1 
0.999899 0.00876419 -0.0102627 0 0.00941161 -0.997842 0.0648357 0 -0.00967248 -0.064927 -0.997843 0 -0.22966 -0.332476 0.492092 1 
0.9999 0.00874655 -0.0102507 0 0.00939307 -0.997843 0.0648188 0 -0.00966185 -0.0649098 -0.997844 0 -0.229664 -0.332473 0.492083 1 
0.9999 0.00873721 -0.0102226 0 0.00938167 -0.997845 0.0647924 0 -0.0096346 -0.0648831 -0.997846 0 -0.229667 -0.33247 0.492067 1 
0.9999 0.00874067 -0.0102354 0 0.00938609 -0.997844 0.0648071 0 -0.00964711 -0.064898 -0.997845 0 -0.229668 -0.332471 0.492075 1 
0.999899 0.00875559 -0.0102688 0 0.00940356 -0.997841 0.0648497 0 -0.00967903 -0.064941 -0.997842 0 -0.229661 -0.332478 0.492098 1 
0.999899 0.00874497 -0.0102801 0 0.00939383 -0.99784 0.0648633 0 -0.00969082 -0.0649545 -0.997841 0 -0.229669 -0.332472 0.492105 1 
0.9999 0.00873227 -0.0102256 0 0.00937697 -0.997845 0.0647965 0 -0.00963788 -0.0648872 -0.997846 0 -0.22967 -0.332467 0.492071 1 
0.9999 0.00876666 -0.0102108 0 0.00940998 -0.997847 0.0647606 0 -0.00962123 -0.0648515 -0.997849 0 -0.229655 -0.332474 0.492054 1 
0.999899 0.00878419 -0.0102393 0 0.00942962 -0.997845 0.0647911 0 -0.00964828 -0.0648824 -0.997846 0 -0.229653 -0.332478 0.492072 1 
0.9999 0.00876237 -0.0102314 0 0.00940736 -0.997845 0.0647938 0 -0.00964175 -0.0648848 -0.997846 0 -0.22966 -0.332472 0.492071 1 
0.9999 0.00878953 -0.0102064 0 0.00943242 -0.997847 0.0647503 0 -0.00961545 -0.0648413 -0.997849 0 -0.229651 -0.33248 0.49205 1 
0.999899 0.0088152 -0.0102081 0 0.00945799 -0.997848 0.0647339 0 -0.00961567 -0.0648252 -0.99785 0 -0.229641 -0.332485 0.492045 1 
0.9999 0.00879665 -0.0102151 0 0.00944007 -0.997847 0.0647474 0 -0.00962374 -0.0648385 -0.997849 0 -0.229649 -0.33248 0.492051 1 
0.9999 0.00879493 -0.010167 0 0.00943459 -0.997852 0.0646816 0 -0.00957648 -0.0647723 -0.997854 0 -0.229646 -0.33248 0.492017 1 
0.9999 0.00879767 -0.0101166 0 0.00943337 -0.997856 0.0646078 0 -0.0095267 -0.064698 -0.997859 0 -0.229652 -0.332486 0.491977 1 
0.999901 0.00878376 -0.0101042 0 0.00941861 -0.997857 0.0646008 0 -0.00951533 -0.0646908 -0.99786 0 -0.229664 -0.332493 0.491974 1 
0.999901 0.00879687 -0.0100629 0 0.00942839 -0.997861 0.0645339 0 -0.00947386 -0.0646236 -0.997865 0 -0.229656 -0.332499 0.49194 1 
0.999899 0.00882913 -0.0101934 0 0.00946932 -0.997859 0.064565 0 -0.00960173 -0.0646563 -0.997861 0 -0.229687 -0.332536 0.491914 1 
0.999881 0.00878609 -0.0118671 0 0.00954504 -0.997798 0.0654891 0 -0.0112658 -0.0655959 -0.997783 0 -0.230053 -0.332727 0.492078 1 
0.999857 0.008863 -0.0137104 0 0.00975197 -0.99775 0.0661917 0 -0.0130932 -0.0663172 -0.997713 0 -0.230422 -0.332902 0.492226 1 
0.999844 0.00885104 -0.0146675 0 0.00980964 -0.99772 0.0666264 0 -0.0140446 -0.0667612 -0.99767 0 -0.230645 -0.333037 0.492289 1 
0.999838 0.00883878 -0.01506 0 0.00982926 -0.997694 0.0670166 0 -0.0144332 -0.067155 -0.997638 0 -0.230771 -0.33318 0.492312 1 
0.99984 0.00887115 -0.0149304 0 0.00984872 -0.997713 0.0667278 0 -0.0143045 -0.0668654 -0.997659 0 -0.230803 -0.333233 0.492174 1 
0.999842 0.00888821 -0.0147336 0 0.00984298 -0.997758 0.0660497 0 -0.0141137 -0.0661856 -0.997708 0 -0.230896 -0.333287 0.491902 1 
0.999847 0.0089988 -0.0143287 0 0.00991426 -0.997816 0.0651558 0 -0.0137113 -0.0652891 -0.997772 0 -0.23095 -0.333367 0.491502 1 
0.999852 0.00940124 -0.0137377 0 0.0102589 -0.997903 0.0637526 0 -0.0131097 -0.0638854 -0.997871 0 -0.23094 -0.333535 0.490866 1 
0.999857 0.00999936 -0.0128999 0 0.01078 -0.998012 0.0619333 0 -0.0122552 -0.0620647 -0.997997 0 -0.230929 -0.3338 0.49004 1 
0.999864 0.0106947 -0.0117632 0 0.0113795 -0.998138 0.059771 0 -0.0111023 -0.0598979 -0.998143 0 -0.230888 -0.334116 0.489022 1 
0.999869 0.0114974 -0.0104692 0 0.0120756 -0.998294 0.0569568 0 -0.00979667 -0.0570769 -0.998322 0 -0.230836 -0.334498 0.48773 1 
0.999875 0.0122054 -0.00909395 0 0.0126764 -0.998468 0.0536764 0 -0.00842504 -0.053786 -0.998517 0 -0.230777 -0.335003 0.486282 1 
0.999878 0.0129127 -0.00761682 0 0.0132785 -0.998646 0.0501107 0 -0.00695958 -0.0502067 -0.998715 0 -0.230623 -0.335688 0.484731 1 
0.999884 0.0132065 -0.00612497 0 0.0134777 -0.998814 0.046571 0 -0.00550278 -0.0466491 -0.998896 0 -0.230426 -0.33655 0.483176 1 
0.999902 0.012431 -0.00477341 0 0.0126265 -0.998969 0.0433831 0 -0.00422928 -0.0434399 -0.999047 0 -0.230231 -0.337623 0.481593 1 
0.999919 0.0114411 -0.00351095 0 0.0115723 -0.999125 0.039952 0 -0.00305084 -0.0399902 -0.999195 0 -0.230028 -0.338721 0.479926 1 
0.999929 0.0109037 -0.00198276 0 0.0109678 -0.999288 0.0358372 0 -0.00159062 -0.0358571 -0.999356 0 -0.229768 -0.34006 0.477899 1 
0.999945 0.00950211 -0.000658244 0 0.0095183 -0.999434 0.0319612 0 -0.00035418 -0.0319663 -0.999489 0 -0.229534 -0.341644 0.475765 1 
0.999958 0.00802547 0.000209443 0 0.0080163 -0.999555 0.0283794 0 0.000437117 -0.0283771 -0.999597 0 -0.229285 -0.343284 0.473719 1 
0.999973 0.00593298 0.000450801 0 0.00591967 -0.999652 0.0253122 0 0.000600833 -0.0253094 -0.999679 0 -0.229033 -0.34517 0.47168 1 
0.999988 0.00226186 -0.000242695 0 0.00226686 -0.999721 0.0230958 0 -0.000190392 -0.0230966 -0.999733 0 -0.228964 -0.347352 0.469653 1 
0.999987 -0.00214968 -0.00154689 0 -0.00211632 -0.999762 0.0212526 0 -0.00159224 -0.0212495 -0.999773 0 -0.229115 -0.350057 0.467203 1 
0.99997 -0.00532752 -0.0033873 0 -0.00525837 -0.999774 0.020106 0 -0.00349372 -0.020088 -0.999792 0 -0.229264 -0.352892 0.464881 1 
0.999939 -0.00821826 -0.00601113 0 -0.0080992 -0.999766 0.0195697 0 -0.00617067 -0.0195202 -0.99979 0 -0.229444 -0.35577 0.462766 1 
0.999903 -0.00977701 -0.0089518 0 -0.00960587 -0.999764 0.0189659 0 -0.0091353 -0.0188784 -0.99978 0 -0.229659 -0.358616 0.460595 1 
0.999859 -0.0111988 -0.0117091 0 -0.0109986 -0.999785 0.0170244 0 -0.0118975 -0.0168935 -0.999787 0 -0.229745 -0.361803 0.457811 1 
0.999794 -0.0125069 -0.0153665 0 -0.0122626 -0.999789 0.0158956 0 -0.0155623 -0.0157042 -0.999756 0 -0.22987 -0.364949 0.455322 1 
0.999715 -0.0128536 -0.0196359 0 -0.0125712 -0.999807 0.0144369 0 -0.0198181 -0.0141862 -0.999703 0 -0.229979 -0.36803 0.452867 1 
0.999638 -0.0132714 -0.0229981 0 -0.0130028 -0.999836 0.0117924 0 -0.0231513 -0.0114893 -0.999666 0 -0.229977 -0.370982 0.450056 1 
0.999534 -0.0141493 -0.0266717 0 -0.0139059 -0.999851 0.00928853 0 -0.0267997 -0.00891349 -0.999601 0 -0.229825 -0.374174 0.44715 1 
0.999394 -0.0160262 -0.0305958 0 -0.0158184 -0.999841 0.00701953 0 -0.030704 -0.00653142 -0.999507 0 -0.229481 -0.377316 0.444423 1 
0.999205 -0.0189359 -0.0348026 0 -0.0187881 -0.999803 0.00457037 0 -0.034883 -0.00391293 -0.999384 0 -0.229255 -0.38061 0.441349 1 
0.998962 -0.0222946 -0.0394697 0 -0.0222386 -0.999741 0.00185824 0 -0.0395016 -0.000978585 -0.999219 0 -0.229106 -0.383896 0.438206 1 
0.998687 -0.0253933 -0.0442643 0 -0.0254375 -0.999667 -0.000435434 0 -0.0442394 0.00156087 -0.99902 0 -0.228936 -0.386607 0.435691 1 
0.998263 -0.0292011 -0.0509829 0 -0.0294656 -0.999546 -0.00444429 0 -0.050831 0.00593893 -0.99869 0 -0.228732 -0.389997 0.432214 1 
0.997826 -0.0324017 -0.0572236 0 -0.0329506 -0.99941 -0.0086742 0 -0.0569098 0.0105411 -0.998324 0 -0.228571 -0.393051 0.428817 1 
0.997321 -0.0360773 -0.0634794 0 -0.0368497 -0.99925 -0.0110392 0 -0.0630347 0.0133491 -0.997922 0 -0.228499 -0.395883 0.426047 1 
0.996662 -0.0408253 -0.070567 0 -0.0419622 -0.999001 -0.014704 0 -0.0698976 0.0176164 -0.997399 0 -0.228179 -0.399514 0.422163 1 
0.996144 -0.0435766 -0.0760174 0 -0.0450623 -0.998813 -0.017939 0 -0.0751469 0.0212957 -0.996945 0 -0.227601 -0.402772 0.41863 1 
0.995633 -0.0467372 -0.0806966 0 -0.0485063 -0.998611 -0.0201017 0 -0.0796465 0.0239287 -0.996536 0 -0.226929 -0.405838 0.4155 1 
0.995132 -0.0514166 -0.0839637 0 -0.0535066 -0.998297 -0.0228331 0 -0.0826483 0.0272151 -0.996207 0 -0.225794 -0.409802 0.410964 1 
0.994924 -0.0539303 -0.0848383 0 -0.05612 -0.998135 -0.023639 0 -0.0834068 0.0282806 -0.996114 0 -0.22444 -0.41338 0.407263 1 
0.994842 -0.0559481 -0.0845032 0 -0.0581332 -0.99802 -0.0236209 0 -0.083016 0.028412 -0.996143 0 -0.22287 -0.417063 0.403564 1 
0.994806 -0.0574526 -0.083911 0 -0.0596621 -0.997919 -0.0240642 0 -0.0823554 0.0289461 -0.996183 0 -0.221525 -0.420609 0.399598 1 
0.994746 -0.0590394 -0.0835212 0 -0.0612448 -0.997822 -0.0240923 0 -0.0819185 0.0290815 -0.996215 0 -0.220129 -0.424166 0.395781 1 
0.994746 -0.0595318 -0.0831728 0 -0.0617149 -0.997797 -0.0239259 0 -0.0815668 0.0289337 -0.996248 0 -0.218878 -0.427885 0.3916 1 
0.994764 -0.0596509 -0.0828686 0 -0.0618036 -0.997798 -0.0236563 0 -0.0812766 0.0286545 -0.99628 0 -0.21773 -0.431456 0.387551 1 
0.99469 -0.0606735 -0.083017 0 -0.0627004 -0.99778 -0.0220275 0 -0.0814978 0.0271163 -0.996305 0 -0.216616 -0.435287 0.383592 1 
0.994619 -0.0618641 -0.0829885 0 -0.0637819 -0.99774 -0.0206583 0 -0.0815246 0.0258408 -0.996336 0 -0.215663 -0.439355 0.378909 1 
0.994451 -0.0638993 -0.0834566 0 -0.0656119 -0.997674 -0.0179394 0 -0.0821178 0.023316 -0.99635 0 -0.21495 -0.443054 0.375048 1 
0.994216 -0.067287 -0.0835894 0 -0.0688442 -0.997491 -0.0158845 0 -0.0823125 0.0215477 -0.996374 0 -0.214255 -0.446898 0.370506 1 
0.993981 -0.070289 -0.0839174 0 -0.0716384 -0.997334 -0.0131754 0 -0.0827692 0.0191082 -0.996386 0 -0.213628 -0.450776 0.366135 1 
0.99372 -0.0733846 -0.0843592 0 -0.0744814 -0.997163 -0.009924 0 -0.0833932 0.0161452 -0.996386 0 -0.213016 -0.454551 0.361914 1 
0.993446 -0.0770112 -0.0843521 0 -0.0779441 -0.996917 -0.00781725 0 -0.0834917 0.014341 -0.996405 0 -0.212416 -0.458294 0.357091 1 
0.993087 -0.0814722 -0.0843834 0 -0.0822269 -0.996589 -0.00550154 0 -0.0836489 0.0124023 -0.996418 0 -0.211754 -0.461872 0.35261 1 
0.992736 -0.0860203 -0.0839979 0 -0.0866938 -0.996216 -0.00439629 0 -0.0833035 0.0116467 -0.996456 0 -0.211122 -0.465203 0.347621 1 
0.9924 -0.0901652 -0.0836268 0 -0.0907614 -0.995857 -0.00334776 0 -0.0829801 0.0109126 -0.996491 0 -0.210412 -0.468412 0.34282 1 
0.992106 -0.0942479 -0.0826112 0 -0.0949356 -0.995464 -0.00442706 0 -0.0818208 0.0122351 -0.996572 0 -0.209633 -0.471371 0.337298 1 
0.991846 -0.0975504 -0.0818921 0 -0.098272 -0.995138 -0.0048175 0 -0.0810256 0.0128262 -0.996629 0 -0.208932 -0.474092 0.332517 1 
0.991548 -0.101432 -0.0807823 0 -0.102278 -0.994726 -0.00639679 0 -0.0797089 0.0146053 -0.996711 0 -0.208037 -0.476852 0.326925 1 
0.991209 -0.105488 -0.0797293 0 -0.106462 -0.994274 -0.00805458 0 -0.0784247 0.0164722 -0.996784 0 -0.207193 -0.479426 0.321578 1 
0.990982 -0.10856 -0.078419 0 -0.109741 -0.993891 -0.0109044 0 -0.0767577 0.0194123 -0.996861 0 -0.206284 -0.481861 0.315965 1 
0.990656 -0.112308 -0.0772553 0 -0.113663 -0.99342 -0.0133559 0 -0.0752484 0.0220126 -0.996922 0 -0.205551 -0.484181 0.310684 1 
0.990304 -0.116132 -0.0761062 0 -0.117648 -0.992921 -0.0157275 0 -0.0737424 0.0245293 -0.996976 0 -0.204727 -0.486548 0.305176 1 
0.989777 -0.121234 -0.075003 0 -0.122918 -0.992239 -0.0182512 0 -0.0722097 0.0272844 -0.997016 0 -0.204014 -0.488751 0.299745 1 
0.989244 -0.126116 -0.0739691 0 -0.12796 -0.991553 -0.0207225 0 -0.0707322 0.0299653 -0.997045 0 -0.203253 -0.491013 0.294331 1 
0.988765 -0.130355 -0.0730213 0 -0.132341 -0.990927 -0.0230407 0 -0.0693567 0.0324462 -0.997064 0 -0.202623 -0.49327 0.289078 1 
0.988288 -0.134404 -0.0721393 0 -0.136515 -0.990309 -0.0251572 0 -0.0680603 0.0347113 -0.997077 0 -0.20194 -0.49558 0.283796 1 
0.987922 -0.137465 -0.0713741 0 -0.139664 -0.989827 -0.0267777 0 -0.0669684 0.0364234 -0.99709 0 -0.201516 -0.497782 0.278707 1 
0.987714 -0.139343 -0.0706058 0 -0.14162 -0.989506 -0.0283124 0 -0.065921 0.0379644 -0.997102 0 -0.201061 -0.500107 0.273467 1 
0.987547 -0.140852 -0.0699427 0 -0.143162 -0.989259 -0.029177 0 -0.0650831 0.0388275 -0.997124 0 -0.200761 -0.502554 0.268243 1 
0.987507 -0.141425 -0.0693543 0 -0.143749 -0.989158 -0.0297268 0 -0.0643995 0.0393258 -0.997149 0 -0.200462 -0.504975 0.263346 1 
0.987562 -0.141285 -0.0688575 0 -0.143566 -0.989196 -0.0293512 0 -0.0639679 0.0388725 -0.997195 0 -0.200421 -0.507656 0.258211 1 
0.987874 -0.13939 -0.0682325 0 -0.141654 -0.989466 -0.0295172 0 -0.0634006 0.0388254 -0.997233 0 -0.200227 -0.510231 0.252982 1 
0.988153 -0.13766 -0.0676993 0 -0.139886 -0.989724 -0.0293031 0 -0.062971 0.0384269 -0.997275 0 -0.200215 -0.512693 0.248056 1 
0.988431 -0.135907 -0.0671871 0 -0.138077 -0.989994 -0.0287665 0 -0.0626065 0.0377115 -0.997326 0 -0.200216 -0.515353 0.242891 1 
0.988669 -0.134359 -0.0668041 0 -0.136431 -0.990259 -0.0274604 0 -0.062465 0.036264 -0.997388 0 -0.200417 -0.518052 0.237884 1 
0.988912 -0.132893 -0.0661331 0 -0.134971 -0.990444 -0.027989 0 -0.0617828 0.0366054 -0.997418 0 -0.200504 -0.520292 0.232726 1 
0.989115 -0.131696 -0.0654924 0 -0.133777 -0.990593 -0.028467 0 -0.0611285 0.0369193 -0.997447 0 -0.200791 -0.52255 0.227703 1 
0.989346 -0.130455 -0.0644663 0 -0.13266 -0.990661 -0.0311837 0 -0.0597974 0.0394044 -0.997432 0 -0.200972 -0.524439 0.222189 1 
0.989528 -0.129527 -0.0635407 0 -0.131837 -0.990692 -0.0336076 0 -0.0585973 0.0416335 -0.997413 0 -0.201281 -0.526227 0.217092 1 
0.989736 -0.128555 -0.0622658 0 -0.131056 -0.990641 -0.0378824 0 -0.0568142 0.0456547 -0.99734 0 -0.201497 -0.527707 0.211366 1 
0.989918 -0.127702 -0.0611163 0 -0.130378 -0.990565 -0.0419981 0 -0.0551775 0.0495439 -0.997247 0 -0.201739 -0.529197 0.206333 1 
0.9901 -0.126939 -0.0597516 0 -0.129835 -0.990394 -0.0473677 0 -0.0531659 0.0546577 -0.997089 0 -0.201978 -0.530475 0.200993 1 
0.990265 -0.126229 -0.0585065 0 -0.129307 -0.990221 -0.0521902 0 -0.0513475 0.0592486 -0.996922 0 -0.202394 -0.532197 0.195649 1 
0.990392 -0.125791 -0.0572731 0 -0.129044 -0.989981 -0.057156 0 -0.0495105 0.0639989 -0.996721 0 -0.202891 -0.533729 0.190543 1 
0.990508 -0.12532 -0.0563032 0 -0.128692 -0.989803 -0.0608978 0 -0.0480983 0.0675668 -0.996555 0 -0.203397 -0.535483 0.186079 1 
0.990584 -0.125063 -0.0555285 0 -0.128514 -0.989652 -0.0636639 0 -0.0469928 0.070202 -0.996425 0 -0.204159 -0.537607 0.181621 1 
0.990664 -0.12477 -0.0547537 0 -0.128291 -0.989505 -0.0663488 0 -0.0459015 0.0727552 -0.996293 0 -0.204891 -0.539741 0.177134 1 
0.990711 -0.124603 -0.0542827 0 -0.12816 -0.989417 -0.0678891 0 -0.0452499 0.0742168 -0.996215 0 -0.205718 -0.542023 0.173479 1 
0.990772 -0.124398 -0.0536289 0 -0.128008 -0.989279 -0.070162 0 -0.0443268 0.0763809 -0.996093 0 -0.206578 -0.544434 0.169152 1 
0.990808 -0.124254 -0.0533017 0 -0.127882 -0.989225 -0.0711408 0 -0.0438887 0.0773047 -0.996041 0 -0.207481 -0.546926 0.165729 1 
0.990857 -0.124058 -0.0528415 0 -0.127719 -0.989133 -0.0726937 0 -0.0432498 0.0787794 -0.995953 0 -0.208296 -0.549217 0.16206 1 
0.990899 -0.123797 -0.0526748 0 -0.127449 -0.989162 -0.0727797 0 -0.0430948 0.0788322 -0.995956 0 -0.209109 -0.551699 0.159007 1 
0.990961 -0.123366 -0.05251 0 -0.126993 -0.989241 -0.0724989 0 -0.043002 0.0785136 -0.995985 0 -0.209987 -0.554365 0.155419 1 
0.991119 -0.121989 -0.0527428 0 -0.125535 -0.989596 -0.0701523 0 -0.0436371 0.0761519 -0.996141 0 -0.210932 -0.557388 0.152462 1 
0.991342 -0.120178 -0.052721 0 -0.123649 -0.989953 -0.0684437 0 -0.0439668 0.0743715 -0.996261 0 -0.211878 -0.560232 0.148869 1 
0.991562 -0.118242 -0.0529603 0 -0.121599 -0.990411 -0.0654242 0 -0.0447174 0.0713134 -0.996451 0 -0.212902 -0.563394 0.145739 1 
0.991741 -0.11666 -0.0531131 0 -0.11992 -0.990774 -0.0629868 0 -0.0452759 0.0688372 -0.9966 0 -0.21379 -0.566011 0.142666 1 
0.991929 -0.114951 -0.0533361 0 -0.118094 -0.991173 -0.0600907 0 -0.0459587 0.0659056 -0.996767 0 -0.214707 -0.568693 0.139529 1 
0.992048 -0.113763 -0.0536682 0 -0.116786 -0.991509 -0.0570164 0 -0.0467271 0.0628319 -0.99693 0 -0.21566 -0.5714 0.136725 1 
0.992164 -0.112657 -0.0538407 0 -0.115591 -0.991769 -0.0548936 0 -0.0472143 0.0606881 -0.997039 0 -0.216498 -0.573732 0.133557 1 
0.99227 -0.111477 -0.054341 0 -0.114261 -0.992124 -0.0511361 0 -0.0482134 0.056951 -0.997212 0 -0.217397 -0.576409 0.130888 1 
0.992417 -0.110009 -0.054649 0 -0.112689 -0.992429 -0.0486484 0 -0.0488844 0.0544389 -0.99732 0 -0.218365 -0.578932 0.12734 1 
0.992667 -0.107572 -0.0549561 0 -0.110197 -0.992779 -0.0471944 0 -0.0494834 0.0529054 -0.997373 0 -0.219296 -0.581151 0.124402 1 
0.99293 -0.105107 -0.0549893 0 -0.107717 -0.993067 -0.0468587 0 -0.0496838 0.0524517 -0.997387 0 -0.220197 -0.58297 0.12128 1 
0.993241 -0.102119 -0.0550003 0 -0.104741 -0.993374 -0.0471007 0 -0.049827 0.0525441 -0.997375 0 -0.221133 -0.584672 0.118164 1 
0.993596 -0.0984135 -0.0553331 0 -0.101034 -0.993775 -0.0467302 0 -0.0503907 0.0520224 -0.997374 0 -0.222171 -0.586604 0.115637 1 
0.993913 -0.0952178 -0.0552349 0 -0.0978854 -0.99404 -0.0477828 0 -0.0503569 0.0528996 -0.997329 0 -0.223056 -0.58811 0.112557 1 
0.994238 -0.0916219 -0.0554693 0 -0.0943115 -0.994376 -0.0479802 0 -0.0507623 0.0529361 -0.997307 0 -0.224164 -0.590149 0.109785 1 
0.994649 -0.0868561 -0.05577 0 -0.0895974 -0.994777 -0.0486909 0 -0.0512506 0.0534282 -0.997256 0 -0.225322 -0.592168 0.106907 1 
0.995061 -0.0821302 -0.0555784 0 -0.0849057 -0.995146 -0.0495658 0 -0.0512387 0.054041 -0.997223 0 -0.226335 -0.593949 0.104209 1 
0.995428 -0.07758 -0.0555412 0 -0.0803328 -0.995545 -0.0491748 0 -0.0514797 0.0534128 -0.997245 0 -0.227473 -0.596094 0.102178 1 
0.995786 -0.0730911 -0.0552073 0 -0.0758568 -0.995866 -0.049779 0 -0.0513416 0.0537581 -0.997233 0 -0.228544 -0.597968 0.0994516 1 
0.996023 -0.0697703 -0.0552387 0 -0.0725096 -0.996142 -0.0492434 0 -0.0515908 0.0530539 -0.997258 0 -0.229655 -0.600073 0.0974193 1 
0.996217 -0.0668257 -0.0553815 0 -0.0695286 -0.996395 -0.0484044 0 -0.0519482 0.0520729 -0.997291 0 -0.230881 -0.602362 0.0953925 1 
0.996438 -0.0635323 -0.0552737 0 -0.0662285 -0.99662 -0.0483964 0 -0.0520132 0.0518857 -0.997298 0 -0.232035 -0.604375 0.0928628 1 
0.996607 -0.0605506 -0.0555745 0 -0.0631919 -0.996881 -0.047067 0 -0.0525523 0.0504201 -0.997345 0 -0.233303 -0.606645 0.0912348 1 
0.996767 -0.0578035 -0.0556373 0 -0.0604179 -0.997079 -0.0465132 0 -0.0527872 0.0497252 -0.997367 0 -0.234594 -0.608707 0.0890116 1 
0.996937 -0.0547434 -0.0556814 0 -0.0573354 -0.997282 -0.0460679 0 -0.0530091 0.0491203 -0.997385 0 -0.235835 -0.610681 0.0867766 1 
0.99717 -0.0501076 -0.0558757 0 -0.0526518 -0.997587 -0.0450311 0 -0.0534855 0.0478466 -0.997422 0 -0.237142 -0.612759 0.0850381 1 
0.997386 -0.0458323 -0.0556914 0 -0.0483738 -0.997797 -0.0451785 0 -0.0534991 0.0477553 -0.997425 0 -0.238335 -0.614365 0.0826351 1 
0.997548 -0.0421785 -0.0556754 0 -0.0447001 -0.997983 -0.0448507 0 -0.0536725 0.0472304 -0.997441 0 -0.23956 -0.616096 0.0804714 1 
0.997666 -0.0390916 -0.0558151 0 -0.0415791 -0.998151 -0.0441238 0 -0.0539881 0.0463424 -0.997466 0 -0.240736 -0.617787 0.0787227 1 
0.997769 -0.0365782 -0.0556761 0 -0.0390676 -0.998244 -0.0442996 0 -0.053959 0.0463768 -0.997466 0 -0.241768 -0.619069 0.0765273 1 
0.997839 -0.0346597 -0.0556509 0 -0.0371398 -0.998324 -0.0441681 0 -0.0540278 0.0461404 -0.997473 0 -0.242841 -0.620462 0.0743816 1 
0.99788 -0.0331375 -0.0558444 0 -0.0355839 -0.998414 -0.0433982 0 -0.0543188 0.0452943 -0.997496 0 -0.243875 -0.621882 0.0727067 1 
0.997918 -0.0319547 -0.0558459 0 -0.0343876 -0.998467 -0.0431611 0 -0.0543821 0.0449925 -0.997506 0 -0.244789 -0.622996 0.070759 1 
0.997958 -0.0309313 -0.0557184 0 -0.0333665 -0.998494 -0.0433197 0 -0.0542956 0.0450912 -0.997506 0 -0.245686 -0.62396 0.0686041 1 
0.998004 -0.0293987 -0.0557175 0 -0.0318221 -0.998553 -0.0431173 0 -0.0543704 0.0448052 -0.997515 0 -0.246631 -0.624943 0.0668478 1 
0.998074 -0.0270119 -0.0556675 0 -0.0294248 -0.998632 -0.0429897 0 -0.0544312 0.0445458 -0.997523 0 -0.247589 -0.625846 0.0651712 1 
0.998181 -0.0233923 -0.0553964 0 -0.0258118 -0.998716 -0.0433699 0 -0.0543118 0.0447217 -0.997522 0 -0.248516 -0.626522 0.0632022 1 
0.998309 -0.0182872 -0.0550131 0 -0.0207143 -0.998813 -0.0438762 0 -0.0541465 0.0449424 -0.997521 0 -0.249378 -0.627122 0.061165 1 
0.998377 -0.013969 -0.0550292 0 -0.0163549 -0.998925 -0.0431474 0 -0.0543684 0.0439782 -0.997552 0 -0.250332 -0.627997 0.0594515 1 
0.998398 -0.0105286 -0.0554112 0 -0.0128358 -0.999049 -0.0414461 0 -0.0549232 0.0420918 -0.997603 0 -0.251264 -0.629062 0.0580687 1 
0.998403 -0.00695456 -0.0558963 0 -0.00915984 -0.999176 -0.0392938 0 -0.0555781 0.0397438 -0.997663 0 -0.252141 -0.630166 0.0565459 1 
0.99837 -0.00381863 -0.0567683 0 -0.00585819 -0.999332 -0.0358046 0 -0.0565948 0.0360795 -0.997745 0 -0.25297 -0.631453 0.0548851 1 
0.998296 -0.00199604 -0.0581544 0 -0.00379562 -0.999507 -0.0308506 0 -0.0580653 0.0310194 -0.997831 0 -0.253759 -0.632989 0.0535628 1 
0.998198 -0.000653361 -0.0598464 0 -0.00215727 -0.999674 -0.0250682 0 -0.0598116 0.0251526 -0.997893 0 -0.254551 -0.63473 0.0524762 1 
0.998089 0.00059797 -0.061641 0 -0.00057785 -0.999809 -0.0190555 0 -0.0616418 0.0190551 -0.997916 0 -0.25531 -0.636545 0.0515692 1 
0.997993 0.00112335 -0.0631624 0 0.000243579 -0.999893 -0.0139345 0 -0.0631725 0.0138915 -0.997906 0 -0.255998 -0.638149 0.0504483 1 
0.99795 0.0010827 -0.0638418 0 0.000351014 -0.999925 -0.011471 0 -0.0638506 0.0114253 -0.997894 0 -0.256435 -0.639096 0.0490077 1 
0.997937 0.00104789 -0.06404 0 0.00037018 -0.999934 -0.0105934 0 -0.0640481 0.010548 -0.997891 0 -0.25671 -0.639707 0.0475544 1 
0.997948 0.00104136 -0.0638756 0 0.0003401 -0.99993 -0.0109883 0 -0.0638838 0.0109443 -0.997897 0 -0.256879 -0.640086 0.0462319 1 
0.997952 0.00105641 -0.063807 0 0.000345998 -0.999928 -0.0111436 0 -0.0638155 0.0110989 -0.9979 0 -0.25705 -0.640551 0.0451334 1 
0.997953 0.00113449 -0.0637941 0 0.000430103 -0.999929 -0.0110541 0 -0.0638033 0.0110043 -0.997902 0 -0.257203 -0.641167 0.0440829 1 
0.997946 0.00121189 -0.0638932 0 0.000526269 -0.999932 -0.0107463 0 -0.0639032 0.0106908 -0.997899 0 -0.257359 -0.641816 0.0432654 1 
0.997941 0.00127793 -0.0639771 0 0.000614287 -0.999936 -0.0103917 0 -0.0639876 0.0103312 -0.997897 0 -0.257514 -0.642521 0.0424079 1 
0.997935 0.0014079 -0.0640672 0 0.000757131 -0.999938 -0.0101807 0 -0.0640788 0.0101113 -0.997894 0 -0.257656 -0.643156 0.0415031 1 
0.997926 0.0015123 -0.0641973 0 0.000882493 -0.999942 -0.00983759 0 -0.0642097 0.00976072 -0.997889 0 -0.257795 -0.64377 0.0408023 1 
0.997914 0.00158748 -0.0643956 0 0.000989229 -0.999946 -0.00932102 0 -0.0644082 0.00923805 -0.997881 0 -0.257963 -0.644458 0.0402214 1 
0.997897 0.00164228 -0.0646464 0 0.00108363 -0.999952 -0.00867565 0 -0.0646588 0.00858752 -0.99787 0 -0.258164 -0.645179 0.039741 1 
0.997878 0.00167422 -0.0649374 0 0.0011598 -0.999958 -0.00795854 0 -0.0649492 0.00786649 -0.997858 0 -0.258375 -0.645881 0.0393783 1 
0.997856 0.00162862 -0.0652862 0 0.0011715 -0.999965 -0.00703944 0 -0.0652966 0.006948 -0.997842 0 -0.258643 -0.646651 0.0390955 1 
0.997834 0.00162394 -0.0656103 0 0.00122251 -0.999971 -0.00615796 0 -0.0656196 0.00606453 -0.997826 0 -0.258879 -0.647423 0.0388038 1 
0.997821 0.00168954 -0.0658066 0 0.00131165 -0.999973 -0.00578526 0 -0.0658158 0.00568645 -0.997816 0 -0.259065 -0.648087 0.038386 1 
0.997819 0.00175972 -0.0658417 0 0.0013833 -0.999973 -0.00576207 0 -0.0658513 0.00565854 -0.997813 0 -0.259177 -0.648578 0.0378724 1 
0.997815 0.00186953 -0.0659 0 0.00150648 -0.999974 -0.00555824 0 -0.0659099 0.00544693 -0.997811 0 -0.259228 -0.64908 0.0372725 1 
0.997822 0.00193481 -0.0657948 0 0.00157259 -0.999974 -0.00555673 0 -0.0658051 0.00544126 -0.997818 0 -0.259178 -0.649442 0.0365953 1 
0.997827 0.00219491 -0.065706 0 0.00182381 -0.999972 -0.00570715 0 -0.0657179 0.00557502 -0.997823 0 -0.259053 -0.649721 0.0359442 1 
0.99783 0.00251665 -0.0656433 0 0.00213855 -0.999971 -0.00582962 0 -0.0656573 0.0056767 -0.997826 0 -0.258881 -0.650011 0.0353541 1 
0.997839 0.00250461 -0.0655091 0 0.00212126 -0.999971 -0.00592072 0 -0.0655233 0.00576908 -0.997834 0 -0.258643 -0.650277 0.034819 1 
0.997852 0.00226419 -0.065321 0 0.00187532 -0.999971 -0.00601381 0 -0.0653339 0.00587851 -0.997846 0 -0.258331 -0.650518 0.0343344 1 
0.997854 0.00235527 -0.0652918 0 0.00196854 -0.999971 -0.00598679 0 -0.0653053 0.00584553 -0.997848 0 -0.258018 -0.650801 0.0340232 1 
0.997853 0.00260864 -0.0653003 0 0.00222802 -0.99997 -0.00590085 0 -0.065315 0.0057428 -0.997848 0 -0.257734 -0.651069 0.0338242 1 
0.997852 0.0028623 -0.0652993 0 0.00248905 -0.99997 -0.00579648 0 -0.0653153 0.0056216 -0.997849 0 -0.257446 -0.651327 0.0336515 1 
0.997849 0.00320372 -0.0653325 0 0.00283881 -0.99997 -0.00567738 0 -0.06535 0.0054798 -0.997847 0 -0.257174 -0.651575 0.0335432 1 
0.997845 0.00363781 -0.0653627 0 0.00328018 -0.999969 -0.00557785 0 -0.0653823 0.00535153 -0.997846 0 -0.256906 -0.651788 0.0334744 1 
0.997842 0.003991 -0.0653914 0 0.00363767 -0.999969 -0.00552148 0 -0.0654127 0.00527179 -0.997844 0 -0.256681 -0.651961 0.0333924 1 
0.99784 0.00420168 -0.0654031 0 0.00385057 -0.999968 -0.00549345 0 -0.0654254 0.00522984 -0.997844 0 -0.25656 -0.652085 0.0332852 1 
0.997842 0.00428465 -0.0653763 0 0.00393047 -0.999967 -0.00554509 0 -0.0653992 0.00527626 -0.997845 0 -0.256528 -0.65215 0.0331105 1 
0.997845 0.00429785 -0.065334 0 0.00393448 -0.999966 -0.00568934 0 -0.0653576 0.00542013 -0.997847 0 -0.256535 -0.652172 0.0328662 1 
0.997848 0.00420888 -0.0652848 0 0.00383271 -0.999966 -0.00588615 0 -0.0653086 0.00562337 -0.997849 0 -0.256624 -0.652183 0.0325103 1 
0.997856 0.00409664 -0.0651643 0 0.00370098 -0.999964 -0.00619124 0 -0.0651886 0.00593691 -0.997855 0 -0.256716 -0.652152 0.0320691 1 
0.997865 0.00401718 -0.0650367 0 0.00359841 -0.999962 -0.00655483 0 -0.0650618 0.00630693 -0.997861 0 -0.256792 -0.652121 0.0315634 1 
0.997875 0.00394159 -0.0648969 0 0.0034995 -0.99996 -0.00692441 0 -0.0649228 0.00668272 -0.997868 0 -0.256869 -0.652113 0.0309928 1 
0.997882 0.00388468 -0.0647791 0 0.00342311 -0.999958 -0.00723479 0 -0.0648058 0.00699786 -0.997873 0 -0.256948 -0.652167 0.0303906 1 
0.997891 0.0039078 -0.0646418 0 0.0034246 -0.999956 -0.00758407 0 -0.0646698 0.00734684 -0.99788 0 -0.256981 -0.652226 0.0297497 1 
0.997902 0.00399721 -0.0644729 0 0.00348866 -0.999952 -0.00799829 0 -0.064503 0.00775673 -0.997887 0 -0.256965 -0.652279 0.0290574 1 
0.997911 0.0040654 -0.0643338 0 0.00353598 -0.999949 -0.00834088 0 -0.0643657 0.00809613 -0.997894 0 -0.256951 -0.652349 0.0284269 1 
0.997916 0.00412099 -0.06424 0 0.00357698 -0.999947 -0.00858114 0 -0.0642732 0.00833364 -0.997898 0 -0.256963 -0.652443 0.0278855 1 
0.997919 0.00421797 -0.0641875 0 0.00366652 -0.999946 -0.00870654 0 -0.064222 0.00845324 -0.9979 0 -0.256962 -0.652567 0.0274658 1 
0.997918 0.00432438 -0.0641993 0 0.00377457 -0.999946 -0.00868289 0 -0.0642346 0.00842265 -0.997899 0 -0.256951 -0.652717 0.0272138 1 
0.997916 0.00442183 -0.0642314 0 0.00387904 -0.999946 -0.00857267 0 -0.0642671 0.00830581 -0.997898 0 -0.256923 -0.652864 0.0270943 1 
0.99791 0.0045495 -0.0643043 0 0.00402093 -0.999947 -0.00834685 0 -0.0643401 0.008071 -0.997895 0 -0.256884 -0.653046 0.0270864 1 
0.997903 0.00469294 -0.0644013 0 0.00418143 -0.999949 -0.00807487 0 -0.0644372 0.0077888 -0.997891 0 -0.256829 -0.65323 0.0271546 1 
0.997896 0.0048675 -0.0645103 0 0.00437408 -0.99995 -0.00778762 0 -0.0645463 0.0074892 -0.997887 0 -0.256755 -0.653408 0.0272737 1 
0.997889 0.00502045 -0.0646045 0 0.00454271 -0.999952 -0.00753956 0 -0.0646404 0.00723031 -0.997882 0 -0.256685 -0.653562 0.0273807 1 
0.997884 0.00511922 -0.0646692 0 0.00465284 -0.999952 -0.00736018 0 -0.064705 0.00704385 -0.99788 0 -0.256643 -0.653674 0.0274525 1 
0.997881 0.00521393 -0.0647124 0 0.00475437 -0.999953 -0.00725337 0 -0.0647484 0.00693046 -0.997878 0 -0.256596 -0.653747 0.0275012 1 
0.99788 0.00528572 -0.0647124 0 0.00482622 -0.999952 -0.00725489 0 -0.064749 0.00692732 -0.997878 0 -0.256553 -0.653768 0.0275043 1 
0.997883 0.00532742 -0.0646654 0 0.00486129 -0.999951 -0.00736336 0 -0.0647027 0.00703355 -0.99788 0 -0.256512 -0.653746 0.0274277 1 
0.997888 0.00540636 -0.0645856 0 0.00493168 -0.99995 -0.00750674 0 -0.0646242 0.0071725 -0.997884 0 -0.25644 -0.653721 0.0273067 1 
0.997891 0.00550907 -0.0645258 0 0.00502517 -0.999948 -0.00765926 0 -0.0645659 0.007319 -0.997887 0 -0.256362 -0.653699 0.0271931 1 
0.997895 0.00562262 -0.0644541 0 0.00512849 -0.999947 -0.00782911 0 -0.0644959 0.00748223 -0.99789 0 -0.256269 -0.653675 0.0270576 1 
0.9979 0.0056709 -0.0643829 0 0.00516441 -0.999945 -0.00803045 0 -0.0644262 0.00768123 -0.997893 0 -0.256223 -0.653629 0.026891 1 
0.997904 0.00571272 -0.0643159 0 0.00519754 -0.999943 -0.00817462 0 -0.0643602 0.00782335 -0.997896 0 -0.25619 -0.653614 0.0267277 1 
0.997904 0.0057923 -0.0643099 0 0.00527656 -0.999943 -0.00818641 0 -0.0643549 0.00783006 -0.997896 0 -0.256154 -0.653682 0.0265987 1 
0.997901 0.00586995 -0.0643454 0 0.0053606 -0.999943 -0.00808558 0 -0.0643905 0.00772382 -0.997895 0 -0.256136 -0.653815 0.0264938 1 
