0.99777 0.0377993 -0.0548437 0 0.0373218 -0.999247 -0.00970367 0 -0.0551703 0.00763531 -0.998448 0 -0.228492 -0.434064 0.544453 1 
0.997769 0.0378287 -0.0548338 0 0.03735 -0.999245 -0.00972911 0 -0.0551615 0.00765951 -0.998448 0 -0.228482 -0.434071 0.544441 1 
0.997768 0.0378688 -0.0548314 0 0.0373895 -0.999244 -0.00974101 0 -0.0551598 0.0076693 -0.998448 0 -0.228462 -0.434082 0.544436 1 
0.997767 0.0378836 -0.0548328 0 0.0374041 -0.999243 -0.00974488 0 -0.0551615 0.00767229 -0.998448 0 -0.228455 -0.434085 0.544436 1 
0.997766 0.0378922 -0.0548357 0 0.0374129 -0.999243 -0.00974063 0 -0.0551643 0.00766746 -0.998448 0 -0.228454 -0.434088 0.544437 1 
0.997765 0.0379148 -0.0548415 0 0.0374358 -0.999242 -0.00973488 0 -0.0551701 0.00766024 -0.998448 0 -0.228444 -0.434094 0.544439 1 
0.997764 0.0379399 -0.0548409 0 0.0374608 -0.999241 -0.00973933 0 -0.0551698 0.00766333 -0.998448 0 -0.228433 -0.4341 0.544438 1 
0.997766 0.0378885 -0.0548394 0 0.0374097 -0.999243 -0.00973256 0 -0.0551677 0.00765945 -0.998448 0 -0.228455 -0.43409 0.544441 1 
0.997768 0.0378573 -0.0548368 0 0.0373783 -0.999244 -0.00973444 0 -0.0551649 0.00766315 -0.998448 0 -0.22847 -0.434082 0.544439 1 
0.997768 0.0378503 -0.0548461 0 0.0373725 -0.999245 -0.00971176 0 -0.0551733 0.00764049 -0.998448 0 -0.228471 -0.434083 0.544448 1 
0.997768 0.0378319 -0.0548462 0 0.0373542 -0.999245 -0.00970926 0 -0.0551732 0.007639 -0.998448 0 -0.228481 -0.434076 0.544451 1 
0.997768 0.0378543 -0.0548336 0 0.0373753 -0.999244 -0.00973412 0 -0.0551617 0.00766311 -0.998448 0 -0.228472 -0.43408 0.54444 1 
0.997769 0.0378236 -0.0548425 0 0.0373458 -0.999246 -0.00971057 0 -0.0551695 0.00764091 -0.998448 0 -0.228485 -0.434075 0.54445 1 
0.99777 0.0377716 -0.0548539 0 0.0372952 -0.999248 -0.00968408 0 -0.0551795 0.00761684 -0.998447 0 -0.228511 -0.434064 0.544461 1 
0.99777 0.037796 -0.0548467 0 0.0373186 -0.999247 -0.00970394 0 -0.0551732 0.00763564 -0.998448 0 -0.228498 -0.434068 0.544453 1 
0.99777 0.0377616 -0.0548551 0 0.0372851 -0.999248 -0.00968486 0 -0.0551806 0.00761813 -0.998447 0 -0.228514 -0.434061 0.544462 1 
0.99777 0.0377838 -0.0548477 0 0.0373065 -0.999247 -0.00970067 0 -0.055174 0.00763301 -0.998448 0 -0.228504 -0.434065 0.544454 1 
0.99777 0.0377751 -0.0548507 0 0.0372981 -0.999248 -0.00969423 0 -0.0551767 0.00762693 -0.998447 0 -0.228506 -0.434065 0.544456 1 
0.997771 0.0377508 -0.0548514 0 0.037274 -0.999248 -0.00968976 0 -0.0551771 0.00762378 -0.998447 0 -0.228518 -0.434058 0.544459 1 
0.997773 0.0377033 -0.0548422 0 0.0372259 -0.99925 -0.00970113 0 -0.0551679 0.00763813 -0.998448 0 -0.22854 -0.43405 0.54445 1 
0.997772 0.03777 -0.0548201 0 0.0372905 -0.999247 -0.00974488 0 -0.0551479 0.00767905 -0.998449 0 -0.228513 -0.434066 0.544428 1 
0.997775 0.0377632 -0.0547612 0 0.0372778 -0.999247 -0.00985763 0 -0.0550933 0.00779447 -0.998451 0 -0.228522 -0.434067 0.544371 1 
0.997738 0.0376103 -0.0555468 0 0.0371993 -0.999263 -0.00841441 0 -0.0558234 0.0063292 -0.998421 0 -0.228635 -0.434243 0.545142 1 
0.997664 0.03757 -0.0568842 0 0.0372929 -0.999277 -0.00592531 0 -0.0570668 0.00379017 -0.998363 0 -0.228739 -0.434606 0.546477 1 
0.997847 0.0375851 -0.0535675 0 0.0369899 -0.999233 -0.0120594 0 -0.0539807 0.0100522 -0.998491 0 -0.228728 -0.434838 0.543096 1 
0.99818 0.0359715 -0.048205 0 0.0349324 -0.999133 -0.0222284 0 -0.0489637 0.0205044 -0.99859 0 -0.229511 -0.436988 0.535529 1 
0.998566 0.0346735 -0.0405453 0 0.0331722 -0.99875 -0.0371309 0 -0.0417829 0.0357334 -0.998488 0 -0.229999 -0.441769 0.525669 1 
0.999133 0.0290437 -0.0295064 0 0.0272503 -0.997849 -0.0594656 0 -0.0311706 0.0586111 -0.997794 0 -0.230089 -0.447825 0.512174 1 
0.999444 0.0241049 -0.0226152 0 0.0223473 -0.996924 -0.07499 0 -0.0243537 0.0744444 -0.996928 0 -0.230645 -0.457257 0.496811 1 
0.999091 0.0301436 -0.0298149 0 0.0282674 -0.997699 -0.0614639 0 -0.0315997 0.0605664 -0.997664 0 -0.23355 -0.473721 0.481324 1 
0.999234 0.0118209 -0.0370569 0 0.0100014 -0.998744 -0.048905 0 -0.0375892 0.0484979 -0.998116 0 -0.235251 -0.489126 0.463992 1 
0.99914 -0.0148077 -0.0384867 0 -0.016671 -0.998672 -0.0485526 0 -0.0377173 0.0491534 -0.998079 0 -0.234471 -0.501582 0.44609 1 
0.998843 -0.0282541 -0.0386778 0 -0.0301856 -0.998268 -0.0503004 0 -0.0371903 0.0514107 -0.997985 0 -0.2323 -0.513192 0.42945 1 
0.998655 -0.0356814 -0.0373643 0 -0.0377325 -0.997724 -0.0557071 0 -0.0352922 0.0570431 -0.997748 0 -0.229658 -0.523636 0.411987 1 
0.998569 -0.0371167 -0.0382491 0 -0.0391578 -0.997759 -0.0540737 0 -0.0361571 0.0554952 -0.997804 0 -0.229011 -0.535181 0.393733 1 
0.998358 -0.0395431 -0.0412197 0 -0.0414057 -0.998103 -0.0453586 0 -0.0393486 0.0469917 -0.99812 0 -0.230336 -0.547479 0.374621 1 
0.997698 -0.051631 -0.0437477 0 -0.0532981 -0.997852 -0.0378377 0 -0.041701 0.040083 -0.998326 0 -0.23141 -0.55868 0.353977 1 
0.997473 -0.0557412 -0.0438269 0 -0.0573403 -0.997692 -0.0361168 0 -0.0417133 0.0385394 -0.998386 0 -0.231561 -0.567842 0.331134 1 
0.996812 -0.0650136 -0.0460521 0 -0.0663085 -0.99742 -0.0271683 0 -0.0441678 0.0301359 -0.998569 0 -0.231494 -0.57824 0.308848 1 
0.996686 -0.0661364 -0.0471627 0 -0.0671838 -0.99751 -0.0209785 0 -0.0456587 0.024078 -0.998667 0 -0.230804 -0.588188 0.285131 1 
0.996022 -0.0758347 -0.0465867 0 -0.0768372 -0.996831 -0.0201153 0 -0.0449144 0.0236153 -0.998712 0 -0.230296 -0.595045 0.262625 1 
0.995141 -0.0864038 -0.0469961 0 -0.0872345 -0.996051 -0.0159181 0 -0.045436 0.0199409 -0.998768 0 -0.229426 -0.601459 0.241944 1 
0.99495 -0.0880829 -0.0479284 0 -0.0886023 -0.996018 -0.0088178 0 -0.0469618 0.0130201 -0.998812 0 -0.22856 -0.607695 0.222206 1 
0.993966 -0.0982332 -0.0486089 0 -0.098428 -0.995133 -0.00162354 0 -0.0482138 0.00639835 -0.998817 0 -0.228696 -0.612785 0.202383 1 
0.993214 -0.105588 -0.0485505 0 -0.105617 -0.994395 0.00198049 0 -0.0484885 0.00316075 -0.998819 0 -0.230075 -0.616293 0.181871 1 
0.99309 -0.106725 -0.0486071 0 -0.10656 -0.994279 0.00596787 0 -0.0489669 -0.000747051 -0.9988 0 -0.232449 -0.619484 0.161613 1 
0.992866 -0.107756 -0.0508525 0 -0.106907 -0.994075 0.0191484 0 -0.0526156 -0.0135756 -0.998523 0 -0.235735 -0.625276 0.145638 1 
0.99288 -0.107887 -0.0502974 0 -0.107117 -0.994078 0.0177704 0 -0.0519178 -0.0122564 -0.998576 0 -0.237599 -0.628823 0.131598 1 
0.993223 -0.105671 -0.0481844 0 -0.105425 -0.994388 0.0076178 0 -0.0487199 -0.00248636 -0.998809 0 -0.238691 -0.630586 0.11978 1 
0.994115 -0.0973655 -0.0472951 0 -0.097373 -0.995236 0.0021523 0 -0.0472802 0.00246567 -0.998879 0 -0.240288 -0.633533 0.11077 1 
0.996099 -0.0745957 -0.0469418 0 -0.0747375 -0.997193 -0.00127045 0 -0.0467162 0.0047739 -0.998897 0 -0.241941 -0.637566 0.10272 1 
0.99639 -0.0706825 -0.0468257 0 -0.0708928 -0.99747 -0.00284243 0 -0.0465072 0.00615189 -0.998899 0 -0.243664 -0.641932 0.0947883 1 
0.996771 -0.0653884 -0.0464022 0 -0.0657108 -0.997814 -0.00545525 0 -0.0459449 0.00848692 -0.998908 0 -0.24526 -0.645409 0.0866486 1 
0.997387 -0.0557632 -0.0457262 0 -0.0562227 -0.99837 -0.00882369 0 -0.0451605 0.0113717 -0.998915 0 -0.247097 -0.648146 0.0784289 1 
0.998009 -0.0438373 -0.0451405 0 -0.0444008 -0.998937 -0.0115576 0 -0.0445867 0.0135391 -0.998914 0 -0.24917 -0.650653 0.0708879 1 
0.998565 -0.0284176 -0.0451881 0 -0.0289999 -0.999494 -0.0122828 0 -0.0448171 0.0135758 -0.998903 0 -0.251211 -0.653499 0.065117 1 
0.998767 -0.0206222 -0.0449346 0 -0.0212511 -0.999673 -0.0135627 0 -0.0446411 0.0145011 -0.998898 0 -0.252958 -0.655232 0.0600087 1 
0.998838 -0.0198186 -0.0437015 0 -0.0205869 -0.99963 -0.0171998 0 -0.0433453 0.0180798 -0.998897 0 -0.254179 -0.654846 0.0540685 1 
0.998858 -0.0215457 -0.0424252 0 -0.0224303 -0.999529 -0.0204851 0 -0.0419647 0.0214137 -0.99889 0 -0.254972 -0.654252 0.0492292 1 
0.998562 -0.0320166 -0.0427766 0 -0.032854 -0.99927 -0.0190168 0 -0.0421373 0.0203952 -0.998904 0 -0.255757 -0.655453 0.0454456 1 
0.998261 -0.0401235 -0.042955 0 -0.040954 -0.998978 -0.0186307 0 -0.0421643 0.0203579 -0.998903 0 -0.256803 -0.656564 0.0425229 1 
0.997953 -0.0473074 -0.0428151 0 -0.0481556 -0.99865 -0.0189981 0 -0.0418594 0.0210214 -0.998902 0 -0.25789 -0.65734 0.0392675 1 
0.997782 -0.0515206 -0.0419242 0 -0.0524439 -0.998389 -0.0212299 0 -0.0407637 0.0233819 -0.998895 0 -0.258249 -0.656937 0.0363294 1 
0.997475 -0.0575158 -0.041422 0 -0.0584876 -0.998022 -0.022643 0 -0.0400385 0.025009 -0.998885 0 -0.258172 -0.656443 0.0349798 1 
0.997426 -0.0586338 -0.0410299 0 -0.0596369 -0.99793 -0.0236656 0 -0.0395581 0.026052 -0.998878 0 -0.258251 -0.65605 0.0341453 1 
0.997322 -0.0590026 -0.0429948 0 -0.0597483 -0.998071 -0.0162686 0 -0.0419528 0.0187943 -0.998943 0 -0.258972 -0.65732 0.0334564 1 
0.997128 -0.0576713 -0.0488972 0 -0.0574626 -0.998322 0.00566432 0 -0.0491428 -0.00283834 -0.998788 0 -0.260078 -0.661581 0.0326819 1 
0.997634 -0.0479398 -0.0490893 0 -0.0476945 -0.998833 0.00615685 0 -0.0493281 -0.00380106 -0.998775 0 -0.25982 -0.661593 0.031006 1 
0.998073 -0.0379841 -0.0488772 0 -0.0377584 -0.999262 0.00553395 0 -0.0490523 -0.00367783 -0.998789 0 -0.258701 -0.661954 0.0308078 1 
0.998267 -0.0325483 -0.0488259 0 -0.0323318 -0.999454 0.00521843 0 -0.0489701 -0.00363083 -0.998794 0 -0.257277 -0.662459 0.0307446 1 
0.998521 -0.0236006 -0.0487879 0 -0.0234011 -0.999706 0.00465562 0 -0.0488844 -0.00350711 -0.998798 0 -0.25658 -0.662668 0.0306627 1 
0.998701 -0.0162866 -0.0480823 0 -0.0161948 -0.999857 0.00229828 0 -0.0481137 -0.00151664 -0.998841 0 -0.255985 -0.662073 0.0297642 1 
0.998822 -0.00895713 -0.047481 0 -0.00895353 -0.99995 0.000288654 0 -0.0474821 0.000136811 -0.998872 0 -0.255178 -0.661718 0.028633 1 
0.99884 -0.00692907 -0.047439 0 -0.00693606 -0.999966 1.73777e-05 0 -0.0474385 0.000311688 -0.998874 0 -0.255277 -0.661637 0.0284647 1 
0.998858 -0.00713823 -0.0470336 0 -0.00719027 -0.999964 -0.00093739 0 -0.0470262 0.00127453 -0.998893 0 -0.25528 -0.661293 0.0277308 1 
0.998882 -0.0089266 -0.0462054 0 -0.00905259 -0.999946 -0.00251817 0 -0.0461813 0.00293369 -0.998929 0 -0.254851 -0.66088 0.0263183 1 
0.998882 -0.0125161 -0.0453838 0 -0.0126738 -0.999905 -0.00318855 0 -0.0453404 0.00376024 -0.998965 0 -0.25476 -0.660617 0.02546 1 
0.998866 -0.0143518 -0.0451838 0 -0.0144799 -0.999882 -0.00250934 0 -0.0451434 0.00316081 -0.998976 0 -0.255139 -0.660719 0.0256652 1 
0.998762 -0.0208468 -0.044953 0 -0.0209706 -0.999768 -0.0022844 0 -0.0448958 0.00322432 -0.998986 0 -0.254851 -0.660808 0.0254834 1 
0.998732 -0.022893 -0.0446302 0 -0.023056 -0.99972 -0.00314172 0 -0.0445466 0.00416681 -0.998999 0 -0.254579 -0.660591 0.0247158 1 
0.998735 -0.0232124 -0.044395 0 -0.0234094 -0.999709 -0.00392257 0 -0.0442919 0.00495696 -0.999006 0 -0.254675 -0.660348 0.023991 1 
0.998744 -0.0232341 -0.0441723 0 -0.0234556 -0.999705 -0.00450397 0 -0.0440554 0.00553451 -0.999014 0 -0.254583 -0.660211 0.0234635 1 
0.998749 -0.0231851 -0.0440864 0 -0.0234145 -0.999705 -0.00469351 0 -0.0439654 0.00572001 -0.999017 0 -0.254444 -0.660257 0.0231506 1 
0.998751 -0.0231485 -0.0440622 0 -0.0233739 -0.999707 -0.00460724 0 -0.0439434 0.0056315 -0.999018 0 -0.254217 -0.660468 0.0226676 1 
0.998733 -0.0236057 -0.0442248 0 -0.023808 -0.999699 -0.00405316 0 -0.0441166 0.00510103 -0.999013 0 -0.25412 -0.661113 0.0221211 1 
0.998685 -0.0254094 -0.0443192 0 -0.0255866 -0.999657 -0.00343692 0 -0.0442175 0.00456647 -0.999011 0 -0.253775 -0.661735 0.0217837 1 
0.998699 -0.025544 -0.0439188 0 -0.0257935 -0.999645 -0.00512465 0 -0.0437731 0.00625092 -0.999022 0 -0.253857 -0.66114 0.0205435 1 
0.998746 -0.0234764 -0.0439982 0 -0.0237376 -0.999694 -0.00542372 0 -0.0438582 0.00646145 -0.999017 0 -0.254241 -0.661143 0.0199898 1 
0.998815 -0.0196447 -0.0443192 0 -0.0198797 -0.999781 -0.00486876 0 -0.0442147 0.00574416 -0.999006 0 -0.25434 -0.66153 0.0202029 1 
0.998933 -0.012451 -0.0442669 0 -0.0127111 -0.999894 -0.00559945 0 -0.0441934 0.00615627 -0.999004 0 -0.254503 -0.661425 0.0197437 1 
0.998978 -0.00791702 -0.0442868 0 -0.00817951 -0.99994 -0.0057491 0 -0.0442395 0.00610558 -0.999002 0 -0.254883 -0.661493 0.0193913 1 
0.998998 -0.00659079 -0.0440558 0 -0.00688027 -0.999946 -0.00642228 0 -0.044012 0.00671909 -0.999008 0 -0.254843 -0.661471 0.0185149 1 
0.999009 -0.00557368 -0.0439284 0 -0.00588486 -0.999949 -0.00695764 0 -0.0438882 0.0072094 -0.99901 0 -0.255135 -0.661522 0.0174395 1 
0.999017 -0.0055593 -0.0437655 0 -0.00588856 -0.999946 -0.00739784 0 -0.0437228 0.00764842 -0.999014 0 -0.255127 -0.661491 0.0168185 1 
0.999033 -0.00567597 -0.0433834 0 -0.00604683 -0.999937 -0.00842183 0 -0.0433337 0.00867618 -0.999023 0 -0.255119 -0.661181 0.0159088 1 
0.999081 -0.00596882 -0.0422254 0 -0.00646452 -0.999902 -0.0116124 0 -0.0421528 0.011875 -0.999041 0 -0.255046 -0.660162 0.0132361 1 
0.999113 -0.00597555 -0.0414515 0 -0.006531 -0.999881 -0.0132776 0 -0.041368 0.0135368 -0.999052 0 -0.25481 -0.659472 0.0102602 1 
0.999087 -0.00621598 -0.0420355 0 -0.00669007 -0.999906 -0.011147 0 -0.041963 0.0114183 -0.999054 0 -0.255065 -0.659935 0.00831455 1 
0.99911 -0.00710324 -0.0413389 0 -0.00763789 -0.999879 -0.0127895 0 -0.0412439 0.0130941 -0.999063 0 -0.255497 -0.659534 0.00552778 1 
0.999122 -0.0087231 -0.0407449 0 -0.00928155 -0.999856 -0.013537 0 -0.0406217 0.0139035 -0.999078 0 -0.256084 -0.659537 0.00223258 1 
0.999158 -0.0100926 -0.039523 0 -0.010649 -0.999837 -0.0138914 0 -0.0393771 0.0143009 -0.999122 0 -0.256085 -0.659294 -0.000187555 1 
0.999172 -0.0110252 -0.0389077 0 -0.0115441 -0.999837 -0.0131375 0 -0.0387572 0.0135761 -0.999156 0 -0.256031 -0.659306 -0.00101804 1 
0.99918 -0.0110728 -0.0387057 0 -0.0115881 -0.999837 -0.0131146 0 -0.0385549 0.0135526 -0.999165 0 -0.25591 -0.659222 -0.00198638 1 
0.999172 -0.0109515 -0.0389407 0 -0.0114272 -0.999853 -0.0120146 0 -0.0388042 0.0124498 -0.999169 0 -0.255798 -0.659308 -0.00301971 1 
0.999164 -0.0115127 -0.0389746 0 -0.0119821 -0.999849 -0.0118302 0 -0.0388333 0.0122875 -0.99917 0 -0.255968 -0.659312 -0.00385836 1 
0.999174 -0.01158 -0.0386989 0 -0.0120722 -0.999839 -0.0125085 0 -0.0385486 0.0129656 -0.999173 0 -0.255983 -0.659292 -0.00510678 1 
0.999178 -0.0117488 -0.0385388 0 -0.0122588 -0.99983 -0.0130228 0 -0.03838 0.0134848 -0.999172 0 -0.256137 -0.659337 -0.0062846 1 
0.999172 -0.012313 -0.0385386 0 -0.0128215 -0.999824 -0.0129751 0 -0.0383728 0.0134588 -0.999173 0 -0.256536 -0.659287 -0.00649776 1 
0.999179 -0.0126199 -0.0382402 0 -0.0131342 -0.999817 -0.0132261 0 -0.0380671 0.0137178 -0.999181 0 -0.256541 -0.65916 -0.00674026 1 
0.999203 -0.0139781 -0.0371364 0 -0.0144803 -0.999797 -0.0132886 0 -0.0369438 0.0138161 -0.999222 0 -0.256511 -0.658999 -0.00704556 1 
0.999235 -0.0162805 -0.0352779 0 -0.0167437 -0.999767 -0.0128749 0 -0.0350607 0.013456 -0.999295 0 -0.256364 -0.658951 -0.00723276 1 
0.999243 -0.0169607 -0.0347334 0 -0.0174134 -0.999757 -0.0127747 0 -0.034509 0.0133701 -0.999315 0 -0.256341 -0.658922 -0.00729778 1 
0.999258 -0.0183897 -0.0335544 0 -0.0188163 -0.999736 -0.0124408 0 -0.0333174 0.0130632 -0.999359 0 -0.256215 -0.658929 -0.00733901 1 
0.999272 -0.0205593 -0.0318306 0 -0.0209464 -0.9997 -0.0118748 0 -0.0315776 0.0125331 -0.999423 0 -0.256031 -0.658966 -0.00736864 1 
0.999123 -0.031107 -0.0276961 0 -0.0314004 -0.999445 -0.0102235 0 -0.0273633 0.0110844 -0.999564 0 -0.255569 -0.65912 -0.00739797 1 
0.997928 -0.0585138 -0.026375 0 -0.0587694 -0.998221 -0.00901952 0 -0.0258008 0.0105511 -0.999611 0 -0.255047 -0.659307 -0.00740798 1 
0.996165 -0.083239 -0.0265803 0 -0.0834872 -0.996464 -0.00836785 0 -0.0257903 0.0105551 -0.999612 0 -0.254696 -0.659436 -0.00741091 1 
0.992992 -0.115009 -0.0268411 0 -0.115247 -0.993299 -0.00748742 0 -0.0258006 0.0105285 -0.999612 0 -0.254581 -0.65949 -0.00740028 1 
0.988531 -0.1485 -0.0271111 0 -0.148728 -0.988846 -0.00660238 0 -0.0258288 0.0105591 -0.999611 0 -0.254796 -0.659405 -0.00739787 1 
0.982533 -0.184016 -0.027359 0 -0.184234 -0.982856 -0.00564678 0 -0.0258513 0.0105888 -0.99961 0 -0.255253 -0.659232 -0.00738762 1 
0.974636 -0.22204 -0.0276381 0 -0.22225 -0.974968 -0.00471545 0 -0.0258998 0.0107386 -0.999607 0 -0.255489 -0.659116 -0.00739235 1 
0.96387 -0.264878 -0.0278505 0 -0.265075 -0.964211 -0.00357088 0 -0.0259084 0.0108246 -0.999606 0 -0.255879 -0.658958 -0.00737817 1 
0.948144 -0.316575 -0.0279907 0 -0.316755 -0.948495 -0.00212702 0 -0.0258761 0.0108831 -0.999606 0 -0.256272 -0.658801 -0.00737216 1 
0.927231 -0.373408 -0.0280909 0 -0.373574 -0.92759 -0.000720722 0 -0.0257882 0.0111625 -0.999605 0 -0.256394 -0.658695 -0.0073772 1 
0.901191 -0.432482 -0.0281813 0 -0.432656 -0.901548 -7.70459e-05 0 -0.0253739 0.0122625 -0.999603 0 -0.256322 -0.658478 -0.00738716 1 
0.873016 -0.486858 -0.0281706 0 -0.487021 -0.873378 0.00119526 0 -0.025186 0.0126764 -0.999602 0 -0.256855 -0.658208 -0.00735408 1 
0.846569 -0.531521 -0.0280513 0 -0.531668 -0.846938 0.00253327 0 -0.0251047 0.0127697 -0.999603 0 -0.257519 -0.657927 -0.00736532 1 
0.817904 -0.574667 -0.0277797 0 -0.574797 -0.818275 0.00388663 0 -0.0249654 0.012789 -0.999607 0 -0.257962 -0.657741 -0.00737557 1 
0.781671 -0.623065 -0.0275949 0 -0.623181 -0.782048 0.00521583 0 -0.0248308 0.0131198 -0.999606 0 -0.258158 -0.657587 -0.00740074 1 
0.736305 -0.676086 -0.0272722 0 -0.676188 -0.736686 0.0067054 0 -0.0246249 0.0135042 -0.999606 0 -0.257989 -0.65756 -0.00741897 1 
0.692217 -0.721179 -0.0267634 0 -0.721257 -0.692603 0.00839006 0 -0.0245877 0.0134958 -0.999607 0 -0.257942 -0.657578 -0.00741294 1 
0.644114 -0.764464 -0.0263308 0 -0.764524 -0.644504 0.00986629 0 -0.0245132 0.0137758 -0.999605 0 -0.258322 -0.657366 -0.00741753 1 
0.606551 -0.794607 -0.0259906 0 -0.794658 -0.606945 0.0108473 0 -0.0243946 0.0140744 -0.999603 0 -0.258641 -0.657178 -0.00741603 1 
0.577955 -0.815655 -0.0255998 0 -0.815692 -0.578351 0.01176 0 -0.0243982 0.0140851 -0.999603 0 -0.258869 -0.657089 -0.00741095 1 
0.538913 -0.841978 -0.0250243 0 -0.842003 -0.539306 0.0126722 0 -0.024166 0.0142416 -0.999607 0 -0.258753 -0.657082 -0.00741817 1 
0.493459 -0.869417 -0.0243573 0 -0.869438 -0.493843 0.0132803 0 -0.0235753 0.0146241 -0.999615 0 -0.257938 -0.657278 -0.00742633 1 
0.447176 -0.894127 -0.0234934 0 -0.894129 -0.447555 0.0144104 0 -0.0233998 0.0145624 -0.99962 0 -0.25694 -0.65766 -0.00742148 1 
0.399012 -0.916659 -0.0224959 0 -0.916643 -0.399384 0.0154422 0 -0.0231402 0.0144593 -0.999628 0 -0.256082 -0.657987 -0.00741421 1 
0.355407 -0.934455 -0.0214677 0 -0.934424 -0.355767 0.0161968 0 -0.0227731 0.0143037 -0.999638 0 -0.254799 -0.658471 -0.00741533 1 
0.315589 -0.948677 -0.0199114 0 -0.94864 -0.315915 0.0161449 0 -0.021607 0.0137938 -0.999671 0 -0.253084 -0.659126 -0.00739616 1 
0.272572 -0.961964 -0.0176336 0 -0.961933 -0.272838 0.0149682 0 -0.0192103 0.0128827 -0.999732 0 -0.252519 -0.659353 -0.0073957 1 
0.236337 -0.971534 -0.0157364 0 -0.971511 -0.236554 0.0137581 0 -0.0170893 0.0120368 -0.999782 0 -0.252749 -0.6593 -0.00737859 1 
0.20528 -0.978579 -0.0149578 0 -0.978555 -0.205484 0.0136582 0 -0.0164396 0.0118334 -0.999795 0 -0.252951 -0.659214 -0.00738996 1 
0.172503 -0.9849 -0.0139868 0 -0.984877 -0.172689 0.0133275 0 -0.0155419 0.0114764 -0.999813 0 -0.253234 -0.65912 -0.00738152 1 
0.139273 -0.99016 -0.0129451 0 -0.990139 -0.139437 0.0127395 0 -0.0144195 0.0110434 -0.999835 0 -0.253547 -0.659009 -0.00738075 1 
0.108515 -0.994014 -0.0119006 0 -0.993999 -0.108656 0.0118986 0 -0.0131207 0.0105383 -0.999858 0 -0.253761 -0.658938 -0.00738244 1 
0.0730151 -0.997267 -0.0103592 0 -0.997248 -0.0731318 0.0113673 0 -0.012094 0.00950088 -0.999882 0 -0.254037 -0.659017 -0.00736224 1 
0.0432401 -0.999006 -0.00986391 0 -0.998988 -0.0433499 0.011202 0 -0.0116187 0.00936973 -0.999889 0 -0.254134 -0.658966 -0.00737352 1 
0.0132868 -0.999858 -0.00940254 0 -0.999838 -0.0133918 0.0111986 0 -0.0113232 0.0092524 -0.999893 0 -0.254009 -0.659014 -0.00737615 1 
-0.00806727 -0.999935 -0.00671626 0 -0.999886 0.007986 0.0120402 0 -0.0119861 0.00681276 -0.999905 0 -0.254009 -0.659847 -0.00730823 1 
-0.0108542 -0.99991 -0.00655044 0 -0.999863 0.0107765 0.0117839 0 -0.0117125 0.00667757 -0.999909 0 -0.254017 -0.659857 -0.00730139 1 
-0.0144647 -0.999865 -0.00639418 0 -0.99982 0.0143902 0.0115462 0 -0.0114529 0.00656017 -0.999913 0 -0.254058 -0.659844 -0.00730599 1 
-0.0164031 -0.999836 -0.00629762 0 -0.999791 0.0163301 0.011474 0 -0.0113695 0.00648464 -0.999914 0 -0.254088 -0.659843 -0.00730294 1 
-0.0163032 -0.999837 -0.00632039 0 -0.999792 0.0162296 0.0115362 0 -0.011432 0.00650728 -0.999913 0 -0.254085 -0.659845 -0.00729736 1 
-0.0141062 -0.999871 -0.00638231 0 -0.999822 0.01403 0.0118312 0 -0.0117404 0.00654819 -0.99991 0 -0.254108 -0.659872 -0.00723106 1 
-0.0138702 -0.999874 -0.00637661 0 -0.999824 0.0137931 0.0119774 0 -0.0118881 0.00654174 -0.999908 0 -0.2541 -0.659902 -0.00714581 1 
-0.0135731 -0.999878 -0.00641938 0 -0.999825 0.0134943 0.0121646 0 -0.0120767 0.0065835 -0.999905 0 -0.254093 -0.659919 -0.00709116 1 
-0.0135878 -0.999878 -0.0064072 0 -0.999825 0.013509 0.0121825 0 -0.0120946 0.00657173 -0.999905 0 -0.254113 -0.659918 -0.0070806 1 
-0.0135813 -0.999878 -0.00640584 0 -0.999825 0.0135025 0.0121857 0 -0.012098 0.00657034 -0.999905 0 -0.254113 -0.659919 -0.00707681 1 
-0.0135922 -0.999878 -0.00637749 0 -0.999825 0.0135137 0.0121996 0 -0.0121121 0.00654232 -0.999905 0 -0.254126 -0.659926 -0.00705592 1 
-0.0135946 -0.999878 -0.00637354 0 -0.999825 0.0135161 0.0122014 0 -0.012114 0.00653843 -0.999905 0 -0.254126 -0.659927 -0.00705275 1 
-0.0136022 -0.999878 -0.00636885 0 -0.999824 0.0135237 0.0122115 0 -0.0121241 0.00653396 -0.999905 0 -0.254134 -0.659926 -0.0070492 1 
-0.0135953 -0.999878 -0.00637168 0 -0.999824 0.0135168 0.0122083 0 -0.0121209 0.00653667 -0.999905 0 -0.254131 -0.659927 -0.00705185 1 
-0.0136185 -0.999877 -0.00636391 0 -0.999824 0.01354 0.0122139 0 -0.0121265 0.00652925 -0.999905 0 -0.254145 -0.659925 -0.0070419 1 
-0.0136038 -0.999878 -0.00636302 0 -0.999824 0.0135254 0.0122148 0 -0.0121274 0.00652819 -0.999905 0 -0.254139 -0.659928 -0.00703952 1 
-0.0135974 -0.999878 -0.00635553 0 -0.999824 0.0135191 0.0122158 0 -0.0121287 0.00652064 -0.999905 0 -0.254135 -0.659932 -0.00703744 1 
-0.0135921 -0.999878 -0.00635919 0 -0.999824 0.0135137 0.0122171 0 -0.0121299 0.00652425 -0.999905 0 -0.254133 -0.659931 -0.00704222 1 
