-0.997095 -0.0282818 0.0705934 0 -0.0309384 0.998833 -0.036827 0 -0.0694708 -0.0389048 -0.996825 0 -0.202989 -0.320138 0.522648 1 
-0.997094 -0.0282921 0.0705917 0 -0.0309484 0.998833 -0.0368231 0 -0.0694688 -0.0389016 -0.996825 0 -0.202986 -0.32014 0.522646 1 
-0.997094 -0.0282923 0.0705958 0 -0.0309487 0.998833 -0.0368222 0 -0.069473 -0.0389008 -0.996825 0 -0.202985 -0.320141 0.522647 1 
-0.997094 -0.0282858 0.0705976 0 -0.030943 0.998833 -0.0368329 0 -0.0694747 -0.0389111 -0.996825 0 -0.202987 -0.32014 0.52265 1 
-0.997095 -0.0282805 0.0705914 0 -0.030937 0.998833 -0.0368263 0 -0.0694689 -0.038904 -0.996825 0 -0.202989 -0.320138 0.522648 1 
-0.997094 -0.0282834 0.0705938 0 -0.03094 0.998833 -0.0368264 0 -0.0694712 -0.0389043 -0.996825 0 -0.202988 -0.32014 0.522647 1 
-0.997094 -0.028291 0.0705983 0 -0.0309481 0.998833 -0.0368314 0 -0.0694752 -0.03891 -0.996825 0 -0.202985 -0.32014 0.52265 1 
-0.997094 -0.0282918 0.0705978 0 -0.0309485 0.998833 -0.0368249 0 -0.0694748 -0.0389036 -0.996825 0 -0.202984 -0.320141 0.522648 1 
-0.997094 -0.0282887 0.0705941 0 -0.0309452 0.998833 -0.0368253 0 -0.0694713 -0.0389036 -0.996825 0 -0.202988 -0.320139 0.522647 1 
-0.997094 -0.0282855 0.0705962 0 -0.0309423 0.998833 -0.0368277 0 -0.0694734 -0.0389058 -0.996825 0 -0.202987 -0.32014 0.522648 1 
-0.997095 -0.0282773 0.0705944 0 -0.0309341 0.998833 -0.0368292 0 -0.0694719 -0.0389067 -0.996825 0 -0.202989 -0.320138 0.522649 1 
-0.997094 -0.0282844 0.0705951 0 -0.0309412 0.998833 -0.0368295 0 -0.0694724 -0.0389076 -0.996825 0 -0.202988 -0.32014 0.522649 1 
-0.997094 -0.0282935 0.0705954 0 -0.0309501 0.998833 -0.0368251 0 -0.0694724 -0.0389037 -0.996825 0 -0.202986 -0.320141 0.522648 1 
-0.997094 -0.0282906 0.070598 0 -0.0309474 0.998833 -0.0368265 0 -0.0694751 -0.0389051 -0.996825 0 -0.202986 -0.320141 0.522648 1 
-0.997094 -0.0282825 0.0705938 0 -0.0309391 0.998833 -0.0368273 0 -0.0694712 -0.0389052 -0.996825 0 -0.202988 -0.32014 0.522648 1 
-0.997094 -0.0282901 0.0705984 0 -0.0309471 0.998833 -0.03683 0 -0.0694754 -0.0389086 -0.996825 0 -0.202985 -0.320142 0.52265 1 
-0.997094 -0.0282885 0.0705963 0 -0.0309451 0.998833 -0.0368252 0 -0.0694735 -0.0389035 -0.996825 0 -0.202986 -0.320141 0.522648 1 
-0.997094 -0.0282838 0.0705968 0 -0.0309407 0.998833 -0.0368285 0 -0.0694741 -0.0389066 -0.996825 0 -0.202987 -0.320139 0.522649 1 
-0.997094 -0.0282835 0.0705958 0 -0.0309404 0.998833 -0.0368293 0 -0.0694731 -0.0389073 -0.996825 0 -0.202988 -0.320139 0.522649 1 
-0.997094 -0.0282837 0.070597 0 -0.0309407 0.998833 -0.0368303 0 -0.0694743 -0.0389084 -0.996825 0 -0.202988 -0.32014 0.52265 1 
-0.997094 -0.0282952 0.0705972 0 -0.030952 0.998833 -0.036826 0 -0.0694741 -0.0389049 -0.996825 0 -0.202985 -0.320141 0.522648 1 
-0.997094 -0.0282892 0.0705956 0 -0.0309456 0.998833 -0.0368234 0 -0.0694729 -0.0389018 -0.996825 0 -0.202985 -0.320141 0.522647 1 
-0.997094 -0.0282864 0.070598 0 -0.0309434 0.998833 -0.0368308 0 -0.0694751 -0.0389091 -0.996825 0 -0.202987 -0.32014 0.52265 1 
-0.997094 -0.0282932 0.0705952 0 -0.03095 0.998833 -0.0368273 0 -0.0694721 -0.038906 -0.996825 0 -0.202986 -0.320141 0.522648 1 
-0.997094 -0.0282932 0.0705996 0 -0.0309503 0.998833 -0.0368296 0 -0.0694765 -0.0389084 -0.996825 0 -0.202986 -0.32014 0.52265 1 
-0.997094 -0.0282865 0.0705963 0 -0.0309432 0.998833 -0.0368271 0 -0.0694736 -0.0389053 -0.996825 0 -0.202987 -0.320141 0.522648 1 
-0.997095 -0.0282795 0.0705944 0 -0.0309361 0.998833 -0.0368259 0 -0.0694719 -0.0389036 -0.996825 0 -0.202988 -0.320139 0.522648 1 
-0.997094 -0.0282863 0.0705962 0 -0.0309431 0.998833 -0.0368267 0 -0.0694734 -0.0389049 -0.996825 0 -0.202986 -0.320141 0.522648 1 
-0.997094 -0.0282815 0.0705944 0 -0.030938 0.998833 -0.0368246 0 -0.0694719 -0.0389024 -0.996825 0 -0.202987 -0.32014 0.522646 1 
-0.997094 -0.0282969 0.0705971 0 -0.0309533 0.998833 -0.0368222 0 -0.069474 -0.0389012 -0.996825 0 -0.202984 -0.320142 0.522647 1 
-0.997094 -0.0282872 0.0705943 0 -0.0309437 0.998833 -0.0368236 0 -0.0694716 -0.0389018 -0.996825 0 -0.202985 -0.32014 0.522646 1 
-0.997094 -0.028282 0.0705959 0 -0.0309391 0.998833 -0.0368331 0 -0.0694731 -0.038911 -0.996825 0 -0.202987 -0.320139 0.52265 1 
-0.997094 -0.028286 0.0705953 0 -0.0309427 0.998833 -0.0368274 0 -0.0694726 -0.0389055 -0.996825 0 -0.202987 -0.32014 0.522648 1 
-0.997094 -0.0282859 0.0705978 0 -0.0309429 0.998833 -0.0368292 0 -0.069475 -0.0389074 -0.996825 0 -0.202987 -0.320141 0.52265 1 
-0.997094 -0.0282904 0.0705967 0 -0.0309472 0.998833 -0.0368269 0 -0.0694738 -0.0389054 -0.996825 0 -0.202986 -0.32014 0.522648 1 
-0.997095 -0.0282711 0.0705972 0 -0.0309286 0.998833 -0.0368377 0 -0.0694747 -0.0389149 -0.996824 0 -0.202993 -0.320137 0.522652 1 
-0.997094 -0.0282935 0.0705986 0 -0.0309506 0.998832 -0.0368314 0 -0.0694755 -0.0389102 -0.996825 0 -0.202985 -0.320142 0.52265 1 
-0.997093 -0.0283135 0.0706082 0 -0.0309707 0.998832 -0.0368258 0 -0.0694844 -0.0389063 -0.996824 0 -0.202975 -0.320147 0.522651 1 
-0.997092 -0.0283079 0.0706116 0 -0.0309661 0.998832 -0.0368386 0 -0.0694877 -0.0389188 -0.996823 0 -0.202979 -0.320145 0.522656 1 
-0.997095 -0.028266 0.0705997 0 -0.0309235 0.998833 -0.036837 0 -0.0694774 -0.038914 -0.996824 0 -0.202994 -0.320136 0.522652 1 
-0.997095 -0.0282566 0.070597 0 -0.0309143 0.998833 -0.0368422 0 -0.069475 -0.0389184 -0.996824 0 -0.202999 -0.320134 0.522653 1 
-0.997092 -0.0283091 0.0706118 0 -0.0309671 0.998832 -0.0368351 0 -0.0694879 -0.0389154 -0.996823 0 -0.20298 -0.320148 0.522654 1 
-0.997091 -0.0283463 0.0706116 0 -0.0310024 0.998832 -0.0368068 0 -0.0694871 -0.0388897 -0.996825 0 -0.202968 -0.320159 0.522644 1 
-0.997091 -0.0283259 0.0706296 0 -0.0309857 0.998831 -0.0368514 0 -0.0695045 -0.0389334 -0.996822 0 -0.202976 -0.320153 0.522663 1 
-0.997091 -0.0283536 0.070616 0 -0.0310111 0.998831 -0.0368253 0 -0.0694906 -0.0389088 -0.996824 0 -0.202964 -0.320165 0.522649 1 
-0.99709 -0.028506 0.0705686 0 -0.0311518 0.998832 -0.0366795 0 -0.0694419 -0.0387718 -0.996832 0 -0.202916 -0.320209 0.522587 1 
-0.99708 -0.0287675 0.0706083 0 -0.0314127 0.998825 -0.0366426 0 -0.0694726 -0.0387543 -0.996831 0 -0.202827 -0.320284 0.522583 1 
-0.99707 -0.0290284 0.0706406 0 -0.0316709 0.998819 -0.0365798 0 -0.0694967 -0.0387106 -0.996831 0 -0.202732 -0.320341 0.522568 1 
-0.997069 -0.0290389 0.0706504 0 -0.0316811 0.998819 -0.0365685 0 -0.0695064 -0.0387003 -0.996831 0 -0.202732 -0.320355 0.52256 1 
-0.996971 -0.0293308 0.0719019 0 -0.0321668 0.998727 -0.0386069 0 -0.0706793 -0.0408036 -0.996664 0 -0.202904 -0.32091 0.522874 1 
-0.996854 -0.0301986 0.0731518 0 -0.0332294 0.998614 -0.0405748 0 -0.0718265 -0.0428788 -0.996495 0 -0.202961 -0.321717 0.523298 1 
-0.996766 -0.031735 0.0736946 0 -0.0348463 0.998528 -0.0413229 0 -0.0722761 -0.0437581 -0.996424 0 -0.202753 -0.322598 0.523603 1 
-0.996696 -0.0334139 0.073904 0 -0.0365695 0.998448 -0.0417655 0 -0.0723952 -0.044331 -0.99639 0 -0.20233 -0.323724 0.523845 1 
-0.99669 -0.0338548 0.073782 0 -0.0370224 0.998422 -0.0419951 0 -0.0722452 -0.0445885 -0.99639 0 -0.201665 -0.32514 0.524012 1 
-0.996708 -0.0339155 0.0735062 0 -0.0370768 0.998417 -0.0420778 0 -0.0719641 -0.0446656 -0.996407 0 -0.200818 -0.326776 0.524061 1 
-0.996695 -0.0345531 0.073392 0 -0.0377382 0.998375 -0.0424636 0 -0.0718069 -0.0450938 -0.996399 0 -0.199827 -0.328821 0.524074 1 
-0.99669 -0.0352137 0.0731381 0 -0.0384142 0.998334 -0.0428244 0 -0.0715096 -0.0454931 -0.996402 0 -0.198692 -0.331263 0.523858 1 
-0.996708 -0.0355758 0.0727165 0 -0.0387584 0.99832 -0.0428346 0 -0.0710719 -0.0455129 -0.996432 0 -0.197499 -0.334033 0.52324 1 
-0.996734 -0.0354811 0.0724083 0 -0.038677 0.998307 -0.0432236 0 -0.0707534 -0.0458839 -0.996438 0 -0.196116 -0.337379 0.522457 1 
-0.996723 -0.0356 0.0724988 0 -0.0388856 0.998246 -0.0444224 0 -0.0707916 -0.047097 -0.996379 0 -0.194601 -0.341329 0.521698 1 
-0.996717 -0.0356259 0.0725757 0 -0.038998 0.998189 -0.0455871 0 -0.0708215 -0.0482686 -0.99632 0 -0.193129 -0.345227 0.520896 1 
-0.996717 -0.0356293 0.0725773 0 -0.0390807 0.998134 -0.0467015 0 -0.0707793 -0.0493855 -0.996269 0 -0.191603 -0.349897 0.519552 1 
-0.996709 -0.0356723 0.0726578 0 -0.0392273 0.998062 -0.0481034 0 -0.0708024 -0.0507963 -0.996196 0 -0.189971 -0.354843 0.51812 1 
-0.996736 -0.0354048 0.0724227 0 -0.0390106 0.998027 -0.0489944 0 -0.0705466 -0.0516608 -0.99617 0 -0.188172 -0.359792 0.516678 1 
-0.99674 -0.0359706 0.0720783 0 -0.0395898 0.997983 -0.0494282 0 -0.0701563 -0.0521216 -0.996173 0 -0.186441 -0.365086 0.514891 1 
-0.99673 -0.035915 0.0722465 0 -0.0396391 0.997913 -0.0507903 0 -0.0702729 -0.053489 -0.996093 0 -0.184699 -0.370438 0.513544 1 
-0.996727 -0.0366381 0.0719293 0 -0.0403687 0.997867 -0.051115 0 -0.0699045 -0.0538525 -0.996099 0 -0.183031 -0.376003 0.511939 1 
-0.9967 -0.036595 0.0723224 0 -0.0404735 0.997769 -0.0529112 0 -0.0702261 -0.0556648 -0.995977 0 -0.181338 -0.382183 0.510496 1 
-0.996729 -0.0365338 0.0719558 0 -0.0404009 0.997765 -0.0530406 0 -0.0698585 -0.0557752 -0.995996 0 -0.17968 -0.388033 0.508881 1 
-0.996732 -0.036135 0.0721108 0 -0.0400883 0.997718 -0.0541493 0 -0.069991 -0.0568643 -0.995926 0 -0.178112 -0.394089 0.50759 1 
-0.996728 -0.0367774 0.0718446 0 -0.0407174 0.997692 -0.054167 0 -0.069688 -0.0569162 -0.995944 0 -0.176312 -0.400863 0.505943 1 
-0.996753 -0.0362426 0.0717732 0 -0.0402368 0.997665 -0.0550092 0 -0.0696133 -0.0577196 -0.995903 0 -0.174649 -0.40725 0.50483 1 
-0.99677 -0.036395 0.0714605 0 -0.0403753 0.997656 -0.0550682 0 -0.0692901 -0.0577766 -0.995922 0 -0.173105 -0.413704 0.503457 1 
-0.996771 -0.0363363 0.0714702 0 -0.0403712 0.997613 -0.0558449 0 -0.0692718 -0.058551 -0.995878 0 -0.17149 -0.420124 0.502385 1 
-0.996771 -0.0361447 0.0715609 0 -0.0402773 0.997542 -0.0571739 0 -0.0693197 -0.0598727 -0.995796 0 -0.169928 -0.42703 0.501322 1 
-0.996802 -0.0363348 0.0710326 0 -0.0403875 0.997577 -0.056475 0 -0.0688099 -0.0591644 -0.995874 0 -0.168292 -0.43381 0.49979 1 
-0.99682 -0.0362617 0.0708154 0 -0.0403249 0.99756 -0.0568164 0 -0.0685837 -0.0594925 -0.99587 0 -0.166577 -0.440271 0.498787 1 
-0.996853 -0.0360671 0.0704622 0 -0.0401115 0.997567 -0.0568518 0 -0.0682416 -0.0595003 -0.995893 0 -0.164896 -0.447174 0.497452 1 
-0.996891 -0.0359445 0.0699827 0 -0.0399106 0.997616 -0.0561236 0 -0.0677998 -0.0587433 -0.995968 0 -0.163248 -0.454031 0.495917 1 
-0.996888 -0.0364493 0.0697588 0 -0.0404054 0.997594 -0.0561645 0 -0.0675451 -0.0588095 -0.995981 0 -0.161364 -0.461203 0.494523 1 
-0.996917 -0.03618 0.0694865 0 -0.0401328 0.997594 -0.056358 0 -0.0672816 -0.0589741 -0.99599 0 -0.159583 -0.468178 0.493166 1 
-0.996956 -0.0360972 0.0689696 0 -0.0399372 0.99767 -0.0551336 0 -0.0668201 -0.0577213 -0.996094 0 -0.158055 -0.474768 0.491304 1 
-0.996951 -0.0364933 0.0688237 0 -0.0403082 0.997669 -0.0548803 0 -0.0666618 -0.0574883 -0.996118 0 -0.156458 -0.481336 0.489793 1 
-0.996973 -0.0361378 0.068694 0 -0.0399671 0.997665 -0.055212 0 -0.0665396 -0.0577915 -0.996109 0 -0.154798 -0.488296 0.488091 1 
-0.996977 -0.0363399 0.0685394 0 -0.040152 0.997664 -0.0550877 0 -0.0663787 -0.0576742 -0.996126 0 -0.153386 -0.495364 0.485939 1 
-0.99697 -0.0365786 0.0685069 0 -0.0403919 0.997652 -0.055131 0 -0.0663307 -0.0577322 -0.996126 0 -0.152075 -0.502254 0.48378 1 
-0.996977 -0.0363754 0.0685121 0 -0.0401995 0.997651 -0.0552907 0 -0.0663413 -0.0578788 -0.996117 0 -0.150811 -0.508621 0.481868 1 
-0.996986 -0.0363561 0.0684002 0 -0.0401462 0.997676 -0.0548769 0 -0.0662474 -0.0574586 -0.996147 0 -0.149592 -0.515088 0.479488 1 
-0.997016 -0.0361671 0.0680564 0 -0.0398596 0.997751 -0.0537042 0 -0.0659624 -0.0562578 -0.996235 0 -0.148549 -0.521262 0.476928 1 
-0.997027 -0.0357026 0.0681415 0 -0.0394225 0.99775 -0.0540491 0 -0.0660598 -0.0565758 -0.99621 0 -0.147607 -0.527671 0.474748 1 
-0.997039 -0.0355834 0.06803 0 -0.039268 0.99778 -0.0536139 0 -0.0659725 -0.0561276 -0.996242 0 -0.14675 -0.534005 0.472081 1 
-0.997054 -0.0356346 0.0677842 0 -0.0392557 0.99782 -0.0528614 0 -0.065754 -0.0553677 -0.996299 0 -0.145964 -0.540006 0.469286 1 
-0.99707 -0.0355482 0.0675975 0 -0.0391219 0.997855 -0.0522993 0 -0.0655947 -0.0547917 -0.996341 0 -0.145166 -0.545901 0.466664 1 
-0.997067 -0.0357266 0.0675397 0 -0.0392824 0.997861 -0.0520726 0 -0.0655361 -0.0545741 -0.996357 0 -0.144532 -0.551619 0.464016 1 
-0.997101 -0.0353702 0.0672317 0 -0.0388279 0.997942 -0.0508387 0 -0.0652965 -0.0533028 -0.996441 0 -0.144059 -0.557101 0.460862 1 
-0.997091 -0.0351022 0.0675099 0 -0.0385958 0.997935 -0.0511605 0 -0.0655759 -0.0536183 -0.996406 0 -0.143828 -0.562683 0.458234 1 
-0.997075 -0.0349843 0.0678088 0 -0.0384939 0.997939 -0.0511599 0 -0.0658805 -0.0536215 -0.996386 0 -0.143823 -0.568024 0.455241 1 
-0.997028 -0.0353339 0.0683225 0 -0.0388469 0.997944 -0.0507916 0 -0.0663886 -0.0532958 -0.996369 0 -0.144165 -0.573541 0.452016 1 
-0.996972 -0.0354877 0.0690513 0 -0.03905 0.997928 -0.0509414 0 -0.0671018 -0.0534846 -0.996312 0 -0.144906 -0.578405 0.449339 1 
-0.996941 -0.0355236 0.0694849 0 -0.0390386 0.997981 -0.0499006 0 -0.0675732 -0.0524615 -0.996334 0 -0.145924 -0.582923 0.446278 1 
-0.996902 -0.0350673 0.0702605 0 -0.0385734 0.998035 -0.0491804 0 -0.0683991 -0.0517392 -0.996316 0 -0.147457 -0.587119 0.443769 1 
-0.996886 -0.0337765 0.0711253 0 -0.0372977 0.998104 -0.048775 0 -0.0693443 -0.0512769 -0.996274 0 -0.149522 -0.591224 0.441274 1 
-0.99687 -0.0322251 0.0720592 0 -0.0357391 0.998197 -0.0480203 0 -0.0703832 -0.0504463 -0.996244 0 -0.151801 -0.59472 0.439148 1 
-0.996855 -0.0304615 0.0730208 0 -0.0340331 0.998249 -0.0481763 0 -0.0714269 -0.0505109 -0.996166 0 -0.15478 -0.5983 0.437154 1 
-0.996851 -0.0291431 0.0736235 0 -0.0326964 0.998325 -0.0475264 0 -0.0721165 -0.0497849 -0.996153 0 -0.157709 -0.60127 0.435379 1 
-0.996851 -0.0277072 0.074172 0 -0.031268 0.998382 -0.0472839 0 -0.0727434 -0.0494552 -0.996124 0 -0.161171 -0.604093 0.433624 1 
-0.99683 -0.0270668 0.0746906 0 -0.030645 0.998406 -0.0471836 0 -0.0732959 -0.0493239 -0.99609 0 -0.164783 -0.606693 0.432241 1 
-0.996813 -0.0269999 0.0749321 0 -0.0305156 0.998457 -0.0461769 0 -0.0735712 -0.0483173 -0.996119 0 -0.168678 -0.609119 0.430278 1 
-0.996767 -0.0272214 0.0754653 0 -0.0307696 0.998446 -0.0462597 0 -0.0740901 -0.0484331 -0.996075 0 -0.172444 -0.611205 0.429162 1 
-0.996767 -0.026668 0.0756654 0 -0.0301484 0.998512 -0.0452336 0 -0.0743479 -0.0473694 -0.996107 0 -0.176681 -0.613207 0.427245 1 
-0.99674 -0.0263122 0.0761436 0 -0.0298129 0.998523 -0.0452084 0 -0.0748431 -0.047332 -0.996071 0 -0.180879 -0.614998 0.425884 1 
-0.996708 -0.0263932 0.0765303 0 -0.0298809 0.99854 -0.0447918 0 -0.0752377 -0.046932 -0.996061 0 -0.185215 -0.616643 0.424481 1 
-0.996697 -0.0263799 0.0766795 0 -0.0297972 0.998588 -0.0437689 0 -0.0754181 -0.04591 -0.996095 0 -0.189488 -0.618294 0.422336 1 
-0.99669 -0.0254475 0.0770831 0 -0.0288925 0.998608 -0.043911 0 -0.0758598 -0.0459936 -0.996057 0 -0.193584 -0.619762 0.42086 1 
-0.996687 -0.0252526 0.0771852 0 -0.0286229 0.998661 -0.0428748 0 -0.0760006 -0.0449429 -0.996094 0 -0.198137 -0.62112 0.418775 1 
-0.996668 -0.025681 0.0772903 0 -0.0290085 0.998677 -0.0422408 0 -0.0761047 -0.044343 -0.996113 0 -0.202526 -0.622466 0.416356 1 
-0.996639 -0.0255665 0.0777074 0 -0.0289227 0.998673 -0.0423766 0 -0.0765224 -0.0444825 -0.996075 0 -0.206574 -0.623652 0.414521 1 
-0.996633 -0.0253239 0.0778621 0 -0.0286168 0.99872 -0.0414699 0 -0.0767137 -0.0435593 -0.996101 0 -0.210768 -0.62473 0.412184 1 
-0.996612 -0.0255085 0.0780622 0 -0.0287505 0.998748 -0.0406914 0 -0.076928 -0.0427987 -0.996118 0 -0.215146 -0.62579 0.409534 1 
-0.996563 -0.0258209 0.078592 0 -0.0291084 0.998726 -0.0409754 0 -0.0774354 -0.0431231 -0.996064 0 -0.219669 -0.626759 0.407333 1 
-0.996524 -0.0260428 0.0790113 0 -0.0293389 0.998725 -0.0408465 0 -0.0778483 -0.0430234 -0.996036 0 -0.224245 -0.62764 0.404908 1 
-0.996462 -0.0265863 0.0796088 0 -0.0299567 0.998682 -0.0414455 0 -0.0784035 -0.0436846 -0.995964 0 -0.229064 -0.628765 0.402054 1 
-0.996397 -0.0270351 0.0802636 0 -0.030521 0.998619 -0.0425252 0 -0.0790046 -0.0448226 -0.995866 0 -0.233807 -0.629672 0.399649 1 
-0.996381 -0.0267977 0.0805483 0 -0.0302601 0.998646 -0.0420756 0 -0.0793132 -0.0443616 -0.995862 0 -0.2389 -0.630216 0.396867 1 
-0.996371 -0.0268386 0.0806495 0 -0.030235 0.998684 -0.041191 0 -0.0794394 -0.0434808 -0.995891 0 -0.243869 -0.630714 0.393552 1 
-0.996351 -0.0271015 0.0808104 0 -0.0305005 0.998679 -0.0411281 0 -0.0795905 -0.0434437 -0.995881 0 -0.24862 -0.631214 0.390529 1 
-0.996349 -0.0268714 0.0809151 0 -0.030235 0.998707 -0.0406352 0 -0.07972 -0.0429341 -0.995892 0 -0.253466 -0.631481 0.387507 1 
-0.996355 -0.027063 0.0807814 0 -0.0303241 0.998753 -0.0394192 0 -0.0796154 -0.0417259 -0.995952 0 -0.258487 -0.631641 0.383742 1 
-0.996364 -0.0272485 0.0806049 0 -0.0304323 0.998784 -0.038537 0 -0.0794583 -0.0408507 -0.996001 0 -0.263343 -0.631701 0.380083 1 
-0.996378 -0.0270494 0.0805013 0 -0.0301876 0.998811 -0.0380239 0 -0.0793786 -0.0403171 -0.996029 0 -0.267601 -0.631689 0.376909 1 
-0.996393 -0.0269309 0.0803578 0 -0.0300073 0.998843 -0.037325 0 -0.0792611 -0.0396024 -0.996067 0 -0.272844 -0.631657 0.372491 1 
-0.996401 -0.02715 0.0801757 0 -0.0301732 0.99886 -0.0367393 0 -0.0790883 -0.039027 -0.996103 0 -0.277698 -0.631516 0.368042 1 
-0.996408 -0.0271526 0.0800905 0 -0.0301358 0.998878 -0.0362776 0 -0.0790171 -0.0385616 -0.996127 0 -0.282358 -0.631274 0.363837 1 
-0.996419 -0.027306 0.0799028 0 -0.0302399 0.998894 -0.0357418 0 -0.07884 -0.0380308 -0.996162 0 -0.286777 -0.631082 0.359516 1 
-0.99645 -0.0277409 0.0793685 0 -0.0305716 0.998921 -0.0346754 0 -0.0783224 -0.0369794 -0.996242 0 -0.291004 -0.630872 0.354882 1 
-0.996479 -0.0271901 0.0791898 0 -0.0300247 0.998933 -0.0348262 0 -0.0781598 -0.037082 -0.996251 0 -0.295424 -0.630807 0.35032 1 
-0.996477 -0.0268733 0.079326 0 -0.0297581 0.99892 -0.0354096 0 -0.0782903 -0.0376462 -0.99622 0 -0.299693 -0.630792 0.345975 1 
-0.996515 -0.027044 0.0787812 0 -0.0298402 0.998948 -0.0345346 0 -0.0777659 -0.0367658 -0.996294 0 -0.303385 -0.63071 0.341191 1 
-0.996543 -0.0269793 0.0784564 0 -0.0297433 0.99896 -0.0342765 0 -0.0774515 -0.0364922 -0.996328 0 -0.307093 -0.630839 0.336128 1 
-0.996571 -0.0264502 0.0782831 0 -0.0292001 0.998979 -0.0341935 0 -0.0773002 -0.0363628 -0.996345 0 -0.311064 -0.630914 0.330876 1 
-0.996591 -0.0265344 0.0779886 0 -0.0292289 0.998998 -0.0336128 0 -0.07702 -0.0357784 -0.996387 0 -0.314406 -0.631009 0.325737 1 
-0.996613 -0.0263417 0.0777735 0 -0.029007 0.999013 -0.0333418 0 -0.0768199 -0.0354855 -0.996413 0 -0.31753 -0.631268 0.320359 1 
-0.996628 -0.026558 0.0775167 0 -0.02921 0.999009 -0.0332811 0 -0.0765575 -0.0354338 -0.996435 0 -0.320627 -0.631648 0.314772 1 
-0.996681 -0.0263504 0.0769033 0 -0.0289171 0.999045 -0.0324543 0 -0.0759761 -0.034571 -0.99651 0 -0.323061 -0.631985 0.309352 1 
-0.996733 -0.0261329 0.07629 0 -0.0286188 0.999079 -0.0316759 0 -0.0753934 -0.0337564 -0.996582 0 -0.325024 -0.632395 0.304207 1 
-0.996751 -0.0255838 0.0762493 0 -0.0281116 0.999074 -0.0322645 0 -0.0753548 -0.0343038 -0.996567 0 -0.327091 -0.633119 0.298915 1 
-0.996816 -0.0252379 0.0755034 0 -0.027668 0.999117 -0.0313136 0 -0.0746479 -0.0333036 -0.996654 0 -0.328707 -0.633627 0.293322 1 
-0.996871 -0.0250736 0.074834 0 -0.027424 0.999147 -0.0305481 0 -0.0740057 -0.0325054 -0.996728 0 -0.329962 -0.634236 0.287663 1 
-0.99691 -0.0248649 0.0743871 0 -0.0271776 0.999163 -0.0302407 0 -0.0735743 -0.0321695 -0.996771 0 -0.330961 -0.635003 0.282063 1 
-0.996963 -0.0249347 0.07364 0 -0.0271626 0.999189 -0.029409 0 -0.0728484 -0.0313206 -0.996851 0 -0.331518 -0.635765 0.276412 1 
-0.997001 -0.0254614 0.0729443 0 -0.0276368 0.999189 -0.0289702 0 -0.0721489 -0.0308998 -0.996915 0 -0.331748 -0.63671 0.270358 1 
-0.997033 -0.0263413 0.0721974 0 -0.0284674 0.999176 -0.0285795 0 -0.0713865 -0.0305506 -0.996981 0 -0.331616 -0.637637 0.264763 1 
-0.997067 -0.0274883 0.0712872 0 -0.0295344 0.999167 -0.0278087 0 -0.0704647 -0.0298332 -0.997068 0 -0.331231 -0.638512 0.259175 1 
-0.997126 -0.0288077 0.069935 0 -0.0307245 0.999167 -0.0264886 0 -0.069115 -0.0285618 -0.9972 0 -0.330555 -0.639368 0.252867 1 
-0.997148 -0.029657 0.069256 0 -0.0315771 0.999132 -0.0267961 0 -0.0684025 -0.0289072 -0.997239 0 -0.329722 -0.640407 0.246992 1 
-0.997185 -0.0304296 0.0683846 0 -0.0322909 0.999123 -0.0262799 0 -0.0675263 -0.0284147 -0.997313 0 -0.32869 -0.641103 0.241644 1 
-0.997227 -0.0312525 0.0673999 0 -0.0330296 0.999122 -0.025415 0 -0.0665477 -0.0275712 -0.997402 0 -0.327549 -0.641636 0.2361 1 
-0.997292 -0.0316926 0.0662159 0 -0.0333523 0.999143 -0.0241111 0 -0.0653963 -0.0262548 -0.997514 0 -0.326294 -0.641905 0.230648 1 
-0.997329 -0.0316627 0.0656681 0 -0.033302 0.999147 -0.0240191 0 -0.0648528 -0.0261424 -0.997552 0 -0.32496 -0.642213 0.225312 1 
-0.997363 -0.0316759 0.0651512 0 -0.0332817 0.999155 -0.0237102 0 -0.0643463 -0.0258165 -0.997594 0 -0.323484 -0.642305 0.220317 1 
-0.997395 -0.0319124 0.0645412 0 -0.0334673 0.999162 -0.0231563 0 -0.0637494 -0.0252565 -0.997646 0 -0.321963 -0.642156 0.215738 1 
-0.997451 -0.0320015 0.0636236 0 -0.0334658 0.999186 -0.0220837 0 -0.0628663 -0.0241571 -0.99773 0 -0.320259 -0.641685 0.211048 1 
-0.997498 -0.0314334 0.0631704 0 -0.0328812 0.999207 -0.0220106 0 -0.0624297 -0.0240331 -0.99776 0 -0.318538 -0.641208 0.206556 1 
-0.997559 -0.0310064 0.0624095 0 -0.0323933 0.999238 -0.0213333 0 -0.0617016 -0.0233033 -0.997823 0 -0.316673 -0.640399 0.202321 1 
-0.997636 -0.0303458 0.0614954 0 -0.0316574 0.99928 -0.020468 0 -0.0608312 -0.0223669 -0.997897 0 -0.314477 -0.639236 0.197802 1 
-0.997707 -0.029745 0.0606368 0 -0.0309891 0.999316 -0.0196794 0 -0.0600111 -0.0215138 -0.997966 0 -0.312304 -0.638003 0.19369 1 
-0.997766 -0.0291293 0.0599541 0 -0.0303329 0.999345 -0.019264 0 -0.0593548 -0.02104 -0.998015 0 -0.31014 -0.636729 0.189686 1 
-0.997824 -0.0288073 0.0591533 0 -0.0299565 0.999368 -0.0186329 0 -0.0585803 -0.0203648 -0.998075 0 -0.30773 -0.635252 0.185552 1 
-0.997882 -0.0284972 0.0583094 0 -0.0295881 0.999392 -0.0179316 0 -0.0577641 -0.0196192 -0.998137 0 -0.305265 -0.633676 0.181573 1 
-0.997922 -0.0282034 0.0577633 0 -0.0292788 0.999402 -0.0178569 0 -0.0572263 -0.0195114 -0.998171 0 -0.302613 -0.632082 0.177597 1 
-0.997953 -0.0283413 0.0571656 0 -0.0294012 0.9994 -0.0177853 0 -0.0566283 -0.01943 -0.998206 0 -0.299508 -0.630165 0.173329 1 
-0.997968 -0.0285814 0.0567711 0 -0.0296331 0.999393 -0.0177696 0 -0.0562298 -0.0194162 -0.998229 0 -0.296632 -0.628374 0.169918 1 
-0.997982 -0.0289395 0.0563461 0 -0.0299946 0.999379 -0.0179704 0 -0.0557921 -0.0196246 -0.99825 0 -0.293411 -0.62647 0.166786 1 
-0.998008 -0.029004 0.0558563 0 -0.0300567 0.999375 -0.0180998 0 -0.0552975 -0.0197429 -0.998275 0 -0.290107 -0.62446 0.163868 1 
-0.998032 -0.0292552 0.0552893 0 -0.030286 0.999371 -0.0178988 0 -0.054732 -0.0195385 -0.99831 0 -0.286647 -0.622359 0.160975 1 
-0.998061 -0.0289237 0.0549424 0 -0.0299517 0.99938 -0.0179792 0 -0.0543894 -0.0195904 -0.998328 0 -0.282991 -0.620173 0.158197 1 
-0.998059 -0.0289154 0.0549827 0 -0.0299918 0.999363 -0.0188541 0 -0.0544035 -0.0204669 -0.998309 0 -0.279341 -0.617999 0.155949 1 
-0.998061 -0.0290654 0.0548695 0 -0.0301666 0.999348 -0.0193483 0 -0.0542724 -0.0209664 -0.998306 0 -0.275785 -0.615751 0.154365 1 
-0.998071 -0.0291646 0.0546223 0 -0.0302815 0.999337 -0.0197317 0 -0.0540117 -0.0213481 -0.998312 0 -0.271979 -0.613338 0.1528 1 
-0.998091 -0.0291856 0.0542436 0 -0.0303087 0.999331 -0.0199991 0 -0.0536246 -0.0216054 -0.998327 0 -0.268115 -0.610856 0.151407 1 
-0.998083 -0.0290393 0.0544745 0 -0.0302465 0.999302 -0.021469 0 -0.053814 -0.0230759 -0.998284 0 -0.264036 -0.608516 0.150996 1 
-0.998093 -0.0295524 0.0540092 0 -0.030738 0.999292 -0.0212546 0 -0.0533439 -0.0228747 -0.998314 0 -0.259835 -0.605971 0.15041 1 
-0.998111 -0.0295205 0.0537023 0 -0.0307238 0.999282 -0.0217216 0 -0.0530235 -0.0233309 -0.998321 0 -0.255667 -0.603485 0.150235 1 
-0.998118 -0.0297858 0.0534267 0 -0.030997 0.999268 -0.0219869 0 -0.0527337 -0.0236021 -0.99833 0 -0.251425 -0.600968 0.150763 1 
-0.998144 -0.0297597 0.0529461 0 -0.0309581 0.99927 -0.02196 0 -0.0522549 -0.0235588 -0.998356 0 -0.247356 -0.598545 0.151002 1 
-0.99813 -0.0298496 0.0531603 0 -0.0311366 0.999228 -0.0235481 0 -0.0524173 -0.0251598 -0.998308 0 -0.243189 -0.596305 0.152179 1 
-0.998137 -0.030202 0.0528291 0 -0.031493 0.999211 -0.0237779 0 -0.0520703 -0.0253979 -0.99832 0 -0.238833 -0.593866 0.152796 1 
-0.998134 -0.0303592 0.0528017 0 -0.0317051 0.999179 -0.0248413 0 -0.0520051 -0.0264695 -0.998296 0 -0.234629 -0.591821 0.154016 1 
-0.998154 -0.0304657 0.0523642 0 -0.0317893 0.999181 -0.0246312 0 -0.0515719 -0.0262508 -0.998324 0 -0.230178 -0.589466 0.155074 1 
-0.998143 -0.0309598 0.0522781 0 -0.0323189 0.999146 -0.0253565 0 -0.0514494 -0.0269995 -0.998311 0 -0.225913 -0.587446 0.156029 1 
-0.998122 -0.0317592 0.0522031 0 -0.0331555 0.9991 -0.0261024 0 -0.0513281 -0.0277847 -0.998295 0 -0.221786 -0.585434 0.157259 1 
-0.998124 -0.0324725 0.0517276 0 -0.0338364 0.999087 -0.0257132 0 -0.0508464 -0.0274157 -0.99833 0 -0.217754 -0.583348 0.157726 1 
-0.998126 -0.0328221 0.0514499 0 -0.0341909 0.999069 -0.0259546 0 -0.0505511 -0.0276656 -0.998338 0 -0.214036 -0.581514 0.158331 1 
-0.998121 -0.0331195 0.0513706 0 -0.0344997 0.999051 -0.0262173 0 -0.0504545 -0.0279409 -0.998335 0 -0.210452 -0.57969 0.158969 1 
-0.99812 -0.0334102 0.0512033 0 -0.0347921 0.999038 -0.0263399 0 -0.0502749 -0.0280724 -0.998341 0 -0.207154 -0.577851 0.158796 1 
-0.998109 -0.0335221 0.0513387 0 -0.0349597 0.999004 -0.0273663 0 -0.0503711 -0.0291099 -0.998306 0 -0.204253 -0.576271 0.158508 1 
-0.998098 -0.0338842 0.0513103 0 -0.0353402 0.998981 -0.0277402 0 -0.050319 -0.0295013 -0.998297 0 -0.201594 -0.574575 0.158033 1 
-0.998109 -0.0338092 0.0511406 0 -0.0352657 0.99898 -0.0278509 0 -0.0501478 -0.0296023 -0.998303 0 -0.199154 -0.572894 0.157312 1 
-0.998118 -0.0336293 0.051095 0 -0.0350996 0.998978 -0.028155 0 -0.0500969 -0.029896 -0.998297 0 -0.196887 -0.571308 0.156225 1 
-0.998123 -0.0337041 0.0509395 0 -0.0351709 0.998974 -0.0281767 0 -0.0499386 -0.029916 -0.998304 0 -0.194855 -0.569815 0.154696 1 
-0.998127 -0.0338784 0.0507468 0 -0.0353433 0.998966 -0.028253 0 -0.0497382 -0.0299942 -0.998312 0 -0.192991 -0.568525 0.152873 1 
-0.998112 -0.0341431 0.0508712 0 -0.035666 0.998923 -0.0293349 0 -0.0498158 -0.0310945 -0.998274 0 -0.191352 -0.567618 0.150866 1 
-0.998099 -0.0343797 0.0509586 0 -0.0359493 0.998887 -0.0302121 0 -0.0498642 -0.0319873 -0.998244 0 -0.189745 -0.56659 0.148364 1 
-0.998093 -0.0346321 0.0509166 0 -0.0362127 0.99887 -0.0304548 0 -0.0498053 -0.0322411 -0.998238 0 -0.18842 -0.565587 0.145846 1 
-0.99808 -0.0350175 0.0509018 0 -0.0366218 0.998841 -0.0309328 0 -0.0497605 -0.0327382 -0.998224 0 -0.187259 -0.564695 0.143213 1 
-0.998089 -0.0350664 0.0506975 0 -0.0366651 0.998838 -0.0309561 0 -0.0495541 -0.0327564 -0.998234 0 -0.186253 -0.563801 0.140411 1 
-0.998089 -0.0348444 0.0508522 0 -0.0364884 0.998819 -0.0317677 0 -0.0496862 -0.0335632 -0.998201 0 -0.185564 -0.563153 0.137696 1 
-0.998086 -0.0345361 0.0511075 0 -0.0362314 0.998801 -0.032625 0 -0.0499205 -0.0344149 -0.99816 0 -0.185048 -0.562458 0.134651 1 
-0.998071 -0.0346139 0.0513444 0 -0.0363316 0.998788 -0.0329064 0 -0.0501441 -0.034709 -0.998139 0 -0.184806 -0.561849 0.131861 1 
-0.998049 -0.0346492 0.0517547 0 -0.0364225 0.998758 -0.0337235 0 -0.0505229 -0.0355435 -0.99809 0 -0.184803 -0.561521 0.129116 1 
-0.998039 -0.0346081 0.0519747 0 -0.0364028 0.998749 -0.0339902 0 -0.0507343 -0.0358162 -0.99807 0 -0.184948 -0.561309 0.126409 1 
-0.998033 -0.0345418 0.0521279 0 -0.0363524 0.998744 -0.0341957 0 -0.0508822 -0.0360241 -0.998055 0 -0.185236 -0.561232 0.123531 1 
-0.998022 -0.0343881 0.0524354 0 -0.0362554 0.998717 -0.0350851 0 -0.0511626 -0.0369175 -0.998008 0 -0.185631 -0.5613 0.120496 1 
-0.998011 -0.0343038 0.0527084 0 -0.0362026 0.998704 -0.0355027 0 -0.0514232 -0.037341 -0.997979 0 -0.186056 -0.561311 0.117555 1 
-0.997991 -0.0342655 0.053103 0 -0.0362042 0.998687 -0.0359865 0 -0.0518011 -0.0378375 -0.99794 0 -0.186579 -0.561445 0.114736 1 
-0.997973 -0.034268 0.0534484 0 -0.0362244 0.998683 -0.0360736 0 -0.0521428 -0.0379373 -0.997919 0 -0.187151 -0.56156 0.111823 1 
-0.997958 -0.0343375 0.0536743 0 -0.036279 0.998697 -0.0356251 0 -0.0523821 -0.0375003 -0.997923 0 -0.18771 -0.561537 0.108771 1 
-0.997935 -0.0343455 0.0540971 0 -0.0363073 0.998693 -0.0357081 0 -0.052801 -0.0375992 -0.997897 0 -0.188368 -0.561685 0.105866 1 
-0.997909 -0.0341608 0.0546861 0 -0.0361978 0.998661 -0.0367022 0 -0.0533601 -0.0386057 -0.997829 0 -0.189062 -0.562087 0.103407 1 
-0.997902 -0.0339103 0.0549851 0 -0.0359741 0.998658 -0.0369882 0 -0.0536581 -0.0388894 -0.997802 0 -0.189738 -0.562325 0.100509 1 
-0.997903 -0.0336681 0.055113 0 -0.0357205 0.998679 -0.0366883 0 -0.053806 -0.0385807 -0.997806 0 -0.190404 -0.562386 0.0974194 1 
-0.997905 -0.0332901 0.0553057 0 -0.0353535 0.998689 -0.0367601 0 -0.0540105 -0.0386391 -0.997793 0 -0.191084 -0.562549 0.094789 1 
-0.997911 -0.0327432 0.055522 0 -0.0348366 0.998692 -0.0371645 0 -0.0542335 -0.0390218 -0.997766 0 -0.1918 -0.562859 0.09242 1 
-0.997921 -0.0322446 0.0556224 0 -0.0343341 0.998715 -0.0370287 0 -0.054358 -0.0388622 -0.997765 0 -0.192562 -0.563101 0.0897206 1 
-0.997938 -0.0317628 0.055608 0 -0.0338191 0.998754 -0.0364349 0 -0.0543825 -0.0382411 -0.997788 0 -0.193341 -0.563285 0.0869712 1 
-0.99793 -0.0313315 0.0559834 0 -0.0334167 0.998758 -0.036706 0 -0.0547648 -0.0385015 -0.997757 0 -0.19427 -0.563754 0.0844549 1 
-0.997912 -0.0310716 0.0564527 0 -0.0331969 0.99875 -0.0371061 0 -0.0552303 -0.0389034 -0.997715 0 -0.195153 -0.564347 0.0823885 1 
-0.997896 -0.0308465 0.0568586 0 -0.0330121 0.99874 -0.0375497 0 -0.0556298 -0.0393484 -0.997676 0 -0.195996 -0.564955 0.0802708 1 
-0.997884 -0.0305163 0.0572384 0 -0.0327275 0.998728 -0.0381001 0 -0.056004 -0.0398935 -0.997633 0 -0.196863 -0.565611 0.0780868 1 
-0.997867 -0.0302758 0.0576709 0 -0.0325369 0.998712 -0.0386788 0 -0.0564267 -0.0404735 -0.997586 0 -0.197705 -0.566329 0.0762105 1 
-0.997858 -0.0301584 0.0578869 0 -0.032424 0.998719 -0.0386075 0 -0.0566495 -0.0404025 -0.997576 0 -0.198344 -0.566903 0.0748288 1 
-0.997855 -0.0300519 0.0579861 0 -0.0322774 0.998753 -0.0378319 0 -0.056778 -0.0396231 -0.9976 0 -0.199172 -0.56768 0.0727958 1 
-0.997858 -0.0300189 0.0579559 0 -0.0321973 0.998786 -0.0370261 0 -0.0567752 -0.0388136 -0.997632 0 -0.19975 -0.568273 0.0710078 1 
-0.997852 -0.0300907 0.0580247 0 -0.0322448 0.998802 -0.0365509 0 -0.0568565 -0.0383441 -0.997646 0 -0.200236 -0.568938 0.0694822 1 
-0.997841 -0.0302385 0.0581377 0 -0.0323803 0.998808 -0.0362573 0 -0.0569731 -0.0380623 -0.99765 0 -0.200647 -0.569683 0.0682429 1 
-0.99783 -0.0304297 0.0582188 0 -0.0325602 0.998812 -0.0360014 0 -0.0570552 -0.0378196 -0.997654 0 -0.200966 -0.570421 0.067148 1 
-0.997825 -0.0306362 0.0581933 0 -0.0327431 0.99882 -0.0356031 0 -0.057035 -0.0374318 -0.99767 0 -0.201175 -0.571013 0.0661367 1 
-0.997819 -0.0309449 0.058146 0 -0.03302 0.99883 -0.0350717 0 -0.0569938 -0.0369159 -0.997692 0 -0.201385 -0.571679 0.0648786 1 
-0.99781 -0.0311993 0.058167 0 -0.0332608 0.998831 -0.0348146 0 -0.0570139 -0.0366738 -0.9977 0 -0.201553 -0.572223 0.0639188 1 
-0.997805 -0.0312989 0.0581929 0 -0.0333542 0.998832 -0.034689 0 -0.0570403 -0.0365545 -0.997702 0 -0.201748 -0.572748 0.0630598 1 
-0.997806 -0.0313576 0.0581365 0 -0.0333924 0.998842 -0.0343657 0 -0.0569926 -0.0362323 -0.997717 0 -0.201925 -0.573168 0.0622352 1 
-0.99781 -0.0313547 0.0580759 0 -0.0333707 0.998852 -0.0340754 0 -0.0569419 -0.0359395 -0.99773 0 -0.202072 -0.573444 0.0616244 1 
-0.997817 -0.0312778 0.0579916 0 -0.0332711 0.998867 -0.0337309 0 -0.056872 -0.0355874 -0.997747 0 -0.202233 -0.573604 0.0610649 1 
-0.997827 -0.0311727 0.0578846 0 -0.0331383 0.998886 -0.0333132 0 -0.0567827 -0.0351597 -0.997767 0 -0.202399 -0.573676 0.0604808 1 
-0.997836 -0.0311462 0.0577481 0 -0.0330754 0.998906 -0.0327584 0 -0.0566657 -0.0345982 -0.997794 0 -0.202574 -0.573602 0.0598244 1 
-0.997845 -0.0311113 0.0576035 0 -0.0330082 0.998924 -0.0322766 0 -0.0565385 -0.0341091 -0.997818 0 -0.20274 -0.57343 0.0591193 1 
-0.997855 -0.0309845 0.0574915 0 -0.0328537 0.998943 -0.0318581 0 -0.0564447 -0.0336792 -0.997838 0 -0.202927 -0.57318 0.0582905 1 
-0.997865 -0.0308504 0.0574036 0 -0.0326975 0.998958 -0.0315217 0 -0.0563724 -0.033332 -0.997853 0 -0.203124 -0.572898 0.0574394 1 
-0.99787 -0.0306537 0.0574123 0 -0.0325 0.998965 -0.0315062 0 -0.0563882 -0.0333057 -0.997853 0 -0.20336 -0.572664 0.0565584 1 
-0.997867 -0.0304476 0.0575726 0 -0.0323215 0.998959 -0.0319018 0 -0.0565425 -0.0336953 -0.997831 0 -0.203653 -0.572503 0.0555896 1 
-0.99786 -0.0302967 0.0577849 0 -0.0322023 0.998948 -0.0323367 0 -0.0567455 -0.0341289 -0.997805 0 -0.203978 -0.572338 0.0545915 1 
-0.997851 -0.030118 0.0580241 0 -0.0320638 0.998935 -0.0329002 0 -0.0569725 -0.0346906 -0.997773 0 -0.204309 -0.572199 0.0536175 1 
-0.997846 -0.0299387 0.0582082 0 -0.0319051 0.998931 -0.033151 0 -0.0571546 -0.0349374 -0.997754 0 -0.204675 -0.571977 0.052573 1 
-0.997852 -0.0296932 0.0582255 0 -0.0316442 0.998949 -0.0328753 0 -0.0571892 -0.0346479 -0.997762 0 -0.205037 -0.571625 0.0514623 1 
-0.997854 -0.0295201 0.0582824 0 -0.0314601 0.998962 -0.0326527 0 -0.0572591 -0.0344169 -0.997766 0 -0.205409 -0.571286 0.0504035 1 
-0.997848 -0.0293691 0.0584522 0 -0.0313182 0.998964 -0.032712 0 -0.0574321 -0.0344729 -0.997754 0 -0.205777 -0.571025 0.0494171 1 
-0.997835 -0.0293479 0.0586884 0 -0.0313125 0.99896 -0.0328398 0 -0.0576647 -0.034607 -0.997736 0 -0.206133 -0.570802 0.0485203 1 
-0.997815 -0.029242 0.0590784 0 -0.0312569 0.998941 -0.0334726 0 -0.0580381 -0.0352467 -0.997692 0 -0.206538 -0.570673 0.0476348 1 
-0.997797 -0.0291114 0.0594427 0 -0.0311791 0.99892 -0.0341587 0 -0.0583852 -0.0359375 -0.997647 0 -0.206898 -0.570567 0.0468238 1 
-0.99778 -0.0290178 0.0597847 0 -0.0311297 0.998903 -0.0347009 0 -0.0587133 -0.0364856 -0.997608 0 -0.207254 -0.570437 0.0459428 1 
-0.997771 -0.0288723 0.0600037 0 -0.0310213 0.998889 -0.0351955 0 -0.058922 -0.0369792 -0.997577 0 -0.207526 -0.570342 0.0450729 1 
-0.997776 -0.0286747 0.0600209 0 -0.0308286 0.998893 -0.0352716 0 -0.0589441 -0.0370442 -0.997574 0 -0.207718 -0.570167 0.0441805 1 
-0.997786 -0.0285464 0.0599098 0 -0.0306804 0.998906 -0.0350073 0 -0.0588461 -0.0367685 -0.99759 0 -0.207829 -0.569942 0.0432808 1 
-0.997793 -0.0285052 0.0598054 0 -0.0306186 0.998918 -0.0347239 0 -0.0587521 -0.0364792 -0.997606 0 -0.207899 -0.569732 0.0424491 1 
-0.997797 -0.0285042 0.0597427 0 -0.0306077 0.998923 -0.0345947 0 -0.0586934 -0.0363477 -0.997614 0 -0.207931 -0.56958 0.0417544 1 
-0.997799 -0.0285722 0.0596782 0 -0.030666 0.998926 -0.0344684 0 -0.0586304 -0.0362234 -0.997622 0 -0.207915 -0.569483 0.0412002 1 
-0.997802 -0.0286792 0.0595805 0 -0.0307581 0.998929 -0.034272 0 -0.0585349 -0.0360299 -0.997635 0 -0.207852 -0.569409 0.0407935 1 
-0.997801 -0.0287955 0.0595307 0 -0.0308644 0.998931 -0.0341312 0 -0.0584854 -0.0358943 -0.997643 0 -0.207799 -0.569369 0.0405656 1 
-0.997797 -0.0288849 0.0595683 0 -0.0309584 0.998926 -0.0341831 0 -0.0585181 -0.0359526 -0.997639 0 -0.207783 -0.569406 0.040539 1 
-0.99779 -0.0289383 0.0596494 0 -0.0310278 0.998917 -0.0344061 0 -0.0585902 -0.0361815 -0.997626 0 -0.207783 -0.569524 0.0406276 1 
-0.997781 -0.029016 0.0597707 0 -0.0311293 0.998902 -0.0347339 0 -0.0586983 -0.0365182 -0.997608 0 -0.207783 -0.569712 0.040751 1 
-0.99777 -0.0290514 0.0599398 0 -0.0311964 0.998885 -0.0351664 0 -0.0588525 -0.0369586 -0.997582 0 -0.207826 -0.569943 0.0409164 1 
-0.997757 -0.029059 0.0601418 0 -0.031242 0.998865 -0.0356817 0 -0.0590378 -0.0374813 -0.997552 0 -0.207902 -0.570214 0.0411123 1 
-0.997744 -0.0290589 0.0603526 0 -0.0312824 0.998844 -0.0362295 0 -0.0592312 -0.0380365 -0.997519 0 -0.207984 -0.570499 0.0413192 1 
-0.997733 -0.0290441 0.0605532 0 -0.0313056 0.998825 -0.0367387 0 -0.0594162 -0.0385518 -0.997489 0 -0.208067 -0.570762 0.0415146 1 
-0.997721 -0.0290456 0.0607485 0 -0.0313451 0.998805 -0.0372486 0 -0.0595951 -0.0390686 -0.997458 0 -0.208143 -0.571029 0.0417077 1 
-0.997709 -0.0290765 0.060921 0 -0.0314108 0.998785 -0.0377161 0 -0.0597515 -0.0395441 -0.99743 0 -0.208191 -0.571284 0.0418785 1 
-0.997699 -0.0291294 0.0610661 0 -0.0314933 0.998767 -0.038112 0 -0.0598818 -0.0399482 -0.997406 0 -0.208219 -0.571507 0.0420202 1 
-0.997691 -0.0291881 0.0611685 0 -0.0315725 0.998755 -0.038384 0 -0.0599731 -0.0402274 -0.997389 0 -0.208232 -0.571668 0.0421113 1 
-0.997687 -0.0292487 0.0612099 0 -0.0316418 0.998748 -0.0384987 0 -0.0600084 -0.0403472 -0.997382 0 -0.208218 -0.571751 0.0421436 1 
-0.997686 -0.0293071 0.0611957 0 -0.0316982 0.998747 -0.0384755 0 -0.0599926 -0.040327 -0.997384 0 -0.208182 -0.571766 0.0421148 1 
-0.997687 -0.0293789 0.061143 0 -0.0317601 0.99875 -0.0383434 0 -0.0599412 -0.0401974 -0.997392 0 -0.208134 -0.571739 0.042028 1 
-0.997691 -0.029431 0.061057 0 -0.0317957 0.998757 -0.0381261 0 -0.0598602 -0.0399802 -0.997406 0 -0.208088 -0.571683 0.041887 1 
-0.997695 -0.0294993 0.0609473 0 -0.0318429 0.998766 -0.0378466 0 -0.0597568 -0.0397009 -0.997423 0 -0.208027 -0.571613 0.0417005 1 
-0.997701 -0.0295853 0.0608184 0 -0.0319037 0.998777 -0.0375092 0 -0.0596355 -0.039364 -0.997444 0 -0.207956 -0.571532 0.0414768 1 
-0.997707 -0.0296322 0.0606838 0 -0.0319241 0.99879 -0.0371531 0 -0.0595105 -0.0390059 -0.997465 0 -0.207913 -0.571444 0.0412293 1 
-0.997715 -0.0296802 0.0605419 0 -0.0319447 0.998803 -0.036784 0 -0.0593788 -0.0386347 -0.997488 0 -0.207867 -0.571365 0.0409554 1 
-0.997721 -0.0297565 0.0604055 0 -0.031994 0.998815 -0.0364169 0 -0.0592514 -0.0382673 -0.997509 0 -0.207814 -0.571306 0.0406685 1 
-0.997725 -0.0298372 0.0602962 0 -0.0320527 0.998824 -0.0361174 0 -0.0591488 -0.0379686 -0.997527 0 -0.20777 -0.57128 0.0404072 1 
-0.997727 -0.0299171 0.0602202 0 -0.032118 0.998829 -0.0359169 0 -0.0590763 -0.0377701 -0.997539 0 -0.207734 -0.571305 0.0401889 1 
-0.997727 -0.0300212 0.0601613 0 -0.0322098 0.998832 -0.035744 0 -0.0590191 -0.0376013 -0.997548 0 -0.207693 -0.571346 0.0399844 1 
-0.997726 -0.0300998 0.0601444 0 -0.0322841 0.998832 -0.035682 0 -0.0590012 -0.0375433 -0.997552 0 -0.207682 -0.571433 0.0398284 1 
-0.997722 -0.0302014 0.0601641 0 -0.0323891 0.998827 -0.0357254 0 -0.0590157 -0.0375934 -0.997549 0 -0.207676 -0.571601 0.0396853 1 
-0.997714 -0.0303541 0.0602132 0 -0.0325508 0.998818 -0.0358411 0 -0.0590552 -0.0377199 -0.997542 0 -0.20766 -0.571843 0.0395379 1 
-0.997705 -0.0305159 0.0602896 0 -0.0327253 0.998806 -0.0360041 0 -0.0591201 -0.0378952 -0.997531 0 -0.207665 -0.572151 0.0393572 1 
-0.997696 -0.0306215 0.0603807 0 -0.0328466 0.998795 -0.0362078 0 -0.0592003 -0.0381084 -0.997518 0 -0.207716 -0.572499 0.0391588 1 
-0.997689 -0.0307121 0.0604416 0 -0.032947 0.998787 -0.0363324 0 -0.0592536 -0.0382406 -0.99751 0 -0.207776 -0.572829 0.0388908 1 
-0.997686 -0.0308157 0.0604441 0 -0.0330486 0.998785 -0.0362959 0 -0.0592533 -0.0382103 -0.997511 0 -0.207815 -0.573104 0.0385283 1 
-0.997686 -0.0308866 0.0604117 0 -0.0331105 0.998788 -0.0361641 0 -0.0592226 -0.0380814 -0.997518 0 -0.207865 -0.573332 0.0381147 1 
-0.997691 -0.0309351 0.0603106 0 -0.0331377 0.998797 -0.0358698 0 -0.0591296 -0.0377863 -0.997535 0 -0.207901 -0.57348 0.0376267 1 
-0.997696 -0.0310445 0.0601625 0 -0.0332171 0.998809 -0.0354539 0 -0.0589913 -0.0373714 -0.997559 0 -0.207889 -0.573563 0.037045 1 
-0.997664 -0.0310878 0.0606628 0 -0.0333686 0.99875 -0.0369531 0 -0.0594393 -0.0388918 -0.997474 0 -0.20799 -0.57415 0.0372508 1 
-0.997652 -0.0312136 0.0608041 0 -0.0335249 0.998729 -0.037369 0 -0.0595616 -0.0393205 -0.99745 0 -0.207987 -0.57443 0.0373557 1 
-0.997645 -0.0313238 0.0608531 0 -0.0336435 0.998721 -0.0374758 0 -0.0596025 -0.0394356 -0.997443 0 -0.20796 -0.574547 0.037347 1 
-0.997647 -0.0313254 0.060821 0 -0.0336365 0.998726 -0.0373528 0 -0.0595746 -0.0393115 -0.997449 0 -0.207958 -0.574526 0.0372498 1 
