-0.996715 -0.0287974 0.0755686 0 -0.0319395 0.998651 -0.0407049 0 -0.0742959 -0.0429857 -0.996309 0 -0.226443 -0.294175 0.458014 1 
-0.996715 -0.0287952 0.0755696 0 -0.0319376 0.998651 -0.0407088 0 -0.0742968 -0.0429894 -0.996309 0 -0.226443 -0.294175 0.458016 1 
-0.996714 -0.0288034 0.0755766 0 -0.0319461 0.998651 -0.0407085 0 -0.0743035 -0.0429899 -0.996309 0 -0.226441 -0.294177 0.458016 1 
-0.996715 -0.028792 0.0755675 0 -0.0319343 0.998651 -0.0407086 0 -0.0742949 -0.0429889 -0.996309 0 -0.226444 -0.294174 0.458015 1 
-0.996715 -0.0287873 0.0755671 0 -0.0319298 0.998651 -0.0407109 0 -0.0742946 -0.0429909 -0.996309 0 -0.226445 -0.294174 0.458015 1 
-0.996715 -0.0287972 0.0755713 0 -0.0319396 0.998651 -0.0407076 0 -0.0742986 -0.0429884 -0.996309 0 -0.226441 -0.294176 0.458015 1 
-0.996715 -0.028805 0.0755695 0 -0.0319473 0.998651 -0.0407076 0 -0.0742964 -0.0429889 -0.996309 0 -0.22644 -0.294177 0.458015 1 
-0.996715 -0.0287942 0.075574 0 -0.0319371 0.998651 -0.0407132 0 -0.0743012 -0.0429939 -0.996309 0 -0.226443 -0.294176 0.458017 1 
-0.996714 -0.0288026 0.0755753 0 -0.0319453 0.998651 -0.0407084 0 -0.0743022 -0.0429898 -0.996309 0 -0.226441 -0.294178 0.458016 1 
-0.996715 -0.0287998 0.0755731 0 -0.0319425 0.998651 -0.0407098 0 -0.0743001 -0.0429909 -0.996309 0 -0.226442 -0.294177 0.458016 1 
-0.996715 -0.0287969 0.0755681 0 -0.0319392 0.998651 -0.0407081 0 -0.0742953 -0.0429888 -0.996309 0 -0.226444 -0.294174 0.458015 1 
-0.996715 -0.028793 0.0755658 0 -0.031935 0.998651 -0.0407051 0 -0.0742933 -0.0429854 -0.99631 0 -0.226442 -0.294174 0.458014 1 
-0.996714 -0.0288017 0.0755741 0 -0.0319441 0.998651 -0.0407047 0 -0.0743012 -0.042986 -0.996309 0 -0.226441 -0.294178 0.458015 1 
-0.996715 -0.0287932 0.0755685 0 -0.0319356 0.998651 -0.0407096 0 -0.0742958 -0.0429901 -0.996309 0 -0.226442 -0.294175 0.458016 1 
-0.996715 -0.0287912 0.0755674 0 -0.0319335 0.998651 -0.0407081 0 -0.0742948 -0.0429883 -0.996309 0 -0.226443 -0.294173 0.458015 1 
-0.996715 -0.0287977 0.0755742 0 -0.0319406 0.998651 -0.0407129 0 -0.0743012 -0.0429938 -0.996309 0 -0.226442 -0.294176 0.458017 1 
-0.996715 -0.0287913 0.0755702 0 -0.0319341 0.998651 -0.0407136 0 -0.0742975 -0.0429939 -0.996309 0 -0.226444 -0.294174 0.458017 1 
-0.996715 -0.0287952 0.0755756 0 -0.0319383 0.998651 -0.0407152 0 -0.0743026 -0.042996 -0.996308 0 -0.226442 -0.294177 0.458019 1 
-0.996715 -0.0287964 0.0755714 0 -0.0319389 0.998651 -0.0407094 0 -0.0742985 -0.0429901 -0.996309 0 -0.226441 -0.294175 0.458017 1 
-0.996715 -0.0287963 0.0755719 0 -0.0319391 0.998651 -0.0407116 0 -0.0742991 -0.0429924 -0.996309 0 -0.226442 -0.294176 0.458016 1 
-0.996715 -0.0287965 0.0755718 0 -0.031939 0.998651 -0.0407089 0 -0.074299 -0.0429897 -0.996309 0 -0.226442 -0.294176 0.458017 1 
-0.996715 -0.0287906 0.0755702 0 -0.0319333 0.998651 -0.0407115 0 -0.0742976 -0.0429918 -0.996309 0 -0.226443 -0.294175 0.458015 1 
-0.996715 -0.0287956 0.0755677 0 -0.0319378 0.998651 -0.0407069 0 -0.074295 -0.0429875 -0.996309 0 -0.226444 -0.294175 0.458014 1 
-0.996715 -0.0287941 0.0755678 0 -0.0319363 0.998651 -0.0407074 0 -0.0742952 -0.0429878 -0.996309 0 -0.226443 -0.294175 0.458014 1 
-0.996715 -0.028797 0.075568 0 -0.0319388 0.998651 -0.0407025 0 -0.0742954 -0.0429832 -0.99631 0 -0.226442 -0.294175 0.458013 1 
-0.996715 -0.0287967 0.0755671 0 -0.0319387 0.998651 -0.0407046 0 -0.0742945 -0.0429852 -0.996309 0 -0.226442 -0.294176 0.458014 1 
-0.996715 -0.0287981 0.0755707 0 -0.0319409 0.998651 -0.0407133 0 -0.0742977 -0.0429942 -0.996309 0 -0.226443 -0.294176 0.458016 1 
-0.996715 -0.0287932 0.0755703 0 -0.0319358 0.998651 -0.0407114 0 -0.0742976 -0.0429919 -0.996309 0 -0.226444 -0.294175 0.458015 1 
-0.996715 -0.0287958 0.075571 0 -0.0319383 0.998651 -0.0407089 0 -0.0742982 -0.0429896 -0.996309 0 -0.226442 -0.294176 0.458015 1 
-0.996715 -0.0287938 0.0755712 0 -0.0319365 0.998651 -0.0407116 0 -0.0742984 -0.0429922 -0.996309 0 -0.226444 -0.294175 0.458016 1 
-0.996715 -0.0287979 0.0755702 0 -0.0319403 0.998651 -0.0407078 0 -0.0742974 -0.0429886 -0.996309 0 -0.226442 -0.294175 0.458014 1 
-0.996715 -0.0287966 0.0755695 0 -0.0319389 0.998651 -0.0407072 0 -0.0742967 -0.0429879 -0.996309 0 -0.226443 -0.294176 0.458014 1 
-0.996715 -0.0287862 0.0755689 0 -0.0319286 0.998651 -0.0407091 0 -0.0742966 -0.042989 -0.996309 0 -0.226444 -0.294174 0.458015 1 
-0.996715 -0.0287941 0.0755698 0 -0.0319366 0.998651 -0.0407101 0 -0.0742971 -0.0429907 -0.996309 0 -0.226443 -0.294175 0.458016 1 
-0.996715 -0.0287935 0.0755723 0 -0.0319361 0.998651 -0.0407088 0 -0.0742997 -0.0429893 -0.996309 0 -0.226443 -0.294176 0.458015 1 
-0.996715 -0.0287929 0.0755732 0 -0.0319357 0.998651 -0.0407121 0 -0.0743005 -0.0429926 -0.996309 0 -0.226443 -0.294176 0.458018 1 
-0.996715 -0.0287993 0.0755711 0 -0.0319419 0.998651 -0.0407109 0 -0.0742981 -0.0429918 -0.996309 0 -0.226441 -0.294177 0.458015 1 
-0.996715 -0.0287964 0.0755733 0 -0.0319393 0.998651 -0.040713 0 -0.0743004 -0.0429938 -0.996309 0 -0.226443 -0.294176 0.458017 1 
-0.996715 -0.0287887 0.0755677 0 -0.0319307 0.998651 -0.0407053 0 -0.0742953 -0.0429854 -0.996309 0 -0.226444 -0.294174 0.458014 1 
-0.996715 -0.0287896 0.0755704 0 -0.0319322 0.998651 -0.0407113 0 -0.0742978 -0.0429915 -0.996309 0 -0.226443 -0.294174 0.458016 1 
-0.996715 -0.0288025 0.0755687 0 -0.0319446 0.998651 -0.0407041 0 -0.0742958 -0.0429852 -0.996309 0 -0.226442 -0.294176 0.458014 1 
-0.996715 -0.0287927 0.0755714 0 -0.0319356 0.998651 -0.0407133 0 -0.0742986 -0.0429938 -0.996309 0 -0.226445 -0.294174 0.458018 1 
-0.996715 -0.0287975 0.0755689 0 -0.0319399 0.998651 -0.0407081 0 -0.0742961 -0.0429888 -0.996309 0 -0.226442 -0.294175 0.458015 1 
-0.996714 -0.0288007 0.0755771 0 -0.0319438 0.99865 -0.0407137 0 -0.0743039 -0.042995 -0.996308 0 -0.226443 -0.294176 0.458018 1 
-0.996715 -0.0287942 0.075572 0 -0.0319368 0.998651 -0.0407099 0 -0.0742993 -0.0429905 -0.996309 0 -0.226443 -0.294176 0.458016 1 
-0.996715 -0.0287908 0.0755712 0 -0.0319335 0.998651 -0.0407113 0 -0.0742985 -0.0429916 -0.996309 0 -0.226442 -0.294176 0.458016 1 
-0.996713 -0.0288189 0.0755822 0 -0.0319622 0.99865 -0.0407127 0 -0.0743083 -0.0429955 -0.996308 0 -0.226436 -0.294183 0.458019 1 
-0.996713 -0.0288209 0.0755835 0 -0.031964 0.99865 -0.040709 0 -0.0743096 -0.042992 -0.996308 0 -0.226434 -0.294184 0.458018 1 
-0.996714 -0.0288147 0.0755767 0 -0.0319573 0.99865 -0.0407065 0 -0.0743032 -0.0429888 -0.996309 0 -0.226436 -0.294182 0.458016 1 
-0.996714 -0.0288249 0.0755727 0 -0.0319666 0.99865 -0.0406965 0 -0.074299 -0.0429794 -0.996309 0 -0.226432 -0.294181 0.458013 1 
-0.996714 -0.0288094 0.0755721 0 -0.0319516 0.998651 -0.0407047 0 -0.0742989 -0.0429864 -0.996309 0 -0.226436 -0.294179 0.458015 1 
-0.996715 -0.0287886 0.0755718 0 -0.0319313 0.998651 -0.0407118 0 -0.0742992 -0.042992 -0.996309 0 -0.226444 -0.294173 0.458018 1 
-0.996716 -0.0287703 0.0755666 0 -0.031913 0.998651 -0.0407149 0 -0.0742947 -0.0429936 -0.996309 0 -0.22645 -0.294171 0.458016 1 
-0.996717 -0.0287533 0.07556 0 -0.0318959 0.998652 -0.0407173 0 -0.0742888 -0.0429945 -0.99631 0 -0.226455 -0.294164 0.458016 1 
-0.996716 -0.0287598 0.0755727 0 -0.0319036 0.998651 -0.040727 0 -0.0743009 -0.0430051 -0.996308 0 -0.226453 -0.294169 0.458023 1 
-0.996714 -0.0288101 0.0755825 0 -0.0319536 0.99865 -0.0407153 0 -0.0743089 -0.0429975 -0.996308 0 -0.226437 -0.294181 0.458021 1 
-0.996713 -0.0288193 0.0755889 0 -0.0319632 0.99865 -0.0407169 0 -0.0743148 -0.0429999 -0.996307 0 -0.226435 -0.294184 0.458024 1 
-0.996714 -0.028804 0.075582 0 -0.0319475 0.99865 -0.0407166 0 -0.0743086 -0.0429983 -0.996308 0 -0.226439 -0.294181 0.458022 1 
-0.996713 -0.0288157 0.0755857 0 -0.0319594 0.99865 -0.0407152 0 -0.0743119 -0.0429979 -0.996308 0 -0.226437 -0.294183 0.458022 1 
-0.996712 -0.0288367 0.0755951 0 -0.031981 0.998649 -0.0407179 0 -0.0743203 -0.0430025 -0.996307 0 -0.226431 -0.294189 0.458026 1 
-0.996713 -0.0288214 0.0755827 0 -0.0319647 0.99865 -0.0407127 0 -0.0743087 -0.0429957 -0.996308 0 -0.226435 -0.294184 0.458019 1 
-0.996716 -0.0287935 0.0755581 0 -0.0319351 0.998651 -0.0407034 0 -0.0742856 -0.0429835 -0.99631 0 -0.226446 -0.294176 0.45801 1 
-0.996716 -0.0287731 0.0755713 0 -0.0319165 0.998651 -0.0407221 0 -0.0742991 -0.0430012 -0.996308 0 -0.226452 -0.294175 0.45802 1 
-0.996718 -0.0287269 0.075555 0 -0.0318702 0.998652 -0.0407308 0 -0.0742845 -0.0430059 -0.996309 0 -0.226466 -0.294163 0.458017 1 
-0.996722 -0.0287328 0.0755018 0 -0.0318689 0.998655 -0.0406646 0 -0.0742333 -0.0429383 -0.996316 0 -0.226464 -0.29416 0.45798 1 
-0.996722 -0.0288016 0.0754762 0 -0.0319315 0.998656 -0.0405947 0 -0.074207 -0.0428725 -0.996321 0 -0.22644 -0.294179 0.457951 1 
-0.996721 -0.0288888 0.075451 0 -0.0320131 0.998656 -0.0405328 0 -0.07418 -0.0428161 -0.996325 0 -0.226408 -0.294199 0.457922 1 
-0.996723 -0.0289681 0.0753929 0 -0.0320837 0.998657 -0.0404462 0 -0.0741214 -0.0427334 -0.996333 0 -0.226378 -0.294219 0.45788 1 
-0.996725 -0.0291301 0.0753059 0 -0.0322322 0.998658 -0.0403116 0 -0.0740319 -0.0426076 -0.996345 0 -0.226323 -0.294258 0.457813 1 
-0.996726 -0.0293726 0.0752076 0 -0.0324534 0.99866 -0.0400746 0 -0.0739311 -0.0423849 -0.996362 0 -0.22623 -0.294304 0.457704 1 
-0.996692 -0.0293631 0.0756585 0 -0.0325056 0.998635 -0.0406437 0 -0.0743632 -0.0429694 -0.996305 0 -0.226032 -0.294685 0.457708 1 
-0.996671 -0.0295099 0.0758795 0 -0.0327043 0.998606 -0.0412058 0 -0.0745591 -0.043551 -0.996265 0 -0.225501 -0.295306 0.457705 1 
-0.99664 -0.0303745 0.075944 0 -0.0336045 0.998559 -0.0416201 0 -0.0745718 -0.0440332 -0.996243 0 -0.224673 -0.296149 0.457653 1 
-0.996643 -0.0308993 0.0756899 0 -0.0341297 0.998535 -0.0417647 0 -0.0742899 -0.0442086 -0.996256 0 -0.223506 -0.297183 0.457492 1 
-0.996661 -0.031632 0.0751474 0 -0.0348282 0.998517 -0.0416096 0 -0.0737212 -0.0440888 -0.996304 0 -0.222033 -0.2984 0.457213 1 
-0.996704 -0.0319887 0.0744197 0 -0.0351337 0.998518 -0.041342 0 -0.0729883 -0.0438212 -0.99637 0 -0.220404 -0.299735 0.45678 1 
-0.996732 -0.0328947 0.0736546 0 -0.0359866 0.998499 -0.0410509 0 -0.0721951 -0.0435681 -0.996439 0 -0.218465 -0.301402 0.456161 1 
-0.996762 -0.0335031 0.0729652 0 -0.0365617 0.998481 -0.0409944 0 -0.0714823 -0.0435302 -0.996492 0 -0.216498 -0.303268 0.455388 1 
-0.996831 -0.0332495 0.0721374 0 -0.0362577 0.9985 -0.0407992 0 -0.070674 -0.0432862 -0.99656 0 -0.214549 -0.305138 0.454448 1 
-0.996909 -0.0332409 0.0710541 0 -0.0361643 0.998525 -0.0402593 0 -0.0696124 -0.0427053 -0.99666 0 -0.21226 -0.307268 0.453256 1 
-0.996962 -0.0335935 0.0701357 0 -0.036458 0.998526 -0.0399699 0 -0.0686909 -0.0424063 -0.996736 0 -0.209958 -0.309535 0.45202 1 
-0.997005 -0.03348 0.0695693 0 -0.0363426 0.998517 -0.0402967 0 -0.0681183 -0.0427052 -0.996763 0 -0.207711 -0.312029 0.450738 1 
-0.997001 -0.0340459 0.0693599 0 -0.0369529 0.998463 -0.0410682 0 -0.0678564 -0.043509 -0.996746 0 -0.20531 -0.314887 0.449311 1 
-0.997004 -0.0337745 0.0694515 0 -0.0367782 0.998412 -0.0424353 0 -0.0679093 -0.0448633 -0.996682 0 -0.202943 -0.318 0.447769 1 
-0.997002 -0.0338856 0.0694247 0 -0.0369594 0.998361 -0.0434788 0 -0.0678389 -0.0459152 -0.996639 0 -0.20065 -0.321213 0.446008 1 
-0.997037 -0.0339757 0.0688792 0 -0.0370441 0.998345 -0.0437703 0 -0.0672794 -0.0461931 -0.996664 0 -0.19813 -0.324794 0.44372 1 
-0.99703 -0.0346704 0.0686216 0 -0.0377737 0.998287 -0.0444539 0 -0.0669642 -0.0469149 -0.996652 0 -0.195787 -0.328517 0.441347 1 
-0.997055 -0.0344306 0.0683789 0 -0.0375648 0.998267 -0.0450899 0 -0.0667092 -0.0475267 -0.99664 0 -0.19344 -0.332287 0.438925 1 
-0.997075 -0.0341956 0.0682134 0 -0.0373746 0.998238 -0.0458847 0 -0.0665254 -0.0483009 -0.996615 0 -0.190994 -0.33625 0.436345 1 
-0.997118 -0.0339367 0.0677142 0 -0.0370906 0.998249 -0.0458746 0 -0.06604 -0.0482549 -0.996649 0 -0.18871 -0.340337 0.433139 1 
-0.997116 -0.0343369 0.067539 0 -0.0375057 0.998217 -0.046222 0 -0.0658328 -0.0486228 -0.996645 0 -0.186444 -0.344605 0.429806 1 
-0.997135 -0.0341922 0.067325 0 -0.0373848 0.998197 -0.046745 0 -0.0656066 -0.049129 -0.996635 0 -0.184158 -0.348877 0.426489 1 
-0.99716 -0.0342932 0.0669141 0 -0.0374609 0.998198 -0.046674 0 -0.0651941 -0.049049 -0.996666 0 -0.182145 -0.353381 0.422516 1 
-0.997139 -0.0345226 0.0670972 0 -0.0377433 0.998156 -0.0473398 0 -0.0653404 -0.0497378 -0.996623 0 -0.180265 -0.357819 0.418828 1 
-0.997153 -0.0347855 0.0667567 0 -0.0379693 0.998162 -0.0470317 0 -0.0649993 -0.0494335 -0.99666 0 -0.178502 -0.362231 0.414874 1 
-0.997147 -0.0345887 0.0669565 0 -0.0378246 0.998137 -0.0476786 0 -0.0651838 -0.0500761 -0.996616 0 -0.176923 -0.367329 0.410522 1 
-0.997174 -0.0343733 0.0666603 0 -0.0375627 0.998169 -0.0471974 0 -0.0649172 -0.0495689 -0.996659 0 -0.175371 -0.372111 0.406137 1 
-0.997201 -0.033868 0.0665062 0 -0.0370627 0.998178 -0.0474045 0 -0.0647808 -0.0497377 -0.996659 0 -0.174077 -0.376867 0.40186 1 
-0.997225 -0.033852 0.0661592 0 -0.0370145 0.998191 -0.0471751 0 -0.0644438 -0.049494 -0.996693 0 -0.17289 -0.381786 0.397001 1 
-0.997238 -0.0333928 0.0662038 0 -0.036596 0.998178 -0.0477762 0 -0.064489 -0.050068 -0.996662 0 -0.171743 -0.386731 0.392302 1 
-0.997278 -0.0333381 0.0656177 0 -0.0364731 0.998211 -0.0471727 0 -0.0639289 -0.0494386 -0.996729 0 -0.170606 -0.391666 0.386925 1 
-0.997323 -0.0325147 0.0653535 0 -0.0356589 0.998223 -0.047533 0 -0.063693 -0.0497371 -0.996729 0 -0.169634 -0.396504 0.381701 1 
-0.997339 -0.0322878 0.0652234 0 -0.0354273 0.99823 -0.0475661 0 -0.0635734 -0.0497511 -0.996736 0 -0.168823 -0.401339 0.376147 1 
-0.997365 -0.0324557 0.0647412 0 -0.0355418 0.998248 -0.0470988 0 -0.0631004 -0.0492766 -0.99679 0 -0.168015 -0.406089 0.370203 1 
-0.997395 -0.0320808 0.0644532 0 -0.0351799 0.99824 -0.0475374 0 -0.0628159 -0.0496819 -0.996788 0 -0.167206 -0.410816 0.364488 1 
-0.997417 -0.0316503 0.0643243 0 -0.0347703 0.998233 -0.047977 0 -0.0626934 -0.0500907 -0.996775 0 -0.166489 -0.415817 0.358194 1 
-0.997444 -0.0315524 0.0639545 0 -0.0346243 0.998261 -0.047507 0 -0.0623455 -0.049601 -0.996821 0 -0.165822 -0.420609 0.351468 1 
-0.997462 -0.0311064 0.0639002 0 -0.0341877 0.998267 -0.0477058 0 -0.0623067 -0.0497703 -0.996815 0 -0.165295 -0.424925 0.345512 1 
-0.997458 -0.030991 0.0640076 0 -0.0341025 0.99825 -0.0481045 0 -0.062406 -0.050166 -0.996789 0 -0.164772 -0.429462 0.339081 1 
-0.997476 -0.0311842 0.0636346 0 -0.0342327 0.99828 -0.0473925 0 -0.0620484 -0.0494523 -0.996847 0 -0.16419 -0.433674 0.332545 1 
-0.997492 -0.0310761 0.0634478 0 -0.0341203 0.99828 -0.0474729 0 -0.0618646 -0.0495196 -0.996855 0 -0.163635 -0.438006 0.325878 1 
-0.997512 -0.0305419 0.0633901 0 -0.0335984 0.998286 -0.0477252 0 -0.0618249 -0.0497372 -0.996847 0 -0.163186 -0.442194 0.31929 1 
-0.997523 -0.0301903 0.0633739 0 -0.0332358 0.998305 -0.0475653 0 -0.0618317 -0.0495548 -0.996856 0 -0.162821 -0.446443 0.312057 1 
-0.997543 -0.0301193 0.0631059 0 -0.0330964 0.998352 -0.0466739 0 -0.0615973 -0.0486487 -0.996915 0 -0.162509 -0.450238 0.304913 1 
-0.997541 -0.030192 0.0630985 0 -0.0331654 0.998352 -0.0466186 0 -0.0615882 -0.0485975 -0.996918 0 -0.1623 -0.453798 0.298376 1 
-0.997548 -0.0300228 0.063071 0 -0.0330056 0.998349 -0.0467952 0 -0.0615632 -0.0487631 -0.996911 0 -0.162187 -0.457575 0.291279 1 
-0.997553 -0.0299362 0.0630245 0 -0.0328923 0.998372 -0.0463999 0 -0.061534 -0.0483603 -0.996933 0 -0.162164 -0.461038 0.28432 1 
-0.99756 -0.0299759 0.0628943 0 -0.0328754 0.99841 -0.045584 0 -0.061429 -0.0475414 -0.996979 0 -0.162271 -0.464528 0.276728 1 
-0.997559 -0.0300136 0.0628931 0 -0.0329026 0.998417 -0.0454127 0 -0.0614317 -0.0473721 -0.996986 0 -0.16246 -0.467673 0.270152 1 
-0.997555 -0.029976 0.0629706 0 -0.0328985 0.998395 -0.0458981 0 -0.0614949 -0.0478585 -0.996959 0 -0.16285 -0.470941 0.263542 1 
-0.997575 -0.0298792 0.0627033 0 -0.0327527 0.998426 -0.0453113 0 -0.0612519 -0.047256 -0.997003 0 -0.163316 -0.473839 0.256985 1 
-0.997575 -0.0300479 0.0626192 0 -0.0329045 0.998431 -0.0450975 0 -0.0611671 -0.0470496 -0.997018 0 -0.163906 -0.476665 0.250683 1 
-0.997555 -0.0304316 0.0627528 0 -0.0333189 0.998399 -0.0454895 0 -0.0612692 -0.0474701 -0.996992 0 -0.164562 -0.479342 0.245188 1 
-0.997558 -0.0308689 0.0624927 0 -0.0337283 0.998397 -0.0452299 0 -0.0609975 -0.0472282 -0.99702 0 -0.165279 -0.482095 0.239237 1 
-0.997571 -0.0311531 0.0621463 0 -0.0339915 0.998392 -0.0451505 0 -0.0606409 -0.0471542 -0.997045 0 -0.166009 -0.484779 0.23335 1 
-0.997577 -0.0313191 0.061963 0 -0.0341703 0.99837 -0.0455029 0 -0.060438 -0.0475109 -0.997041 0 -0.166716 -0.487431 0.227971 1 
-0.997593 -0.0315072 0.0616136 0 -0.0343327 0.998371 -0.0453496 0 -0.0600856 -0.0473567 -0.997069 0 -0.167344 -0.490127 0.222426 1 
-0.997606 -0.0316161 0.0613484 0 -0.0344343 0.998364 -0.0454374 0 -0.0598126 -0.047442 -0.997082 0 -0.167925 -0.49274 0.217314 1 
-0.997607 -0.0316637 0.0613141 0 -0.0345171 0.998333 -0.0460511 0 -0.0597549 -0.0480582 -0.997056 0 -0.168542 -0.495551 0.212448 1 
-0.997627 -0.0319457 0.0608326 0 -0.0347341 0.998358 -0.045346 0 -0.0592852 -0.0473523 -0.997117 0 -0.168988 -0.498191 0.207071 1 
-0.997634 -0.0322668 0.0605453 0 -0.0350218 0.998363 -0.0450058 0 -0.0589951 -0.0470206 -0.99715 0 -0.169443 -0.500893 0.20215 1 
-0.997607 -0.0326535 0.0607843 0 -0.0355018 0.998283 -0.0463829 0 -0.0591665 -0.0484308 -0.997073 0 -0.169984 -0.503862 0.197767 1 
-0.997617 -0.0330594 0.0603988 0 -0.0358572 0.998295 -0.0458399 0 -0.0587816 -0.0478973 -0.997121 0 -0.170497 -0.506661 0.19276 1 
-0.997619 -0.0330892 0.0603481 0 -0.0359044 0.998278 -0.0461759 0 -0.0587174 -0.0482336 -0.997109 0 -0.17117 -0.509544 0.188319 1 
-0.997631 -0.0331455 0.0601208 0 -0.0359353 0.998288 -0.0459293 0 -0.0584967 -0.0479819 -0.997134 0 -0.171882 -0.512375 0.183698 1 
-0.997647 -0.0331999 0.0598291 0 -0.0359462 0.998311 -0.045426 0 -0.0582211 -0.0474706 -0.997174 0 -0.17268 -0.51518 0.179183 1 
-0.997643 -0.0330497 0.0599755 0 -0.0358513 0.998277 -0.0462528 0 -0.0583447 -0.0482949 -0.997128 0 -0.17362 -0.518116 0.17505 1 
-0.997661 -0.0331115 0.0596389 0 -0.0358559 0.998309 -0.0455487 0 -0.058031 -0.0475815 -0.99718 0 -0.174493 -0.520783 0.170441 1 
-0.997662 -0.0331389 0.0596154 0 -0.035884 0.998306 -0.0455798 0 -0.0580051 -0.0476134 -0.99718 0 -0.175426 -0.523489 0.166689 1 
-0.997672 -0.0331745 0.059427 0 -0.0358894 0.998323 -0.0452146 0 -0.0578285 -0.047243 -0.997208 0 -0.176341 -0.526044 0.162589 1 
-0.997682 -0.0332702 0.0591983 0 -0.0359401 0.998348 -0.044623 0 -0.0576169 -0.0466481 -0.997248 0 -0.177265 -0.528685 0.158593 1 
-0.997684 -0.03324 0.059184 0 -0.0359081 0.99835 -0.0446032 0 -0.0576048 -0.046626 -0.99725 0 -0.178282 -0.531421 0.154872 1 
-0.997694 -0.0333906 0.0589242 0 -0.0360072 0.998376 -0.0439172 0 -0.0573632 -0.0459385 -0.997296 0 -0.179109 -0.533823 0.150996 1 
-0.997672 -0.0333421 0.0593261 0 -0.0360522 0.998317 -0.0452124 0 -0.0577199 -0.0472469 -0.997214 0 -0.180147 -0.536706 0.147612 1 
-0.997681 -0.0334184 0.0591338 0 -0.0360845 0.998343 -0.0446061 0 -0.0575463 -0.0466373 -0.997253 0 -0.181048 -0.539137 0.143669 1 
-0.997668 -0.0334805 0.0593234 0 -0.036174 0.998326 -0.0449255 0 -0.057721 -0.0469676 -0.997227 0 -0.181991 -0.541687 0.140389 1 
-0.997684 -0.0334693 0.0590548 0 -0.0360855 0.998379 -0.0438052 0 -0.057494 -0.0458356 -0.997293 0 -0.182933 -0.543916 0.136594 1 
-0.997678 -0.0333799 0.0592112 0 -0.0360194 0.998369 -0.0440853 0 -0.0576442 -0.0461166 -0.997271 0 -0.183859 -0.5462 0.133612 1 
-0.997691 -0.0333148 0.0590299 0 -0.0358871 0.998418 -0.0430656 0 -0.0575029 -0.0450854 -0.997327 0 -0.184821 -0.548221 0.129944 1 
-0.99766 -0.0333222 0.0595366 0 -0.0359672 0.998378 -0.0439206 0 -0.0579776 -0.0459601 -0.997259 0 -0.185826 -0.550506 0.127183 1 
-0.997667 -0.0333002 0.0594267 0 -0.0358737 0.998431 -0.0427771 0 -0.0579101 -0.0448101 -0.997316 0 -0.186787 -0.552359 0.123793 1 
-0.997662 -0.0332158 0.0595622 0 -0.0357721 0.998451 -0.0423764 0 -0.0580635 -0.0444089 -0.997325 0 -0.187791 -0.554279 0.120729 1 
-0.997662 -0.033039 0.0596643 0 -0.0355814 0.998471 -0.0420643 0 -0.0581845 -0.0440897 -0.997332 0 -0.188781 -0.556187 0.117866 1 
-0.997672 -0.0328756 0.0595805 0 -0.0353652 0.998514 -0.0412228 0 -0.0581379 -0.0432347 -0.997372 0 -0.189669 -0.557721 0.114811 1 
-0.997653 -0.0327331 0.0599883 0 -0.035268 0.998498 -0.041696 0 -0.0585345 -0.0437147 -0.997328 0 -0.19064 -0.559504 0.112258 1 
-0.997648 -0.0326016 0.0601404 0 -0.0351268 0.998514 -0.0414206 0 -0.0587018 -0.0434366 -0.99733 0 -0.191551 -0.561002 0.1093 1 
-0.997627 -0.0325746 0.0604984 0 -0.0351217 0.99851 -0.0415277 0 -0.0590567 -0.0435548 -0.997304 0 -0.192461 -0.562461 0.1066 1 
-0.997604 -0.0325923 0.0608674 0 -0.0351517 0.998512 -0.0414619 0 -0.0594266 -0.043503 -0.997284 0 -0.193341 -0.563716 0.104102 1 
-0.997599 -0.0327157 0.0608876 0 -0.0352058 0.998558 -0.040283 0 -0.0594831 -0.0423307 -0.997331 0 -0.194086 -0.564489 0.101223 1 
-0.997578 -0.0327899 0.0611874 0 -0.0352704 0.998571 -0.03991 0 -0.0597925 -0.0419723 -0.997328 0 -0.194888 -0.565352 0.0985658 1 
-0.997562 -0.0327547 0.061472 0 -0.0352274 0.998586 -0.0395804 0 -0.0600898 -0.0416502 -0.997324 0 -0.195704 -0.566196 0.0961412 1 
-0.99757 -0.0326627 0.0613827 0 -0.0350611 0.998637 -0.0384098 0 -0.0600457 -0.0404694 -0.997375 0 -0.196391 -0.566665 0.0934917 1 
-0.997569 -0.0325427 0.0614583 0 -0.0349204 0.998657 -0.0380187 0 -0.0601397 -0.0400732 -0.997385 0 -0.197026 -0.567089 0.090843 1 
-0.997553 -0.0324468 0.0617724 0 -0.0348533 0.998649 -0.0382863 0 -0.0604479 -0.0403464 -0.997356 0 -0.197664 -0.56756 0.0885787 1 
-0.99754 -0.0323232 0.0620528 0 -0.0347573 0.998642 -0.038556 0 -0.0607234 -0.0406187 -0.997328 0 -0.198264 -0.567986 0.0864532 1 
-0.997549 -0.0322416 0.0619421 0 -0.0346244 0.998676 -0.037787 0 -0.0606429 -0.0398399 -0.997364 0 -0.198721 -0.568141 0.0841276 1 
-0.997548 -0.0323126 0.0619248 0 -0.0346739 0.998687 -0.0374435 0 -0.0606348 -0.0394997 -0.997378 0 -0.199061 -0.568346 0.0818734 1 
-0.997544 -0.0324238 0.0619335 0 -0.0347858 0.998683 -0.0374482 0 -0.0606389 -0.0395114 -0.997377 0 -0.199285 -0.568583 0.0798722 1 
-0.997529 -0.0325125 0.0621206 0 -0.0349276 0.99865 -0.0381962 0 -0.060796 -0.0402723 -0.997337 0 -0.199457 -0.568949 0.0782431 1 
-0.997516 -0.0326676 0.0622545 0 -0.0351279 0.998618 -0.0388432 0 -0.0609007 -0.0409344 -0.997304 0 -0.199566 -0.569269 0.0765879 1 
-0.997516 -0.0328174 0.0621701 0 -0.0352804 0.998609 -0.0389426 0 -0.0608068 -0.0410401 -0.997305 0 -0.19959 -0.569394 0.0748273 1 
-0.997531 -0.0329573 0.0618653 0 -0.0353734 0.998628 -0.0383731 0 -0.0605168 -0.0404675 -0.997347 0 -0.199561 -0.569294 0.0729465 1 
-0.997541 -0.0330511 0.0616422 0 -0.0354389 0.998637 -0.0380531 0 -0.0603017 -0.0401449 -0.997373 0 -0.199549 -0.569199 0.0712811 1 
-0.997548 -0.0331147 0.0614917 0 -0.0354873 0.998642 -0.0379006 0 -0.0601543 -0.0399907 -0.997388 0 -0.199573 -0.569095 0.0696434 1 
-0.997552 -0.0331403 0.0614243 0 -0.035505 0.998644 -0.0378151 0 -0.0600889 -0.0399041 -0.997395 0 -0.199652 -0.569008 0.0683157 1 
-0.99754 -0.0331337 0.0616254 0 -0.0355385 0.998623 -0.0383441 0 -0.0602712 -0.0404406 -0.997362 0 -0.199866 -0.569063 0.067044 1 
-0.997535 -0.0330512 0.0617478 0 -0.0354727 0.998618 -0.0385405 0 -0.0603898 -0.0406366 -0.997347 0 -0.200132 -0.569104 0.0660077 1 
-0.997528 -0.0329479 0.0619089 0 -0.0353858 0.998614 -0.0387042 0 -0.060549 -0.0408001 -0.997331 0 -0.200482 -0.569181 0.0650377 1 
-0.997517 -0.0329204 0.0621016 0 -0.0353751 0.998609 -0.0388505 0 -0.0607374 -0.0409517 -0.997313 0 -0.200886 -0.569267 0.0640896 1 
-0.99751 -0.0328722 0.0622388 0 -0.0353272 0.998614 -0.0387628 0 -0.0608795 -0.0408658 -0.997308 0 -0.20131 -0.569315 0.0631587 1 
-0.99751 -0.0327608 0.0623064 0 -0.0351942 0.998634 -0.0383672 0 -0.0609656 -0.0404653 -0.997319 0 -0.201746 -0.569285 0.0622653 1 
-0.997509 -0.032678 0.0623631 0 -0.0350825 0.998657 -0.037858 0 -0.0610434 -0.0399523 -0.997335 0 -0.202182 -0.569227 0.0614647 1 
-0.997507 -0.0325057 0.0624758 0 -0.0348911 0.998679 -0.0374762 0 -0.0611762 -0.0395634 -0.997343 0 -0.202631 -0.56919 0.060811 1 
-0.997499 -0.0323633 0.0626865 0 -0.034739 0.998695 -0.0371854 0 -0.0614024 -0.0392708 -0.99734 0 -0.203124 -0.569179 0.0602393 1 
-0.997495 -0.0321058 0.0628789 0 -0.034466 0.998718 -0.0368172 0 -0.0616174 -0.0388929 -0.997342 0 -0.203659 -0.569133 0.0597218 1 
-0.997494 -0.0317436 0.0630782 0 -0.0340954 0.99874 -0.0365629 0 -0.0618393 -0.0386227 -0.997339 0 -0.204215 -0.569095 0.0593277 1 
-0.997492 -0.0313907 0.063279 0 -0.0337378 0.998759 -0.03637 0 -0.06206 -0.0384145 -0.997333 0 -0.2048 -0.569069 0.0589821 1 
-0.997482 -0.0311922 0.0635458 0 -0.0335476 0.998766 -0.0363431 0 -0.062335 -0.0383842 -0.997317 0 -0.205386 -0.569102 0.058698 1 
-0.997472 -0.0308935 0.0638404 0 -0.0332699 0.99877 -0.036502 0 -0.0626354 -0.0385344 -0.997292 0 -0.205976 -0.569212 0.0584575 1 
-0.997462 -0.0306533 0.0641142 0 -0.0330521 0.99877 -0.0366946 0 -0.0629118 -0.0387214 -0.997268 0 -0.206478 -0.569405 0.0582642 1 
-0.997449 -0.0305427 0.0643766 0 -0.0329681 0.998763 -0.0369561 0 -0.0631695 -0.038985 -0.997241 0 -0.20692 -0.569731 0.0580691 1 
-0.997441 -0.0304057 0.0645556 0 -0.0328564 0.998756 -0.037245 0 -0.0633441 -0.0392715 -0.997219 0 -0.207253 -0.570129 0.0578379 1 
-0.997433 -0.030339 0.0647103 0 -0.0328148 0.998746 -0.0375452 0 -0.0634913 -0.039573 -0.997197 0 -0.207514 -0.570573 0.0575897 1 
-0.997422 -0.0303855 0.0648578 0 -0.0328824 0.998735 -0.0377832 0 -0.0636289 -0.0398193 -0.997179 0 -0.207726 -0.571023 0.0572925 1 
-0.997416 -0.0304054 0.0649446 0 -0.0329159 0.998728 -0.0379408 0 -0.0637096 -0.0399812 -0.997167 0 -0.207931 -0.571479 0.056908 1 
-0.997415 -0.0304515 0.0649337 0 -0.0329565 0.99873 -0.0378629 0 -0.0636995 -0.0399058 -0.997171 0 -0.208044 -0.571851 0.0564058 1 
-0.99742 -0.0305913 0.064798 0 -0.0330669 0.99874 -0.0374838 0 -0.0635709 -0.0395305 -0.997194 0 -0.208086 -0.572144 0.0557142 1 
-0.997427 -0.0307345 0.0646237 0 -0.0331711 0.998756 -0.0369767 0 -0.0634081 -0.0390259 -0.997224 0 -0.20813 -0.572395 0.0549317 1 
-0.997434 -0.0308127 0.0644704 0 -0.0332104 0.998774 -0.0364547 0 -0.0632693 -0.038503 -0.997253 0 -0.208198 -0.572555 0.0542166 1 
-0.997439 -0.0308872 0.0643665 0 -0.0332563 0.998786 -0.0360641 0 -0.0631757 -0.0381131 -0.997274 0 -0.208283 -0.572713 0.0535191 1 
-0.997445 -0.0309057 0.0642563 0 -0.0332479 0.998799 -0.0357066 0 -0.0630769 -0.0377525 -0.997294 0 -0.208375 -0.572833 0.0528471 1 
-0.997449 -0.0308944 0.0641969 0 -0.0332219 0.998807 -0.0355098 0 -0.0630245 -0.0375527 -0.997305 0 -0.208468 -0.572921 0.0522471 1 
-0.99745 -0.0309081 0.0641791 0 -0.0332363 0.998806 -0.0355297 0 -0.0630056 -0.0375729 -0.997306 0 -0.208552 -0.573034 0.0516484 1 
-0.99745 -0.0309213 0.0641795 0 -0.0332552 0.998802 -0.0356213 0 -0.0630024 -0.0376654 -0.997302 0 -0.208626 -0.573145 0.0510446 1 
-0.99745 -0.0309352 0.0641727 0 -0.0332751 0.998798 -0.0357189 0 -0.0629919 -0.0377639 -0.997299 0 -0.208683 -0.573252 0.0504512 1 
-0.997448 -0.0309766 0.0641738 0 -0.0333262 0.998791 -0.0358715 0 -0.0629862 -0.0379194 -0.997294 0 -0.208725 -0.573398 0.0498108 1 
-0.997448 -0.0310657 0.0641325 0 -0.0334158 0.998787 -0.0359022 0 -0.0629406 -0.0379543 -0.997295 0 -0.208731 -0.573506 0.0491036 1 
-0.997443 -0.0311414 0.0641734 0 -0.0335138 0.998772 -0.0362287 0 -0.0629676 -0.0382875 -0.997281 0 -0.208749 -0.573677 0.0484028 1 
-0.997432 -0.0312183 0.0643018 0 -0.0336356 0.998745 -0.0368587 0 -0.0630716 -0.0389276 -0.99725 0 -0.208782 -0.573898 0.0476446 1 
-0.997425 -0.0313252 0.0643712 0 -0.0337742 0.998723 -0.0373148 0 -0.0631213 -0.0393936 -0.997228 0 -0.208788 -0.574073 0.0468275 1 
-0.997422 -0.0314778 0.0643344 0 -0.0339364 0.998711 -0.0374867 0 -0.0630727 -0.0395741 -0.997224 0 -0.208744 -0.574171 0.0458878 1 
-0.997419 -0.0316432 0.0643047 0 -0.0341108 0.998699 -0.0376446 0 -0.0630311 -0.0397417 -0.99722 0 -0.208675 -0.574216 0.045093 1 
-0.997417 -0.0318141 0.0642473 0 -0.0342883 0.998688 -0.0377807 0 -0.0629622 -0.0398868 -0.997219 0 -0.208575 -0.574187 0.0442585 1 
-0.997421 -0.0319295 0.0641363 0 -0.0343957 0.998686 -0.0377237 0 -0.0628487 -0.0398332 -0.997228 0 -0.208485 -0.574064 0.0434659 1 
-0.997431 -0.032005 0.0639373 0 -0.0344401 0.998699 -0.0373522 0 -0.0626599 -0.039459 -0.997255 0 -0.208401 -0.573883 0.0427418 1 
-0.997443 -0.0320754 0.0637182 0 -0.0344741 0.998714 -0.0369096 0 -0.0624535 -0.0390126 -0.997285 0 -0.20832 -0.573687 0.0420352 1 
-0.997453 -0.0321425 0.0635202 0 -0.0345088 0.998728 -0.0365126 0 -0.0622669 -0.0386124 -0.997312 0 -0.208243 -0.57351 0.0413862 1 
-0.997461 -0.0321785 0.063382 0 -0.0345253 0.998735 -0.0362843 0 -0.0621354 -0.0383811 -0.997329 0 -0.208193 -0.573368 0.0407867 1 
-0.997466 -0.0322305 0.0632807 0 -0.0345673 0.998737 -0.0361861 0 -0.0620357 -0.0382825 -0.997339 0 -0.208139 -0.573259 0.0402235 1 
-0.997469 -0.0322741 0.063203 0 -0.0346048 0.998738 -0.0361347 0 -0.0619582 -0.0382311 -0.997346 0 -0.208093 -0.573167 0.0397077 1 
-0.997473 -0.0323307 0.0631142 0 -0.0346534 0.998739 -0.0360595 0 -0.06187 -0.0381562 -0.997355 0 -0.208039 -0.573077 0.0392108 1 
-0.997477 -0.0323847 0.0630234 0 -0.0346978 0.998741 -0.0359602 0 -0.0617807 -0.038057 -0.997364 0 -0.207984 -0.572991 0.0387616 1 
-0.99748 -0.0324343 0.0629498 0 -0.0347396 0.998743 -0.035879 0 -0.0617082 -0.0379762 -0.997372 0 -0.20794 -0.572911 0.0383456 1 
-0.997482 -0.032467 0.0629065 0 -0.0347716 0.998741 -0.0358922 0 -0.0616631 -0.0379899 -0.997374 0 -0.207909 -0.572854 0.0379525 1 
-0.997482 -0.0324817 0.0628982 0 -0.0347933 0.998736 -0.0360109 0 -0.0616502 -0.0381094 -0.99737 0 -0.20789 -0.572817 0.0375954 1 
-0.997479 -0.0324911 0.0629284 0 -0.0348166 0.998728 -0.0362168 0 -0.0616728 -0.0383172 -0.997361 0 -0.207887 -0.572801 0.0372825 1 
-0.997475 -0.0325003 0.0630004 0 -0.0348492 0.998714 -0.0365491 0 -0.0617327 -0.038653 -0.997344 0 -0.207892 -0.572813 0.0369886 1 
-0.997451 -0.0324832 0.0633872 0 -0.0349253 0.998665 -0.0378062 0 -0.0620757 -0.0399244 -0.997273 0 -0.207962 -0.573088 0.037091 1 
-0.997449 -0.0325175 0.0633934 0 -0.0349625 0.998662 -0.0378476 0 -0.0620791 -0.0399682 -0.997271 0 -0.207942 -0.573112 0.0370597 1 
-0.997448 -0.0325159 0.0634055 0 -0.0349644 0.99866 -0.0378961 0 -0.0620895 -0.0400171 -0.997268 0 -0.20795 -0.573124 0.037071 1 
-0.997449 -0.0324879 0.0634136 0 -0.0349373 0.998661 -0.0379058 0 -0.0620984 -0.0400253 -0.997267 0 -0.207965 -0.573126 0.037066 1 
-0.997448 -0.0325022 0.0634213 0 -0.034953 0.99866 -0.0379237 0 -0.0621049 -0.0400445 -0.997266 0 -0.20796 -0.573135 0.0370727 1 
-0.997447 -0.0325715 0.063402 0 -0.0350225 0.998657 -0.0379374 0 -0.0620823 -0.0400618 -0.997267 0 -0.207914 -0.573154 0.03707 1 
-0.997445 -0.0326992 0.0633668 0 -0.0351506 0.998651 -0.0379657 0 -0.062041 -0.0400968 -0.997268 0 -0.207824 -0.573193 0.0370728 1 
-0.99744 -0.0328488 0.0633729 0 -0.0353035 0.998644 -0.0380117 0 -0.0620395 -0.0401524 -0.997266 0 -0.207731 -0.57325 0.0370863 1 
-0.997434 -0.0330365 0.0633581 0 -0.0354913 0.998637 -0.0380181 0 -0.062017 -0.04017 -0.997266 0 -0.207615 -0.573301 0.0370761 1 
-0.997428 -0.0332631 0.0633371 0 -0.0357165 0.998629 -0.0380041 0 -0.0619874 -0.0401693 -0.997268 0 -0.207471 -0.573348 0.0370621 1 
-0.99742 -0.0335486 0.0633083 0 -0.0359982 0.998621 -0.0379571 0 -0.0619488 -0.040139 -0.997272 0 -0.207291 -0.573395 0.0370297 1 
-0.997411 -0.0339041 0.0632688 0 -0.0363478 0.998611 -0.0378815 0 -0.0618978 -0.0400839 -0.997277 0 -0.207062 -0.573452 0.0369756 1 
-0.997403 -0.0342063 0.0632254 0 -0.0366434 0.998604 -0.0377958 0 -0.0618455 -0.0400152 -0.997283 0 -0.206812 -0.573511 0.0369144 1 
-0.997403 -0.0342982 0.063178 0 -0.0367274 0.998604 -0.037698 0 -0.0617981 -0.0399212 -0.99729 0 -0.206614 -0.573546 0.0368408 1 
-0.9974 -0.0345292 0.0631007 0 -0.0369419 0.998605 -0.0374764 0 -0.0617198 -0.0397107 -0.997303 0 -0.206463 -0.573525 0.0367004 1 
-0.997404 -0.0345885 0.0629985 0 -0.0369805 0.998613 -0.0372074 0 -0.0616254 -0.0394413 -0.99732 0 -0.206408 -0.573453 0.0365223 1 
-0.997413 -0.0345435 0.0628905 0 -0.0369116 0.998628 -0.036889 0 -0.0615312 -0.0391157 -0.997338 0 -0.206421 -0.573343 0.0363159 1 
-0.997424 -0.0344556 0.0627562 0 -0.036796 0.998645 -0.0365267 0 -0.0614138 -0.0387425 -0.99736 0 -0.206449 -0.573208 0.0360684 1 
-0.997437 -0.0343152 0.0626271 0 -0.0366289 0.998664 -0.0361762 0 -0.0613033 -0.0383782 -0.997381 0 -0.206503 -0.573069 0.0358267 1 
-0.997447 -0.0342028 0.062538 0 -0.0365007 0.998676 -0.0359767 0 -0.0612259 -0.0381682 -0.997394 0 -0.206553 -0.572966 0.035609 1 
-0.997453 -0.0341656 0.0624521 0 -0.0364491 0.998685 -0.035797 0 -0.0611481 -0.0379829 -0.997406 0 -0.206554 -0.572885 0.0353863 1 
-0.997454 -0.0342203 0.0624048 0 -0.0364976 0.998685 -0.0357246 0 -0.0611014 -0.037912 -0.997411 0 -0.206513 -0.572851 0.0352043 1 
-0.997455 -0.0342304 0.0623935 0 -0.0365078 0.998685 -0.0357332 0 -0.0610895 -0.0379209 -0.997412 0 -0.206505 -0.572846 0.0350789 1 
-0.997456 -0.0342012 0.0623963 0 -0.0364796 0.998685 -0.0357485 0 -0.0610928 -0.0379344 -0.997411 0 -0.206531 -0.572845 0.0349551 1 
-0.997457 -0.0341492 0.0624038 0 -0.0364294 0.998686 -0.0357736 0 -0.0611014 -0.0379567 -0.99741 0 -0.206568 -0.572858 0.0348578 1 
-0.997457 -0.0341255 0.0624106 0 -0.0364079 0.998686 -0.0358059 0 -0.0611079 -0.0379878 -0.997408 0 -0.206598 -0.572898 0.0347756 1 
-0.997456 -0.0341037 0.0624404 0 -0.0363927 0.998683 -0.035896 0 -0.0611352 -0.0380778 -0.997403 0 -0.206639 -0.572975 0.0347135 1 
-0.997456 -0.0340883 0.0624538 0 -0.0363788 0.998683 -0.0359126 0 -0.0611485 -0.0380939 -0.997401 0 -0.206676 -0.573047 0.0346253 1 
-0.997456 -0.0340827 0.0624541 0 -0.0363729 0.998683 -0.0359068 0 -0.0611492 -0.0380878 -0.997402 0 -0.206715 -0.573133 0.0344951 1 
-0.997456 -0.0341091 0.062434 0 -0.0363952 0.998684 -0.0358529 0 -0.0611301 -0.0380347 -0.997405 0 -0.206734 -0.573229 0.034313 1 
-0.997456 -0.0341451 0.0624141 0 -0.0364276 0.998685 -0.0358046 0 -0.0611106 -0.0379878 -0.997408 0 -0.206749 -0.573338 0.0341206 1 
-0.997458 -0.0341929 0.0623651 0 -0.036465 0.998689 -0.0356638 0 -0.061065 -0.037848 -0.997416 0 -0.206768 -0.57345 0.0338287 1 
-0.997461 -0.0342283 0.0622967 0 -0.0364868 0.998694 -0.0354849 0 -0.061002 -0.0376686 -0.997427 0 -0.206779 -0.573528 0.0335313 1 
-0.997465 -0.0343045 0.0621913 0 -0.036542 0.998702 -0.0352038 0 -0.0609041 -0.0373878 -0.997443 0 -0.206767 -0.573589 0.0331443 1 
-0.997467 -0.0343981 0.0621063 0 -0.036618 0.998708 -0.0349653 0 -0.0608244 -0.0371517 -0.997457 0 -0.206753 -0.573671 0.0327107 1 
-0.997472 -0.0344396 0.0620068 0 -0.03664 0.998716 -0.0347059 0 -0.0607331 -0.0368908 -0.997472 0 -0.20677 -0.573739 0.0322245 1 
-0.997479 -0.0343619 0.0619287 0 -0.0365405 0.99873 -0.0343958 0 -0.0606694 -0.0365727 -0.997488 0 -0.206842 -0.573721 0.0318061 1 
-0.99748 -0.0340794 0.0620762 0 -0.0362867 0.998726 -0.0347838 0 -0.0608129 -0.0369494 -0.997465 0 -0.207032 -0.573779 0.0319926 1 
-0.997481 -0.0339973 0.0621 0 -0.0362161 0.998723 -0.0349596 0 -0.0608333 -0.0371213 -0.997457 0 -0.207077 -0.573825 0.0320888 1 
-0.997483 -0.0340203 0.0620521 0 -0.0362286 0.998727 -0.0348157 0 -0.0607898 -0.0369769 -0.997465 0 -0.207055 -0.573777 0.0320048 1 
-0.997484 -0.0339946 0.062052 0 -0.0362028 0.998728 -0.0348162 0 -0.0607907 -0.0369758 -0.997465 0 -0.207068 -0.573772 0.0320073 1 
-0.997484 -0.0340033 0.0620519 0 -0.0362113 0.998728 -0.0348116 0 -0.0607904 -0.0369717 -0.997466 0 -0.207067 -0.57377 0.032005 1 
-0.997485 -0.0339745 0.0620535 0 -0.0361819 0.998729 -0.0348018 0 -0.0607934 -0.0369602 -0.997466 0 -0.20708 -0.573761 0.032001 1 
-0.997485 -0.0339727 0.0620534 0 -0.0361797 0.99873 -0.0347959 0 -0.0607936 -0.0369542 -0.997466 0 -0.207085 -0.573757 0.0319988 1 
-0.997486 -0.0339463 0.0620494 0 -0.0361533 0.998731 -0.0347976 0 -0.0607905 -0.0369542 -0.997466 0 -0.207097 -0.573752 0.0319993 1 
-0.997487 -0.0339241 0.0620379 0 -0.0361277 0.998733 -0.03475 0 -0.0607816 -0.0369047 -0.997469 0 -0.20711 -0.573724 0.0319808 1 
-0.99749 -0.0338761 0.0620252 0 -0.0360776 0.998736 -0.0347245 0 -0.0607717 -0.0368758 -0.99747 0 -0.207132 -0.573699 0.0319725 1 
-0.997492 -0.0338546 0.0620061 0 -0.0360531 0.998738 -0.0346872 0 -0.0607547 -0.0368364 -0.997473 0 -0.20714 -0.573674 0.0319575 1 
-0.997493 -0.033852 0.0619929 0 -0.036049 0.998739 -0.0346702 0 -0.0607423 -0.0368188 -0.997474 0 -0.207134 -0.573664 0.0319504 1 
-0.997493 -0.0338635 0.0619874 0 -0.0360596 0.998739 -0.0346576 0 -0.0607368 -0.0368066 -0.997475 0 -0.207124 -0.57366 0.0319462 1 
-0.997494 -0.0338504 0.0619747 0 -0.0360438 0.998741 -0.0346225 0 -0.0607258 -0.0367702 -0.997477 0 -0.207125 -0.573636 0.031938 1 
-0.997494 -0.0338453 0.0619721 0 -0.0360385 0.998741 -0.0346193 0 -0.0607235 -0.0367666 -0.997477 0 -0.207126 -0.573629 0.0319404 1 
-0.997494 -0.0338581 0.0619728 0 -0.0360512 0.998741 -0.0346184 0 -0.0607238 -0.0367665 -0.997477 0 -0.20712 -0.573629 0.0319442 1 
-0.997493 -0.0338654 0.0619769 0 -0.0360601 0.998739 -0.0346419 0 -0.0607268 -0.0367907 -0.997476 0 -0.207116 -0.573639 0.031957 1 
-0.997494 -0.0338395 0.0619794 0 -0.0360335 0.998741 -0.0346284 0 -0.0607307 -0.0367756 -0.997476 0 -0.207127 -0.573625 0.0319574 1 
-0.997495 -0.0338246 0.0619751 0 -0.0360177 0.998742 -0.0346174 0 -0.0607274 -0.0367636 -0.997477 0 -0.207132 -0.57361 0.0319611 1 
-0.997495 -0.0338245 0.0619759 0 -0.0360177 0.998742 -0.0346188 0 -0.0607281 -0.036765 -0.997477 0 -0.207134 -0.573606 0.031967 1 
-0.997494 -0.0338485 0.0619684 0 -0.0360407 0.998741 -0.0346075 0 -0.0607202 -0.0367549 -0.997478 0 -0.207119 -0.573604 0.0319628 1 
-0.997495 -0.0338372 0.0619627 0 -0.0360283 0.998742 -0.0345926 0 -0.0607154 -0.0367391 -0.997479 0 -0.207116 -0.573587 0.0319673 1 
-0.997496 -0.0338207 0.0619542 0 -0.0360099 0.998744 -0.0345648 0 -0.0607086 -0.0367099 -0.99748 0 -0.207118 -0.573555 0.0319762 1 
-0.997501 -0.0338263 0.0618805 0 -0.0360007 0.998751 -0.0343686 0 -0.0606418 -0.0365112 -0.997492 0 -0.207087 -0.573447 0.0319116 1 
-0.997512 -0.0337983 0.0617083 0 -0.0359374 0.99877 -0.0338888 0 -0.0604882 -0.0360228 -0.997519 0 -0.207038 -0.573193 0.0317281 1 
-0.997533 -0.0336653 0.0614504 0 -0.0357531 0.9988 -0.0331963 0 -0.0602602 -0.0353121 -0.997558 0 -0.207013 -0.572801 0.0314733 1 
-0.997559 -0.0334253 0.0611514 0 -0.0354535 0.998837 -0.0323883 0 -0.0599989 -0.0344779 -0.997603 0 -0.207034 -0.572327 0.0311716 1 
-0.997588 -0.0331324 0.0608358 0 -0.035102 0.998874 -0.0315983 0 -0.0597215 -0.0336582 -0.997647 0 -0.207082 -0.571847 0.0308656 1 
-0.997613 -0.0329247 0.06054 0 -0.034842 0.998906 -0.0308908 0 -0.0594578 -0.032927 -0.997688 0 -0.207086 -0.57142 0.0305806 1 
-0.997617 -0.0328547 0.0605063 0 -0.0347747 0.998906 -0.030957 0 -0.0594242 -0.032988 -0.997688 0 -0.207068 -0.571247 0.0304345 1 
-0.997602 -0.0328949 0.0607434 0 -0.034873 0.998876 -0.0317969 0 -0.0596303 -0.0338396 -0.997647 0 -0.207061 -0.571372 0.0304629 1 
-0.997593 -0.0329529 0.0608581 0 -0.0349595 0.99886 -0.0322063 0 -0.0597285 -0.034257 -0.997627 0 -0.207036 -0.571456 0.0304812 1 
-0.99759 -0.0329586 0.0608988 0 -0.0349735 0.998856 -0.0323212 0 -0.059765 -0.0343738 -0.99762 0 -0.207042 -0.571487 0.0305034 1 
-0.997589 -0.0329422 0.0609213 0 -0.0349615 0.998854 -0.0323818 0 -0.0597859 -0.0344343 -0.997617 0 -0.207058 -0.571508 0.0305211 1 
-0.997589 -0.0329557 0.0609195 0 -0.0349755 0.998854 -0.0323902 0 -0.0597834 -0.0344434 -0.997617 0 -0.207049 -0.571514 0.0305196 1 
-0.997588 -0.0329747 0.0609174 0 -0.0349939 0.998853 -0.0323819 0 -0.0597809 -0.0344362 -0.997617 0 -0.207037 -0.571514 0.0305132 1 
-0.997589 -0.0329445 0.0609215 0 -0.0349636 0.998854 -0.032379 0 -0.0597861 -0.0344316 -0.997617 0 -0.207055 -0.571508 0.0305064 1 
-0.99759 -0.0329511 0.0608972 0 -0.034966 0.998856 -0.0323232 0 -0.0597636 -0.0343753 -0.99762 0 -0.20705 -0.571489 0.0304673 1 
-0.997592 -0.0329734 0.0608504 0 -0.0349804 0.998859 -0.0322157 0 -0.0597199 -0.0342673 -0.997627 0 -0.207026 -0.57146 0.0303687 1 
-0.997594 -0.0329845 0.0608151 0 -0.0349856 0.998861 -0.0321392 0 -0.0596869 -0.0341902 -0.997631 0 -0.20702 -0.57143 0.0302025 1 
