-0.996576 -0.0247242 0.0787792 0 -0.0269572 0.999251 -0.0274084 0 -0.0780441 -0.0294388 -0.996515 0 -0.332431 -0.306306 0.56563 1 
-0.996576 -0.0247177 0.0787811 0 -0.0269509 0.999251 -0.0274107 0 -0.0780461 -0.0294407 -0.996515 0 -0.332431 -0.306306 0.565632 1 
-0.996576 -0.0247227 0.0787788 0 -0.0269556 0.999251 -0.0274078 0 -0.0780437 -0.029438 -0.996515 0 -0.332429 -0.306307 0.565631 1 
-0.996576 -0.0247213 0.0787792 0 -0.0269543 0.999251 -0.0274089 0 -0.0780441 -0.0294391 -0.996515 0 -0.332431 -0.306308 0.56563 1 
-0.996576 -0.024704 0.0787795 0 -0.0269372 0.999252 -0.0274125 0 -0.0780448 -0.0294413 -0.996515 0 -0.332435 -0.3063 0.565633 1 
-0.996576 -0.0247069 0.078781 0 -0.0269402 0.999251 -0.0274132 0 -0.0780463 -0.0294423 -0.996515 0 -0.332435 -0.306302 0.565632 1 
-0.996575 -0.0247333 0.0787816 0 -0.0269664 0.999251 -0.0274089 0 -0.0780462 -0.02944 -0.996515 0 -0.332425 -0.306311 0.565632 1 
-0.996576 -0.0247225 0.0787825 0 -0.0269559 0.999251 -0.0274125 0 -0.0780473 -0.0294428 -0.996515 0 -0.33243 -0.306307 0.565633 1 
-0.996577 -0.024705 0.0787749 0 -0.0269378 0.999252 -0.0274082 0 -0.0780404 -0.0294369 -0.996516 0 -0.332435 -0.306301 0.56563 1 
-0.996576 -0.0247161 0.0787775 0 -0.0269489 0.999251 -0.0274077 0 -0.0780426 -0.0294374 -0.996515 0 -0.332433 -0.306303 0.56563 1 
-0.996575 -0.0247267 0.078785 0 -0.0269602 0.999251 -0.0274129 0 -0.0780497 -0.0294437 -0.996515 0 -0.332427 -0.306309 0.565635 1 
-0.996576 -0.0247214 0.0787796 0 -0.0269542 0.999251 -0.027405 0 -0.0780446 -0.0294352 -0.996515 0 -0.33243 -0.306307 0.565631 1 
-0.996576 -0.0247125 0.0787826 0 -0.026946 0.999251 -0.0274137 0 -0.0780476 -0.0294433 -0.996515 0 -0.332433 -0.306304 0.565633 1 
-0.996576 -0.0247077 0.0787823 0 -0.0269408 0.999252 -0.0274095 0 -0.0780476 -0.0294387 -0.996515 0 -0.332434 -0.306303 0.565631 1 
-0.996576 -0.02472 0.0787814 0 -0.0269528 0.999251 -0.0274053 0 -0.0780465 -0.0294354 -0.996515 0 -0.33243 -0.306307 0.565631 1 
-0.996576 -0.0247173 0.0787808 0 -0.0269505 0.999251 -0.0274111 0 -0.0780458 -0.029441 -0.996515 0 -0.332432 -0.306305 0.565631 1 
-0.996576 -0.024716 0.0787779 0 -0.026949 0.999251 -0.0274086 0 -0.078043 -0.0294383 -0.996515 0 -0.332432 -0.306306 0.56563 1 
-0.996576 -0.0247206 0.0787824 0 -0.0269538 0.999251 -0.0274096 0 -0.0780474 -0.0294397 -0.996515 0 -0.332429 -0.306308 0.565631 1 
-0.996576 -0.0247324 0.0787783 0 -0.0269652 0.999251 -0.0274065 0 -0.078043 -0.0294375 -0.996515 0 -0.332427 -0.306311 0.565631 1 
-0.996576 -0.0247122 0.0787832 0 -0.0269452 0.999252 -0.0274069 0 -0.0780485 -0.0294364 -0.996515 0 -0.332434 -0.306303 0.565631 1 
-0.996577 -0.024701 0.0787742 0 -0.0269339 0.999252 -0.0274096 0 -0.0780397 -0.029438 -0.996516 0 -0.332436 -0.3063 0.56563 1 
-0.996576 -0.0247212 0.0787785 0 -0.0269542 0.999251 -0.0274078 0 -0.0780434 -0.0294379 -0.996515 0 -0.332429 -0.306308 0.56563 1 
-0.996575 -0.0247414 0.0787866 0 -0.0269747 0.999251 -0.0274088 0 -0.0780509 -0.0294408 -0.996515 0 -0.332423 -0.306315 0.565633 1 
-0.996576 -0.0247205 0.0787802 0 -0.0269536 0.999251 -0.0274098 0 -0.0780451 -0.0294399 -0.996515 0 -0.33243 -0.306306 0.565632 1 
-0.996575 -0.0247238 0.0787831 0 -0.0269573 0.999251 -0.0274132 0 -0.0780479 -0.0294437 -0.996515 0 -0.332428 -0.306309 0.565633 1 
-0.996575 -0.0247451 0.0787778 0 -0.0269775 0.999251 -0.0274007 0 -0.0780423 -0.0294327 -0.996515 0 -0.332422 -0.306316 0.565628 1 
-0.996574 -0.0247448 0.078789 0 -0.0269784 0.99925 -0.0274118 0 -0.0780532 -0.0294441 -0.996514 0 -0.332422 -0.306316 0.565634 1 
-0.996575 -0.0247381 0.0787833 0 -0.0269714 0.999251 -0.02741 0 -0.0780477 -0.0294416 -0.996515 0 -0.332423 -0.306314 0.565633 1 
-0.996576 -0.0247206 0.0787764 0 -0.0269533 0.999251 -0.0274055 0 -0.0780414 -0.0294355 -0.996515 0 -0.332429 -0.306308 0.565629 1 
-0.996575 -0.0247321 0.078782 0 -0.0269653 0.999251 -0.0274096 0 -0.0780466 -0.0294407 -0.996515 0 -0.332426 -0.306313 0.565631 1 
-0.996574 -0.0247832 0.0787886 0 -0.0270159 0.99925 -0.0273992 0 -0.078052 -0.0294344 -0.996515 0 -0.332408 -0.30633 0.565632 1 
-0.996574 -0.0247902 0.0787841 0 -0.0270226 0.99925 -0.0273971 0 -0.0780473 -0.0294328 -0.996515 0 -0.332406 -0.306332 0.56563 1 
-0.996575 -0.0247549 0.0787813 0 -0.0269877 0.99925 -0.0274038 0 -0.0780454 -0.0294366 -0.996515 0 -0.33242 -0.306319 0.56563 1 
-0.996576 -0.0247227 0.0787784 0 -0.0269557 0.999251 -0.0274085 0 -0.0780433 -0.0294387 -0.996515 0 -0.33243 -0.306306 0.56563 1 
-0.996575 -0.0247543 0.0787825 0 -0.0269871 0.99925 -0.0274044 0 -0.0780466 -0.0294372 -0.996515 0 -0.332419 -0.306318 0.565631 1 
-0.996575 -0.024756 0.0787824 0 -0.0269888 0.99925 -0.0274023 0 -0.0780465 -0.0294353 -0.996515 0 -0.332417 -0.306321 0.56563 1 
-0.996576 -0.0247229 0.0787794 0 -0.026956 0.999251 -0.0274098 0 -0.0780442 -0.0294401 -0.996515 0 -0.332429 -0.306309 0.565631 1 
-0.996575 -0.0247159 0.0787916 0 -0.0269503 0.999251 -0.0274215 0 -0.0780563 -0.0294516 -0.996514 0 -0.332431 -0.306306 0.565638 1 
-0.996574 -0.0247685 0.0787907 0 -0.0270019 0.99925 -0.0274076 0 -0.0780542 -0.0294418 -0.996514 0 -0.332413 -0.306324 0.565635 1 
-0.996573 -0.024797 0.0787902 0 -0.02703 0.999249 -0.0274009 0 -0.0780531 -0.0294372 -0.996515 0 -0.332406 -0.306334 0.565632 1 
-0.996575 -0.024748 0.0787869 0 -0.0269812 0.999251 -0.0274065 0 -0.0780511 -0.0294389 -0.996515 0 -0.33242 -0.306319 0.565632 1 
-0.996575 -0.024736 0.0787872 0 -0.0269696 0.999251 -0.0274119 0 -0.0780516 -0.0294435 -0.996514 0 -0.332425 -0.306315 0.565633 1 
-0.996574 -0.0247784 0.0787899 0 -0.0270113 0.99925 -0.0274012 0 -0.0780534 -0.0294361 -0.996515 0 -0.332411 -0.306329 0.565632 1 
-0.996573 -0.0247863 0.0787905 0 -0.0270194 0.99925 -0.0274037 0 -0.0780537 -0.0294392 -0.996514 0 -0.332409 -0.306331 0.565633 1 
-0.996574 -0.0247598 0.0787847 0 -0.0269928 0.99925 -0.0274047 0 -0.0780486 -0.029438 -0.996515 0 -0.332418 -0.306321 0.565631 1 
-0.996574 -0.0247715 0.0787899 0 -0.0270049 0.99925 -0.027408 0 -0.0780534 -0.0294424 -0.996514 0 -0.332414 -0.306325 0.565633 1 
-0.996574 -0.0247951 0.0787759 0 -0.0270266 0.99925 -0.0273875 0 -0.0780392 -0.0294233 -0.996516 0 -0.332408 -0.306335 0.565623 1 
-0.996574 -0.0247835 0.0787814 0 -0.0270158 0.99925 -0.0273963 0 -0.0780449 -0.0294313 -0.996515 0 -0.332411 -0.306332 0.565626 1 
-0.996575 -0.0247505 0.0787801 0 -0.0269833 0.999251 -0.0274037 0 -0.0780443 -0.0294362 -0.996515 0 -0.332422 -0.306318 0.565628 1 
-0.996575 -0.0247603 0.0787761 0 -0.0269924 0.999251 -0.0273966 0 -0.0780402 -0.0294297 -0.996516 0 -0.33242 -0.306323 0.565626 1 
-0.996575 -0.0247693 0.0787688 0 -0.0270007 0.99925 -0.0273898 0 -0.0780329 -0.0294234 -0.996516 0 -0.332415 -0.306328 0.56562 1 
-0.996577 -0.0247444 0.0787579 0 -0.0269746 0.999251 -0.0273807 0 -0.078023 -0.029412 -0.996518 0 -0.332425 -0.306316 0.565614 1 
-0.99658 -0.0247228 0.0787221 0 -0.0269501 0.999253 -0.0273577 0 -0.0779884 -0.0293863 -0.996521 0 -0.332434 -0.30631 0.565596 1 
-0.996583 -0.0247106 0.0786975 0 -0.0269357 0.999254 -0.0273397 0 -0.0779647 -0.0293666 -0.996524 0 -0.33244 -0.306309 0.565581 1 
-0.996585 -0.0247406 0.0786588 0 -0.0269615 0.999254 -0.0272984 0 -0.0779263 -0.0293265 -0.996528 0 -0.332434 -0.30632 0.565557 1 
-0.996589 -0.0247558 0.0785959 0 -0.0269702 0.999255 -0.027238 0 -0.0778646 -0.0292655 -0.996534 0 -0.332434 -0.30633 0.565516 1 
-0.996594 -0.0247432 0.0785407 0 -0.0269521 0.999257 -0.0271897 0 -0.0778111 -0.0292145 -0.99654 0 -0.332451 -0.306337 0.565483 1 
-0.996601 -0.0247543 0.0784553 0 -0.0269551 0.999259 -0.0271171 0 -0.0777275 -0.0291402 -0.996549 0 -0.33246 -0.306352 0.565432 1 
-0.996609 -0.0247999 0.0783367 0 -0.0269886 0.999261 -0.0270058 0 -0.0776105 -0.029029 -0.996561 0 -0.332456 -0.306373 0.565359 1 
-0.996625 -0.0248282 0.0781234 0 -0.0269957 0.999266 -0.0268121 0 -0.0774019 -0.0288312 -0.996583 0 -0.332454 -0.306382 0.565224 1 
-0.996606 -0.0248487 0.0783557 0 -0.0270383 0.99926 -0.0270081 0 -0.0776281 -0.0290356 -0.996559 0 -0.33252 -0.306468 0.56521 1 
-0.996599 -0.024877 0.0784408 0 -0.0270755 0.999257 -0.0270896 0 -0.0777101 -0.0291219 -0.996551 0 -0.332548 -0.306539 0.565152 1 
-0.996609 -0.0249128 0.0783024 0 -0.0270967 0.99926 -0.0269523 0 -0.0775745 -0.0289832 -0.996565 0 -0.332494 -0.306612 0.565002 1 
-0.996632 -0.0250357 0.0779718 0 -0.0271875 0.999265 -0.0266591 0 -0.0772486 -0.0286897 -0.996599 0 -0.332398 -0.306718 0.564746 1 
-0.996677 -0.0252656 0.077316 0 -0.0273553 0.999276 -0.0260893 0 -0.0766023 -0.0281182 -0.996665 0 -0.332171 -0.306889 0.564288 1 
-0.996721 -0.0256744 0.0766089 0 -0.0277015 0.999281 -0.0255162 0 -0.0759002 -0.0275553 -0.996735 0 -0.331837 -0.307225 0.563651 1 
-0.996775 -0.0259908 0.0758012 0 -0.0279535 0.999288 -0.0249465 0 -0.0751003 -0.0269855 -0.996811 0 -0.331354 -0.307723 0.562904 1 
-0.996864 -0.0262586 0.0745209 0 -0.0281172 0.999307 -0.0240015 0 -0.0738404 -0.0260221 -0.996931 0 -0.330598 -0.308424 0.561782 1 
-0.996953 -0.0266544 0.0731829 0 -0.0284075 0.999322 -0.0230191 0 -0.0725211 -0.0250284 -0.997053 0 -0.329679 -0.309374 0.56042 1 
-0.997051 -0.0271994 0.0716286 0 -0.0288437 0.999332 -0.0220212 0 -0.0709831 -0.0240228 -0.997188 0 -0.328519 -0.310612 0.558792 1 
-0.997137 -0.0277596 0.0702037 0 -0.02932 0.999334 -0.0212935 0 -0.0695672 -0.0232914 -0.997305 0 -0.3271 -0.31227 0.556928 1 
-0.997191 -0.0283475 0.0691889 0 -0.0298626 0.999325 -0.0209612 0 -0.0685493 -0.0229689 -0.997383 0 -0.325499 -0.314338 0.554794 1 
-0.997258 -0.0283982 0.06819 0 -0.0298662 0.999332 -0.020606 0 -0.0675606 -0.0225865 -0.997459 0 -0.323686 -0.316728 0.552323 1 
-0.997327 -0.0284765 0.0671418 0 -0.0299002 0.999337 -0.0202944 0 -0.0665207 -0.0222482 -0.997537 0 -0.321586 -0.319441 0.549544 1 
-0.997364 -0.0285932 0.0665431 0 -0.0300135 0.999331 -0.0204432 0 -0.0659153 -0.022387 -0.997574 0 -0.319129 -0.322661 0.546574 1 
-0.997408 -0.0287029 0.0658404 0 -0.0301182 0.999324 -0.0206043 0 -0.0652058 -0.0225343 -0.997617 0 -0.316402 -0.326099 0.543353 1 
-0.997445 -0.0286816 0.0652836 0 -0.0301045 0.999318 -0.020918 0 -0.0646403 -0.0228304 -0.997647 0 -0.313462 -0.329777 0.539823 1 
-0.99746 -0.0286664 0.0650609 0 -0.0301304 0.999302 -0.0216324 0 -0.0643966 -0.0235382 -0.997647 0 -0.310255 -0.333679 0.536301 1 
-0.997523 -0.0283147 0.064234 0 -0.0297761 0.999307 -0.0219096 0 -0.0635703 -0.0237684 -0.997694 0 -0.306565 -0.337795 0.532304 1 
-0.997552 -0.0288892 0.0635283 0 -0.030354 0.999283 -0.0222132 0 -0.0628422 -0.0240877 -0.997733 0 -0.3025 -0.342152 0.528142 1 
-0.997606 -0.0286898 0.0627649 0 -0.0301587 0.99928 -0.0225818 0 -0.0620731 -0.0244211 -0.997773 0 -0.298129 -0.346577 0.523885 1 
-0.997641 -0.028744 0.0621885 0 -0.0302374 0.999264 -0.0232069 0 -0.0614768 -0.025033 -0.997795 0 -0.293244 -0.35139 0.519244 1 
-0.997646 -0.0290918 0.0619351 0 -0.0306256 0.999234 -0.0239614 0 -0.0611917 -0.0258023 -0.997792 0 -0.288555 -0.355893 0.515036 1 
-0.997692 -0.028998 0.0612446 0 -0.0305351 0.999228 -0.0243115 0 -0.0604935 -0.026126 -0.997827 0 -0.283195 -0.360615 0.510459 1 
-0.997671 -0.029355 0.0614183 0 -0.0309513 0.999193 -0.0252028 0 -0.0606301 -0.0270455 -0.997794 0 -0.277755 -0.365463 0.505992 1 
-0.997709 -0.0291362 0.0608963 0 -0.0307351 0.999193 -0.0254862 0 -0.0601058 -0.0272999 -0.997819 0 -0.271971 -0.370138 0.501387 1 
-0.99773 -0.0293486 0.0604551 0 -0.0309558 0.999178 -0.0258219 0 -0.0596487 -0.0276353 -0.997837 0 -0.26682 -0.374121 0.497668 1 
-0.997748 -0.0297344 0.059962 0 -0.0313179 0.999171 -0.0256442 0 -0.0591509 -0.0274648 -0.997871 0 -0.259718 -0.379287 0.49265 1 
-0.997744 -0.0294426 0.0601689 0 -0.0310877 0.999153 -0.026591 0 -0.0593361 -0.0284021 -0.997834 0 -0.253077 -0.384267 0.488265 1 
-0.997726 -0.030175 0.0601058 0 -0.0318415 0.99912 -0.0269631 0 -0.0592404 -0.0288162 -0.997828 0 -0.246602 -0.388782 0.484389 1 
-0.997715 -0.0305914 0.0600733 0 -0.0322587 0.999106 -0.026984 0 -0.0591952 -0.0288608 -0.997829 0 -0.239203 -0.393684 0.480048 1 
-0.997697 -0.0310376 0.0601472 0 -0.0327474 0.999071 -0.0276515 0 -0.0592343 -0.0295581 -0.997806 0 -0.23227 -0.398245 0.476321 1 
-0.997686 -0.031001 0.060356 0 -0.0327793 0.999041 -0.0286998 0 -0.0594095 -0.0306124 -0.997764 0 -0.22598 -0.402317 0.473163 1 
-0.997668 -0.0310856 0.060609 0 -0.0329039 0.999021 -0.0292349 0 -0.0596421 -0.0311616 -0.997733 0 -0.217502 -0.407512 0.468935 1 
-0.997667 -0.0309564 0.0606833 0 -0.0328044 0.999011 -0.0296972 0 -0.0597051 -0.0316192 -0.997715 0 -0.210288 -0.411853 0.46552 1 
-0.997684 -0.0309577 0.0604025 0 -0.0328105 0.999004 -0.0299269 0 -0.059417 -0.03184 -0.997725 0 -0.202003 -0.416619 0.46177 1 
-0.997674 -0.0307121 0.0607034 0 -0.0326148 0.99899 -0.0306069 0 -0.0597032 -0.0325162 -0.997686 0 -0.194742 -0.420892 0.458594 1 
-0.997656 -0.0306261 0.0610297 0 -0.0325645 0.998978 -0.0310231 0 -0.0600184 -0.0329384 -0.997654 0 -0.187888 -0.42487 0.455653 1 
-0.997671 -0.0300382 0.0610784 0 -0.0319986 0.998986 -0.0313743 0 -0.0600752 -0.0332563 -0.99764 0 -0.180828 -0.428955 0.452721 1 
-0.997667 -0.0300837 0.0611191 0 -0.0320488 0.998982 -0.0314299 0 -0.0601125 -0.033316 -0.997635 0 -0.173088 -0.433391 0.449588 1 
-0.99768 -0.0297562 0.0610665 0 -0.0317051 0.999001 -0.0311977 0 -0.0600783 -0.0330621 -0.997646 0 -0.165722 -0.437593 0.446606 1 
-0.99768 -0.0292671 0.0613172 0 -0.0312659 0.998992 -0.0318948 0 -0.0603231 -0.0337386 -0.997609 0 -0.158901 -0.441748 0.443969 1 
-0.997665 -0.0291568 0.0616058 0 -0.0312311 0.998958 -0.0329797 0 -0.0605812 -0.0348273 -0.997555 0 -0.151918 -0.445978 0.441613 1 
-0.997637 -0.0294285 0.0619359 0 -0.0315356 0.998937 -0.0333218 0 -0.0608906 -0.035197 -0.997524 0 -0.144964 -0.450014 0.439483 1 
-0.997645 -0.0291816 0.0619086 0 -0.0312979 0.998939 -0.0334929 0 -0.0608668 -0.0353523 -0.99752 0 -0.138135 -0.453991 0.437312 1 
-0.997631 -0.0293675 0.0620508 0 -0.0314982 0.998928 -0.0336426 0 -0.0609974 -0.0355181 -0.997506 0 -0.131224 -0.458042 0.434963 1 
-0.997593 -0.0298881 0.0624177 0 -0.0320411 0.998906 -0.0337815 0 -0.0613409 -0.0357008 -0.997478 0 -0.124471 -0.461925 0.432776 1 
-0.997597 -0.0295983 0.0624902 0 -0.0317706 0.998905 -0.0340595 0 -0.0614149 -0.0359637 -0.997464 0 -0.117748 -0.465625 0.430864 1 
-0.997567 -0.0300019 0.0627762 0 -0.0322066 0.998879 -0.0344087 0 -0.0616747 -0.0363475 -0.997434 0 -0.111131 -0.469302 0.428952 1 
-0.997534 -0.0299517 0.063327 0 -0.0322203 0.998854 -0.0351111 0 -0.062204 -0.0370657 -0.997375 0 -0.104921 -0.473052 0.426855 1 
-0.997479 -0.0299858 0.064162 0 -0.0323567 0.99881 -0.0362371 0 -0.0630002 -0.0382225 -0.997281 0 -0.0989006 -0.476694 0.42504 1 
-0.997413 -0.0302992 0.0650374 0 -0.0327283 0.998784 -0.0366141 0 -0.0638501 -0.0386487 -0.997211 0 -0.0933998 -0.480012 0.423511 1 
-0.997373 -0.0304416 0.065576 0 -0.0328819 0.998784 -0.0364597 0 -0.0643876 -0.0385209 -0.997181 0 -0.0881799 -0.483369 0.421913 1 
-0.997357 -0.0300688 0.065995 0 -0.0325595 0.998775 -0.0369946 0 -0.0648031 -0.0390463 -0.997134 0 -0.0834834 -0.486834 0.420457 1 
-0.997313 -0.0302581 0.0665678 0 -0.0328302 0.998733 -0.0378909 0 -0.0653382 -0.0399754 -0.997062 0 -0.0789372 -0.490484 0.419465 1 
-0.997307 -0.0298099 0.0668693 0 -0.0323822 0.998754 -0.0377187 0 -0.0656629 -0.0397832 -0.997048 0 -0.0752879 -0.493601 0.418481 1 
-0.997301 -0.0292882 0.0671872 0 -0.0318587 0.998779 -0.0375104 0 -0.0660078 -0.0395505 -0.997035 0 -0.0722053 -0.496895 0.417455 1 
-0.997274 -0.0290756 0.0676733 0 -0.0316845 0.998773 -0.0378015 0 -0.0664925 -0.0398435 -0.996991 0 -0.0696104 -0.500118 0.417013 1 
-0.997246 -0.0292699 0.0680101 0 -0.0318603 0.998786 -0.0373205 0 -0.0668365 -0.0393853 -0.996986 0 -0.0674838 -0.50321 0.416436 1 
-0.99722 -0.0293873 0.0683287 0 -0.031983 0.998786 -0.0372099 0 -0.0671536 -0.0392926 -0.996969 0 -0.0658606 -0.506587 0.415736 1 
-0.99718 -0.029488 0.068873 0 -0.0321553 0.998753 -0.0379456 0 -0.0676694 -0.040054 -0.996903 0 -0.0647485 -0.509984 0.415629 1 
-0.997141 -0.0298834 0.0692658 0 -0.0325366 0.998757 -0.0374983 0 -0.0680605 -0.0396455 -0.996893 0 -0.0641796 -0.513435 0.415057 1 
-0.997104 -0.0298134 0.0698231 0 -0.032519 0.998741 -0.0379371 0 -0.0686055 -0.0400986 -0.996838 0 -0.064178 -0.516942 0.414768 1 
-0.997067 -0.0297116 0.0703885 0 -0.0324567 0.998734 -0.0381817 0 -0.0691663 -0.0403551 -0.996789 0 -0.0646199 -0.52046 0.414557 1 
-0.997046 -0.0290658 0.0709564 0 -0.0318037 0.998771 -0.0377645 0 -0.0697729 -0.0399104 -0.996764 0 -0.0655084 -0.524059 0.413787 1 
-0.997015 -0.0278434 0.071877 0 -0.0306543 0.998786 -0.0383048 0 -0.0707246 -0.0403946 -0.996678 0 -0.0667992 -0.527676 0.413552 1 
-0.996969 -0.0269911 0.0728298 0 -0.0297783 0.998845 -0.0374586 0 -0.071736 -0.0395146 -0.996641 0 -0.0684265 -0.53135 0.412549 1 
-0.996898 -0.0266716 0.0739122 0 -0.0295239 0.998841 -0.0377697 0 -0.0728205 -0.0398355 -0.996549 0 -0.0703985 -0.535001 0.412043 1 
-0.996865 -0.0259546 0.0746208 0 -0.0287464 0.998907 -0.0365854 0 -0.0735912 -0.0386166 -0.996541 0 -0.0726159 -0.538603 0.410789 1 
-0.99682 -0.0253763 0.0754045 0 -0.0282036 0.99892 -0.0366703 0 -0.0743939 -0.0386811 -0.996478 0 -0.0751076 -0.542061 0.409823 1 
-0.996777 -0.0252429 0.0760159 0 -0.0280161 0.998962 -0.0356377 0 -0.0750388 -0.0376533 -0.996469 0 -0.0779956 -0.545781 0.408213 1 
-0.996741 -0.0249261 0.0765991 0 -0.0277433 0.998959 -0.035937 0 -0.075625 -0.0379457 -0.996414 0 -0.0809613 -0.549243 0.406789 1 
-0.996708 -0.0249362 0.0770194 0 -0.0277737 0.998956 -0.0359931 0 -0.076043 -0.0380145 -0.99638 0 -0.0836082 -0.552219 0.40533 1 
-0.996652 -0.0251534 0.0776763 0 -0.0280745 0.998921 -0.0367466 0 -0.0766697 -0.038805 -0.996301 0 -0.0879032 -0.556537 0.402885 1 
-0.996615 -0.0255476 0.0780213 0 -0.0284448 0.998928 -0.0362501 0 -0.077013 -0.0383474 -0.996292 0 -0.091588 -0.559736 0.4005 1 
-0.996585 -0.0254928 0.0784152 0 -0.0283958 0.998934 -0.0361308 0 -0.077412 -0.0382348 -0.996266 0 -0.095783 -0.563093 0.397829 1 
-0.996533 -0.0265967 0.0787115 0 -0.0294094 0.998952 -0.0347937 0 -0.0777051 -0.0369886 -0.99629 0 -0.100701 -0.56674 0.394304 1 
-0.996515 -0.0260959 0.0791005 0 -0.0289324 0.998961 -0.0349271 0 -0.0781084 -0.0370946 -0.996255 0 -0.105378 -0.5699 0.391176 1 
-0.996505 -0.0258932 0.0792962 0 -0.0286576 0.999004 -0.0339249 0 -0.0783403 -0.0360794 -0.996274 0 -0.110067 -0.572863 0.38755 1 
-0.996468 -0.0261756 0.0796681 0 -0.0289496 0.998997 -0.0338645 0 -0.0787034 -0.036052 -0.996246 0 -0.11492 -0.575846 0.383969 1 
-0.996459 -0.025831 0.0798899 0 -0.0285648 0.999029 -0.0332667 0 -0.0789545 -0.0354316 -0.996248 0 -0.119908 -0.578844 0.379597 1 
-0.996432 -0.0255686 0.0803187 0 -0.0283499 0.999021 -0.0336801 0 -0.0793805 -0.0358376 -0.9962 0 -0.125141 -0.581652 0.375504 1 
-0.996404 -0.0263106 0.0804155 0 -0.0289942 0.999045 -0.0323872 0 -0.0794881 -0.034603 -0.996235 0 -0.130207 -0.584186 0.370777 1 
-0.996389 -0.0258585 0.0807519 0 -0.0285539 0.999057 -0.0324039 0 -0.0798394 -0.0345934 -0.996207 0 -0.135801 -0.586917 0.365982 1 
-0.996399 -0.0255871 0.0807109 0 -0.0281488 0.999121 -0.0307618 0 -0.0798543 -0.0329236 -0.996263 0 -0.141194 -0.589138 0.36078 1 
-0.996362 -0.0256145 0.081168 0 -0.0282447 0.999097 -0.0314234 0 -0.0802914 -0.0336023 -0.996205 0 -0.146797 -0.591421 0.356056 1 
-0.996369 -0.02538 0.0811495 0 -0.0279015 0.999148 -0.0300899 0 -0.0803182 -0.0322455 -0.996248 0 -0.15236 -0.593321 0.350461 1 
-0.996332 -0.0257939 0.0814794 0 -0.0283179 0.99914 -0.029975 0 -0.0806377 -0.032173 -0.996224 0 -0.158612 -0.595082 0.345233 1 
-0.996354 -0.0255723 0.0812764 0 -0.0279314 0.999207 -0.0280223 0 -0.0804969 -0.0301909 -0.996298 0 -0.164781 -0.596311 0.339369 1 
-0.99632 -0.0256682 0.0816615 0 -0.0280686 0.999193 -0.0283825 0 -0.0808687 -0.0305707 -0.996256 0 -0.170927 -0.597582 0.334142 1 
-0.996354 -0.0251362 0.0814145 0 -0.0273699 0.999266 -0.026437 0 -0.0806917 -0.0285694 -0.99633 0 -0.178025 -0.598242 0.327531 1 
-0.996333 -0.0256089 0.0815197 0 -0.0278082 0.999267 -0.0259582 0 -0.0807967 -0.0281305 -0.996334 0 -0.184146 -0.598692 0.322139 1 
-0.996369 -0.0252429 0.081192 0 -0.0272804 0.999328 -0.0240842 0 -0.080531 -0.0262122 -0.996407 0 -0.190882 -0.598685 0.315781 1 
-0.996386 -0.0243764 0.0812546 0 -0.0263893 0.999359 -0.0237912 0 -0.0806241 -0.02585 -0.996409 0 -0.197574 -0.598691 0.3098 1 
-0.996404 -0.0240642 0.0811181 0 -0.0259895 0.999393 -0.0227614 0 -0.0805227 -0.0247883 -0.996444 0 -0.203873 -0.598392 0.304108 1 
-0.996447 -0.0233663 0.0808009 0 -0.025167 0.999446 -0.0213387 0 -0.0802591 -0.0232969 -0.996502 0 -0.210357 -0.59787 0.29794 1 
-0.996442 -0.0235382 0.0808033 0 -0.0253159 0.999448 -0.0210464 0 -0.0802649 -0.0230176 -0.996508 0 -0.216327 -0.597346 0.292737 1 
-0.996482 -0.0226249 0.0805819 0 -0.0243292 0.99949 -0.0202303 0 -0.0800846 -0.02212 -0.996543 0 -0.22198 -0.596668 0.287234 1 
-0.996505 -0.0222725 0.0803836 0 -0.0239079 0.999516 -0.0194393 0 -0.0799132 -0.0212936 -0.996574 0 -0.227917 -0.595798 0.281419 1 
-0.996518 -0.0220403 0.0802915 0 -0.0236509 0.999527 -0.019163 0 -0.0798327 -0.0209957 -0.996587 0 -0.233132 -0.594966 0.276489 1 
-0.996554 -0.0214348 0.0800085 0 -0.0229979 0.999552 -0.0186668 0 -0.079574 -0.0204429 -0.996619 0 -0.238226 -0.594083 0.271003 1 
-0.996581 -0.0216076 0.0796231 0 -0.0231176 0.999559 -0.0180916 0 -0.0791986 -0.0198709 -0.996661 0 -0.243116 -0.593043 0.265452 1 
-0.996609 -0.021161 0.0793927 0 -0.0226652 0.99957 -0.0180928 0 -0.0789772 -0.0198313 -0.996679 0 -0.247334 -0.592109 0.260624 1 
-0.996662 -0.020834 0.0788102 0 -0.0222402 0.999598 -0.0170079 0 -0.0784257 -0.0187042 -0.996744 0 -0.251297 -0.590987 0.255064 1 
-0.996701 -0.0207023 0.0783562 0 -0.0220732 0.999608 -0.016671 0 -0.0779819 -0.0183459 -0.996786 0 -0.254756 -0.590005 0.249447 1 
-0.996745 -0.020267 0.0779053 0 -0.0215986 0.999624 -0.0162879 0 -0.0775475 -0.0179179 -0.996828 0 -0.257815 -0.588879 0.24403 1 
-0.996797 -0.0199449 0.0773207 0 -0.0212081 0.999645 -0.0155511 0 -0.0769845 -0.0171414 -0.996885 0 -0.260594 -0.587618 0.23834 1 
-0.996864 -0.0197239 0.0765068 0 -0.020898 0.999666 -0.014575 0 -0.0761952 -0.0161284 -0.996962 0 -0.262642 -0.586403 0.232561 1 
-0.996906 -0.0198266 0.0759368 0 -0.0209657 0.999669 -0.0142325 0 -0.075631 -0.0157808 -0.997011 0 -0.264339 -0.585139 0.226485 1 
-0.996929 -0.0205484 0.0754333 0 -0.0216696 0.999656 -0.0140754 0 -0.0751196 -0.0156671 -0.997051 0 -0.265686 -0.583832 0.220604 1 
-0.996984 -0.020464 0.0747267 0 -0.0215434 0.999665 -0.0136675 0 -0.0744234 -0.0152364 -0.99711 0 -0.266643 -0.582411 0.214609 1 
-0.997061 -0.0201123 0.0737938 0 -0.0211265 0.999683 -0.0129882 0 -0.0735106 -0.0145093 -0.997189 0 -0.267207 -0.580773 0.207824 1 
-0.99711 -0.0200166 0.073157 0 -0.0210283 0.999684 -0.0130849 0 -0.0728733 -0.0145858 -0.997235 0 -0.267376 -0.579295 0.201491 1 
-0.997152 -0.0200537 0.072575 0 -0.0210805 0.999678 -0.0134099 0 -0.0722842 -0.0149019 -0.997273 0 -0.267133 -0.577787 0.195329 1 
-0.997193 -0.0204999 0.0718746 0 -0.0215225 0.999668 -0.0134822 0 -0.0715758 -0.0149916 -0.997322 0 -0.266474 -0.5762 0.189346 1 
-0.99723 -0.0213741 0.0711112 0 -0.0223855 0.999649 -0.0134571 0 -0.0708 -0.015012 -0.997378 0 -0.265505 -0.574631 0.183466 1 
-0.997257 -0.0225205 0.0703668 0 -0.0235392 0.99962 -0.013682 0 -0.0700332 -0.0153012 -0.997427 0 -0.264267 -0.573022 0.177525 1 
-0.997286 -0.0235715 0.0696076 0 -0.0245887 0.999593 -0.0137933 0 -0.0692555 -0.0154677 -0.997479 0 -0.262805 -0.571348 0.171876 1 
-0.997323 -0.0243377 0.0688152 0 -0.025348 0.999573 -0.0138465 0 -0.0684502 -0.015554 -0.997533 0 -0.261145 -0.569586 0.166547 1 
-0.997345 -0.0250187 0.068242 0 -0.0260642 0.999546 -0.0144736 0 -0.0678502 -0.0162142 -0.997564 0 -0.25936 -0.5679 0.161583 1 
-0.997377 -0.0256238 0.067557 0 -0.0266814 0.999525 -0.0147993 0 -0.067147 -0.0165633 -0.997606 0 -0.257372 -0.566164 0.156954 1 
-0.997412 -0.0260988 0.0668487 0 -0.0271618 0.999508 -0.0150428 0 -0.0664245 -0.01682 -0.99765 0 -0.255308 -0.5645 0.152794 1 
-0.997452 -0.0259405 0.0663058 0 -0.0270425 0.9995 -0.0157763 0 -0.0658647 -0.0175295 -0.997675 0 -0.253009 -0.562927 0.148783 1 
-0.997513 -0.025612 0.0655165 0 -0.0267082 0.999507 -0.0159107 0 -0.0650779 -0.0176213 -0.997725 0 -0.250476 -0.561259 0.144931 1 
-0.997569 -0.0253203 0.0647667 0 -0.0264178 0.999511 -0.0161458 0 -0.0643275 -0.0178179 -0.99777 0 -0.247697 -0.559646 0.141281 1 
-0.997598 -0.0253882 0.0642987 0 -0.0265303 0.999494 -0.0169715 0 -0.0638365 -0.0186369 -0.997786 0 -0.244854 -0.558268 0.138026 1 
-0.99764 -0.0253062 0.0636741 0 -0.0264648 0.999488 -0.0174194 0 -0.063202 -0.0190638 -0.997819 0 -0.241812 -0.556882 0.134913 1 
-0.997672 -0.0251593 0.0632301 0 -0.0263606 0.999477 -0.0182367 0 -0.0627393 -0.0198614 -0.997832 0 -0.238704 -0.555787 0.132132 1 
-0.997721 -0.0247809 0.0626009 0 -0.0259803 0.999483 -0.018418 0 -0.0621133 -0.0200028 -0.997869 0 -0.235644 -0.554757 0.129568 1 
-0.997745 -0.0247363 0.0622412 0 -0.0259852 0.999466 -0.0193366 0 -0.0617308 -0.0209107 -0.997874 0 -0.23249 -0.553946 0.127139 1 
-0.997763 -0.0248986 0.0618842 0 -0.0261956 0.999442 -0.020235 0 -0.061347 -0.0218112 -0.997878 0 -0.229231 -0.553222 0.124841 1 
-0.997785 -0.0252148 0.0614019 0 -0.0265237 0.999426 -0.020596 0 -0.0608486 -0.0221794 -0.997901 0 -0.226086 -0.552565 0.122731 1 
-0.997804 -0.0252012 0.0610908 0 -0.0265488 0.99941 -0.0213485 0 -0.0605179 -0.022924 -0.997904 0 -0.22296 -0.552139 0.12085 1 
-0.997819 -0.0254066 0.0607594 0 -0.0267702 0.999396 -0.0217341 0 -0.0601717 -0.0233137 -0.997916 0 -0.219681 -0.551856 0.119136 1 
-0.99783 -0.0256896 0.0604662 0 -0.0270855 0.999373 -0.0223798 0 -0.0598545 -0.0239695 -0.997919 0 -0.216508 -0.551772 0.117642 1 
-0.997826 -0.0259846 0.0604003 0 -0.0274475 0.999337 -0.0235175 0 -0.0597503 -0.0251247 -0.997897 0 -0.213629 -0.551877 0.116362 1 
-0.997839 -0.0258636 0.060249 0 -0.0273712 0.999319 -0.0243338 0 -0.0595798 -0.0259308 -0.997887 0 -0.211001 -0.552052 0.115207 1 
-0.997856 -0.0259075 0.0599337 0 -0.0274152 0.999315 -0.0244726 0 -0.0592598 -0.0260637 -0.997902 0 -0.208317 -0.552285 0.114017 1 
-0.997868 -0.0262724 0.0595752 0 -0.0277696 0.999306 -0.0244446 0 -0.0588927 -0.0260474 -0.997924 0 -0.205646 -0.552694 0.112901 1 
-0.99788 -0.0263965 0.0593275 0 -0.0279025 0.999296 -0.0247014 0 -0.0586349 -0.0263049 -0.997933 0 -0.203022 -0.553331 0.111891 1 
-0.997877 -0.026823 0.0591808 0 -0.0283568 0.99927 -0.0252317 0 -0.0584619 -0.0268568 -0.997928 0 -0.200336 -0.554198 0.110821 1 
-0.997888 -0.0268228 0.0590023 0 -0.028366 0.999263 -0.0254753 0 -0.0582767 -0.0270957 -0.997933 0 -0.198136 -0.55496 0.109806 1 
-0.997892 -0.0268132 0.058939 0 -0.0283923 0.999246 -0.0261191 0 -0.0581953 -0.027738 -0.99792 0 -0.196009 -0.555787 0.10871 1 
-0.99789 -0.027105 0.0588327 0 -0.0287078 0.999225 -0.0265701 0 -0.058068 -0.0282036 -0.997914 0 -0.194018 -0.556535 0.107554 1 
-0.997901 -0.0272592 0.0585839 0 -0.0288525 0.999222 -0.0265263 0 -0.0578163 -0.0281614 -0.99793 0 -0.192157 -0.55716 0.106355 1 
-0.997915 -0.0272829 0.0583339 0 -0.0288658 0.999223 -0.0264672 0 -0.0575676 -0.0280964 -0.997946 0 -0.190414 -0.557766 0.105076 1 
-0.997927 -0.0270411 0.0582393 0 -0.0286338 0.999224 -0.0266887 0 -0.0574735 -0.0283015 -0.997946 0 -0.188986 -0.558371 0.10386 1 
-0.997923 -0.0272069 0.058224 0 -0.0288085 0.999215 -0.0268479 0 -0.057449 -0.0284701 -0.997942 0 -0.187815 -0.558962 0.102532 1 
-0.997916 -0.0273465 0.0582807 0 -0.0289929 0.999189 -0.0275925 0 -0.05748 -0.0292253 -0.997919 0 -0.187022 -0.559634 0.101238 1 
-0.997918 -0.0272472 0.0583005 0 -0.0289277 0.999175 -0.028178 0 -0.0574857 -0.0298064 -0.997901 0 -0.186485 -0.560227 0.0997667 1 
-0.997915 -0.0273743 0.0582759 0 -0.0290729 0.999161 -0.0285026 0 -0.0574478 -0.030138 -0.997894 0 -0.186154 -0.56074 0.0979493 1 
-0.997907 -0.0276845 0.0582664 0 -0.0293951 0.999146 -0.0287085 0 -0.057423 -0.0303618 -0.997888 0 -0.186057 -0.561171 0.0961039 1 
-0.997902 -0.027859 0.0582687 0 -0.0295808 0.999135 -0.0288985 0 -0.0574143 -0.0305621 -0.997883 0 -0.186166 -0.561569 0.0942798 1 
-0.997901 -0.0278295 0.0583168 0 -0.0295655 0.999129 -0.02912 0 -0.0574567 -0.0307836 -0.997873 0 -0.186428 -0.562008 0.0925494 1 
-0.997908 -0.0276358 0.058279 0 -0.0293746 0.999132 -0.0291925 0 -0.0574228 -0.030844 -0.997873 0 -0.18678 -0.562476 0.0907728 1 
-0.997922 -0.027284 0.0582081 0 -0.0290131 0.999147 -0.0290697 0 -0.0573664 -0.0306987 -0.997881 0 -0.187286 -0.562955 0.0885903 1 
-0.997933 -0.0269505 0.0581745 0 -0.0286716 0.99916 -0.0289568 0 -0.0573463 -0.0305655 -0.997886 0 -0.187817 -0.563453 0.0865209 1 
-0.997932 -0.0266066 0.0583424 0 -0.0283575 0.999156 -0.029392 0 -0.0575123 -0.0309863 -0.997864 0 -0.188407 -0.564113 0.0846665 1 
-0.997932 -0.0262627 0.0585109 0 -0.0280288 0.99916 -0.0295699 0 -0.0576863 -0.0311494 -0.997849 0 -0.189048 -0.564836 0.0830456 1 
-0.997941 -0.02585 0.058535 0 -0.0275885 0.999186 -0.0290885 0 -0.0577365 -0.0306441 -0.997861 0 -0.189753 -0.565525 0.0813516 1 
-0.997963 -0.0253588 0.0583747 0 -0.0270416 0.999226 -0.0282197 0 -0.057615 -0.0297413 -0.997896 0 -0.190437 -0.566101 0.0794015 1 
-0.997972 -0.0249042 0.0584114 0 -0.0265749 0.999245 -0.0280019 0 -0.0576711 -0.0294979 -0.9979 0 -0.191116 -0.56676 0.0777178 1 
-0.997965 -0.0244509 0.0587239 0 -0.0261523 0.999245 -0.0283816 0 -0.0579868 -0.0298602 -0.997871 0 -0.191931 -0.567679 0.07629 1 
-0.997951 -0.024126 0.0590932 0 -0.0258487 0.999248 -0.0285623 0 -0.0583608 -0.0300319 -0.997844 0 -0.192779 -0.568688 0.0750155 1 
-0.997945 -0.0238286 0.0593205 0 -0.0255401 0.999265 -0.0282623 0 -0.0586046 -0.0297198 -0.997839 0 -0.193584 -0.569573 0.0736231 1 
-0.997946 -0.0234923 0.0594306 0 -0.0251702 0.999291 -0.0276424 0 -0.0587403 -0.0290821 -0.99785 0 -0.194398 -0.570397 0.0719709 1 
-0.997944 -0.023196 0.059583 0 -0.024853 0.999311 -0.0272204 0 -0.0589117 -0.0286458 -0.997852 0 -0.195175 -0.571202 0.0704135 1 
-0.997929 -0.0230206 0.0599046 0 -0.0246792 0.999319 -0.0270954 0 -0.0592412 -0.0285182 -0.997836 0 -0.195982 -0.572094 0.0690806 1 
-0.997909 -0.0229337 0.0602709 0 -0.0245905 0.999326 -0.0268923 0 -0.0596147 -0.0283187 -0.99782 0 -0.196856 -0.572998 0.0677713 1 
-0.997906 -0.0226874 0.0604159 0 -0.024308 0.999351 -0.0262245 0 -0.0597829 -0.0276387 -0.997829 0 -0.197683 -0.573712 0.0662039 1 
-0.997905 -0.0224512 0.0605119 0 -0.0240299 0.999377 -0.0254886 0 -0.059903 -0.0268899 -0.997842 0 -0.198454 -0.57432 0.0645549 1 
-0.997901 -0.0222263 0.0606665 0 -0.0237852 0.999392 -0.0250951 0 -0.060073 -0.0264859 -0.997843 0 -0.199206 -0.574917 0.0630604 1 
-0.997891 -0.0220305 0.0608963 0 -0.023597 0.999396 -0.025126 0 -0.0603072 -0.0265105 -0.997828 0 -0.199908 -0.575542 0.0617602 1 
-0.997877 -0.0219512 0.0611519 0 -0.0235292 0.999396 -0.0252045 0 -0.0605629 -0.0265904 -0.99781 0 -0.200579 -0.57615 0.0604968 1 
-0.997863 -0.0219441 0.0613902 0 -0.0235333 0.999394 -0.0252851 0 -0.0607993 -0.0266763 -0.997793 0 -0.201245 -0.57669 0.0591715 1 
-0.997859 -0.0218667 0.0614797 0 -0.0234529 0.999398 -0.0251983 0 -0.0608928 -0.0265867 -0.99779 0 -0.201822 -0.577034 0.0577095 1 
-0.997857 -0.021762 0.0615467 0 -0.0233491 0.9994 -0.0251864 0 -0.0609629 -0.02657 -0.997786 0 -0.202332 -0.577253 0.0563341 1 
-0.997856 -0.0217133 0.0615858 0 -0.0232998 0.999402 -0.0251604 0 -0.0610039 -0.0265419 -0.997785 0 -0.202787 -0.577338 0.0550521 1 
-0.997851 -0.0216819 0.0616741 0 -0.0232793 0.999399 -0.0252994 0 -0.0610896 -0.0266813 -0.997776 0 -0.203221 -0.577342 0.0538937 1 
-0.997853 -0.0216549 0.0616561 0 -0.0232417 0.999404 -0.025137 0 -0.0610762 -0.0265166 -0.997781 0 -0.20364 -0.57715 0.0527445 1 
-0.997864 -0.0215946 0.0614895 0 -0.0231405 0.999421 -0.0245407 0 -0.0609252 -0.0259117 -0.997806 0 -0.204055 -0.576734 0.0515822 1 
-0.997882 -0.0213908 0.0612814 0 -0.0228864 0.999445 -0.0238085 0 -0.0607393 -0.0251611 -0.997836 0 -0.204497 -0.576225 0.0503726 1 
-0.997896 -0.0211062 0.0611423 0 -0.022563 0.999466 -0.0232352 0 -0.0606204 -0.0245664 -0.997859 0 -0.204925 -0.575752 0.0492424 1 
-0.997904 -0.0209006 0.0610938 0 -0.0223341 0.999479 -0.0228768 0 -0.060585 -0.0241938 -0.99787 0 -0.20539 -0.575339 0.0481744 1 
-0.997912 -0.0205957 0.0610613 0 -0.0220154 0.999491 -0.022669 0 -0.0605645 -0.0239664 -0.997877 0 -0.205831 -0.574986 0.0472409 1 
-0.997909 -0.0204743 0.0611542 0 -0.0219007 0.999492 -0.0227462 0 -0.0606586 -0.0240384 -0.997869 0 -0.20627 -0.574712 0.0464435 1 
-0.997894 -0.0204692 0.061389 0 -0.0219297 0.99948 -0.0232115 0 -0.0608832 -0.0245094 -0.997844 0 -0.206711 -0.574561 0.04582 1 
-0.997878 -0.0206412 0.0615914 0 -0.0221232 0.99947 -0.0234774 0 -0.0610753 -0.0247906 -0.997825 0 -0.207068 -0.574428 0.0453667 1 
-0.997866 -0.0208023 0.0617418 0 -0.0222986 0.999462 -0.0236452 0 -0.0612179 -0.024972 -0.997812 0 -0.207365 -0.574316 0.0450568 1 
-0.997862 -0.0208398 0.0617968 0 -0.022341 0.99946 -0.0237024 0 -0.0612706 -0.0250328 -0.997807 0 -0.207586 -0.574222 0.0448737 1 
-0.99786 -0.0209058 0.0617971 0 -0.0224012 0.999461 -0.023606 0 -0.0612715 -0.0249403 -0.997809 0 -0.207707 -0.574147 0.0447908 1 
-0.997853 -0.021113 0.0618347 0 -0.0226092 0.999456 -0.0235985 0 -0.061304 -0.0249464 -0.997807 0 -0.207755 -0.574134 0.0447875 1 
-0.997847 -0.0213595 0.0618584 0 -0.0228605 0.999449 -0.0236597 0 -0.0613201 -0.0250234 -0.997804 0 -0.207733 -0.574166 0.0448072 1 
-0.997837 -0.0217302 0.0618803 0 -0.0232331 0.99944 -0.0236726 0 -0.0613324 -0.0250596 -0.997803 0 -0.207663 -0.574196 0.0447985 1 
-0.99783 -0.0220472 0.0618893 0 -0.023551 0.999433 -0.0236744 0 -0.0613335 -0.0250811 -0.997802 0 -0.207585 -0.574224 0.0447886 1 
-0.997826 -0.0222682 0.0618765 0 -0.0237731 0.999427 -0.0236909 0 -0.0613146 -0.0251109 -0.997803 0 -0.20748 -0.574266 0.0447884 1 
-0.99782 -0.0225588 0.061859 0 -0.0240623 0.999421 -0.0236689 0 -0.0612904 -0.0251063 -0.997804 0 -0.207362 -0.574301 0.0447684 1 
-0.997815 -0.0228382 0.0618464 0 -0.0243386 0.999415 -0.0236157 0 -0.0612721 -0.0250699 -0.997806 0 -0.20729 -0.574311 0.0447306 1 
-0.997812 -0.02303 0.0618239 0 -0.024526 0.999412 -0.0235492 0 -0.0612464 -0.0250144 -0.997809 0 -0.207241 -0.574306 0.0446805 1 
-0.997807 -0.0232823 0.0618016 0 -0.0247719 0.999409 -0.0234463 0 -0.0612203 -0.0249263 -0.997813 0 -0.207201 -0.574288 0.0446042 1 
-0.997803 -0.0235078 0.0617908 0 -0.0249942 0.999404 -0.0233936 0 -0.0612052 -0.0248871 -0.997815 0 -0.207187 -0.574273 0.0445362 1 
-0.997796 -0.0237424 0.0618006 0 -0.0252309 0.999398 -0.0234171 0 -0.0612086 -0.0249253 -0.997814 0 -0.207181 -0.574276 0.0444882 1 
-0.997792 -0.0240115 0.0617672 0 -0.0254924 0.999394 -0.0232992 0 -0.0611715 -0.0248228 -0.997819 0 -0.207166 -0.574242 0.04439 1 
-0.997787 -0.0242651 0.0617443 0 -0.0257395 0.99939 -0.0231968 0 -0.0611449 -0.0247352 -0.997822 0 -0.207173 -0.574203 0.0442693 1 
-0.997785 -0.0243298 0.0617517 0 -0.0258071 0.999387 -0.0232384 0 -0.0611497 -0.024781 -0.997821 0 -0.207186 -0.574194 0.0441788 1 
-0.997786 -0.0243452 0.0617374 0 -0.0258219 0.999387 -0.0232344 0 -0.061135 -0.0247776 -0.997822 0 -0.207176 -0.57418 0.0440855 1 
-0.997786 -0.0243757 0.0617281 0 -0.0258542 0.999385 -0.0232675 0 -0.0611242 -0.0248124 -0.997822 0 -0.207158 -0.574175 0.0439851 1 
-0.997785 -0.0244562 0.0617025 0 -0.0259355 0.999383 -0.0232882 0 -0.061096 -0.0248374 -0.997823 0 -0.207101 -0.574179 0.0438809 1 
-0.997782 -0.0245915 0.0617027 0 -0.0260729 0.999378 -0.0233186 0 -0.0610921 -0.0248761 -0.997822 0 -0.207025 -0.574196 0.0437848 1 
-0.997781 -0.0247179 0.0616624 0 -0.0261942 0.999377 -0.0232501 0 -0.0610504 -0.0248142 -0.997826 0 -0.206942 -0.574187 0.0436625 1 
-0.997783 -0.0248122 0.0615969 0 -0.0262762 0.999379 -0.023072 0 -0.0609873 -0.0246399 -0.997834 0 -0.20688 -0.574145 0.0435121 1 
-0.997787 -0.0248184 0.0615261 0 -0.0262696 0.999383 -0.0228909 0 -0.0609213 -0.024457 -0.997843 0 -0.206862 -0.574083 0.0433362 1 
-0.99779 -0.0247992 0.0614913 0 -0.0262446 0.999386 -0.0228093 0 -0.060889 -0.0243731 -0.997847 0 -0.206872 -0.57403 0.0431591 1 
-0.997791 -0.0247863 0.061479 0 -0.0262324 0.999386 -0.0228273 0 -0.0608766 -0.0243901 -0.997847 0 -0.206877 -0.574 0.0429855 1 
-0.997793 -0.0248342 0.0614305 0 -0.0262745 0.999386 -0.0227495 0 -0.060829 -0.0243138 -0.997852 0 -0.206847 -0.573956 0.0427749 1 
-0.997792 -0.0249148 0.0614151 0 -0.0263549 0.999384 -0.0227507 0 -0.0608116 -0.0243195 -0.997853 0 -0.206836 -0.573924 0.0425599 1 
-0.997788 -0.0250371 0.061424 0 -0.0264832 0.999379 -0.0228413 0 -0.0608152 -0.024418 -0.99785 0 -0.206843 -0.573902 0.0423383 1 
-0.997788 -0.0251189 0.0613897 0 -0.0265626 0.999377 -0.0228151 0 -0.0607796 -0.0243958 -0.997853 0 -0.206822 -0.573854 0.0420559 1 
-0.997789 -0.0251901 0.0613516 0 -0.0266301 0.999376 -0.0227661 0 -0.060741 -0.0243501 -0.997857 0 -0.206813 -0.57379 0.041715 1 
-0.997793 -0.0252107 0.0612711 0 -0.0266405 0.999379 -0.0226323 0 -0.0606637 -0.0242151 -0.997864 0 -0.206815 -0.573683 0.041295 1 
-0.997799 -0.0252467 0.0611555 0 -0.0266597 0.999384 -0.0223986 0 -0.0605535 -0.0239801 -0.997877 0 -0.206805 -0.573554 0.0408298 1 
-0.9978 -0.0254227 0.0610684 0 -0.0268226 0.999384 -0.0222142 0 -0.0604671 -0.0238038 -0.997886 0 -0.206817 -0.573435 0.0403636 1 
-0.997801 -0.02555 0.0609979 0 -0.0269439 0.999382 -0.0221393 0 -0.0603957 -0.0237346 -0.997892 0 -0.206866 -0.573338 0.0398859 1 
-0.997801 -0.0256076 0.0609786 0 -0.0270084 0.999378 -0.0222586 0 -0.0603718 -0.0238571 -0.997891 0 -0.206907 -0.573278 0.0393836 1 
-0.997795 -0.0256305 0.0610587 0 -0.0270612 0.999366 -0.0227216 0 -0.0604388 -0.0243243 -0.997875 0 -0.206964 -0.573268 0.0388787 1 
-0.997789 -0.0256779 0.0611512 0 -0.0271415 0.999352 -0.0232246 0 -0.0605163 -0.0248335 -0.997858 0 -0.207029 -0.57326 0.0383891 1 
-0.997785 -0.0257641 0.0611744 0 -0.0272456 0.999343 -0.0235072 0 -0.0605297 -0.0251224 -0.99785 0 -0.207061 -0.573222 0.0378939 1 
-0.997781 -0.0258611 0.0611927 0 -0.0273587 0.999334 -0.0237644 0 -0.0605385 -0.0253864 -0.997843 0 -0.207084 -0.573175 0.0373447 1 
-0.997772 -0.0259382 0.0613033 0 -0.027476 0.999316 -0.0243772 0 -0.0606302 -0.0260078 -0.997821 0 -0.207117 -0.573189 0.0368035 1 
-0.997764 -0.0260861 0.0613762 0 -0.027659 0.999297 -0.024918 0 -0.0606842 -0.0265604 -0.997804 0 -0.207086 -0.573215 0.0363092 1 
-0.997758 -0.0263212 0.0613817 0 -0.0279096 0.999284 -0.0251646 0 -0.0606765 -0.0268218 -0.997797 0 -0.206977 -0.57321 0.0358129 1 
-0.997754 -0.0264842 0.061366 0 -0.0280812 0.999276 -0.0253091 0 -0.0606524 -0.0269761 -0.997794 0 -0.20691 -0.573176 0.0353638 1 
-0.997751 -0.0266583 0.0613492 0 -0.0282614 0.999268 -0.0254131 0 -0.060628 -0.0270903 -0.997793 0 -0.206865 -0.573122 0.0348867 1 
-0.997746 -0.0268369 0.061342 0 -0.0284468 0.99926 -0.0255234 0 -0.0606127 -0.0272114 -0.99779 0 -0.206849 -0.573065 0.034448 1 
-0.997742 -0.0270341 0.0613174 0 -0.0286441 0.999254 -0.025532 0 -0.0605826 -0.0272313 -0.997792 0 -0.206833 -0.572998 0.0340614 1 
-0.997736 -0.0273607 0.061275 0 -0.0289656 0.999246 -0.0254594 0 -0.0605334 -0.0271772 -0.997796 0 -0.2068 -0.572924 0.0336915 1 
-0.997728 -0.0277983 0.0612105 0 -0.0293914 0.999239 -0.0252804 0 -0.0604623 -0.0270225 -0.997805 0 -0.206769 -0.572836 0.0333536 1 
-0.997722 -0.0281759 0.0611374 0 -0.029754 0.999233 -0.025058 0 -0.0603857 -0.0268205 -0.997815 0 -0.206763 -0.572743 0.0330848 1 
-0.997711 -0.0287368 0.0610581 0 -0.0302978 0.999224 -0.0247959 0 -0.0602993 -0.0265896 -0.997826 0 -0.206755 -0.572644 0.0328154 1 
-0.997701 -0.0291913 0.0610005 0 -0.0307397 0.999215 -0.0246004 0 -0.0602357 -0.0264195 -0.997834 0 -0.206745 -0.572579 0.0326461 1 
-0.997694 -0.0295025 0.0609625 0 -0.0310421 0.999209 -0.0244633 0 -0.0601937 -0.0262998 -0.99784 0 -0.206747 -0.572529 0.0325297 1 
-0.997686 -0.0298228 0.060949 0 -0.0313566 0.999202 -0.0243646 0 -0.0601749 -0.0262199 -0.997843 0 -0.206766 -0.572494 0.0324656 1 
-0.997676 -0.030117 0.0609631 0 -0.0316496 0.999193 -0.0243318 0 -0.0601823 -0.0262052 -0.997843 0 -0.206814 -0.572473 0.0324492 1 
-0.997671 -0.0302586 0.0609707 0 -0.0317907 0.999189 -0.0243173 0 -0.0601866 -0.0261994 -0.997843 0 -0.20688 -0.572447 0.0324454 1 
-0.997672 -0.0302726 0.0609483 0 -0.0318008 0.99919 -0.0242607 0 -0.0601657 -0.026143 -0.997846 0 -0.20693 -0.572409 0.0324147 1 
