-0.999711 0.00772186 0.022354 0 0.00686958 0.999246 -0.0379551 0 -0.0226307 -0.0377913 -0.999029 0 -0.230309 -0.377379 0.543262 1 
-0.999711 0.00771236 0.0223522 0 0.00686026 0.999246 -0.0379501 0 -0.0226285 -0.0377866 -0.99903 0 -0.230306 -0.37738 0.54326 1 
-0.999711 0.00771969 0.0223511 0 0.00686761 0.999246 -0.0379508 0 -0.0226277 -0.037787 -0.99903 0 -0.230307 -0.37738 0.54326 1 
-0.999711 0.00772056 0.0223532 0 0.00686836 0.999246 -0.0379531 0 -0.0226298 -0.0377894 -0.999029 0 -0.230309 -0.377379 0.543261 1 
-0.999711 0.00772156 0.0223521 0 0.00686937 0.999246 -0.0379546 0 -0.0226287 -0.0377908 -0.999029 0 -0.230308 -0.377378 0.543262 1 
-0.999711 0.007722 0.0223504 0 0.00686985 0.999246 -0.0379554 0 -0.022627 -0.0377916 -0.999029 0 -0.230307 -0.377379 0.543262 1 
-0.999711 0.0077209 0.0223512 0 0.00686876 0.999246 -0.0379538 0 -0.0226278 -0.03779 -0.999029 0 -0.230309 -0.377378 0.543261 1 
-0.999711 0.0077136 0.0223519 0 0.00686146 0.999246 -0.0379526 0 -0.0226283 -0.0377889 -0.99903 0 -0.230307 -0.377379 0.543261 1 
-0.999711 0.00771635 0.0223514 0 0.00686418 0.999246 -0.0379548 0 -0.0226278 -0.0377912 -0.999029 0 -0.230307 -0.377379 0.543262 1 
-0.999711 0.00771729 0.0223527 0 0.00686511 0.999246 -0.0379529 0 -0.0226292 -0.0377892 -0.999029 0 -0.230307 -0.377378 0.543261 1 
-0.999711 0.00772013 0.0223544 0 0.00686784 0.999246 -0.037955 0 -0.022631 -0.0377912 -0.999029 0 -0.230308 -0.377378 0.543262 1 
-0.999711 0.00771722 0.0223482 0 0.00686528 0.999246 -0.0379498 0 -0.0226246 -0.0377861 -0.99903 0 -0.230308 -0.377378 0.543259 1 
-0.999711 0.00771581 0.0223566 0 0.00686334 0.999246 -0.0379592 0 -0.0226331 -0.0377955 -0.999029 0 -0.230308 -0.377379 0.543264 1 
-0.999711 0.0077201 0.0223507 0 0.00686801 0.999246 -0.0379521 0 -0.0226273 -0.0377883 -0.99903 0 -0.230309 -0.377378 0.543261 1 
-0.999711 0.00772132 0.0223538 0 0.00686906 0.999246 -0.0379545 0 -0.0226304 -0.0377907 -0.999029 0 -0.230307 -0.377379 0.543262 1 
-0.999711 0.00771795 0.0223533 0 0.00686578 0.999246 -0.0379514 0 -0.0226298 -0.0377877 -0.99903 0 -0.230308 -0.37738 0.543261 1 
-0.999711 0.00772303 0.0223506 0 0.00687095 0.999246 -0.0379518 0 -0.0226273 -0.037788 -0.99903 0 -0.23031 -0.377378 0.54326 1 
-0.999711 0.00771272 0.0223553 0 0.00686037 0.999246 -0.0379559 0 -0.0226316 -0.0377923 -0.999029 0 -0.230307 -0.377381 0.543262 1 
-0.999711 0.00771441 0.0223561 0 0.00686205 0.999246 -0.0379551 0 -0.0226325 -0.0377914 -0.999029 0 -0.230307 -0.377379 0.543263 1 
-0.999711 0.00772018 0.0223544 0 0.00686774 0.999246 -0.0379616 0 -0.0226311 -0.0377979 -0.999029 0 -0.230308 -0.377379 0.543265 1 
-0.999711 0.00771975 0.0223516 0 0.0068676 0.999246 -0.0379535 0 -0.0226282 -0.0377898 -0.999029 0 -0.230309 -0.377379 0.543261 1 
-0.999711 0.00771413 0.0223542 0 0.00686184 0.999246 -0.0379551 0 -0.0226306 -0.0377915 -0.999029 0 -0.230308 -0.377379 0.543262 1 
-0.999711 0.00771976 0.0223514 0 0.00686762 0.999246 -0.0379534 0 -0.022628 -0.0377896 -0.999029 0 -0.230309 -0.377378 0.543261 1 
-0.999711 0.00771431 0.0223504 0 0.00686225 0.999246 -0.0379512 0 -0.0226267 -0.0377876 -0.99903 0 -0.230307 -0.37738 0.54326 1 
-0.999711 0.00771585 0.0223514 0 0.00686374 0.999246 -0.0379519 0 -0.0226278 -0.0377883 -0.99903 0 -0.230307 -0.377379 0.543261 1 
-0.999711 0.00771624 0.0223495 0 0.00686425 0.999246 -0.0379498 0 -0.022626 -0.0377861 -0.99903 0 -0.230309 -0.377379 0.543259 1 
-0.999711 0.00771983 0.0223512 0 0.00686768 0.999246 -0.0379537 0 -0.0226278 -0.03779 -0.999029 0 -0.23031 -0.377377 0.543261 1 
-0.999711 0.00772474 0.0223525 0 0.00687256 0.999246 -0.037953 0 -0.0226293 -0.0377891 -0.999029 0 -0.230309 -0.377379 0.543261 1 
-0.999711 0.00771358 0.0223516 0 0.00686141 0.999246 -0.0379544 0 -0.0226279 -0.0377908 -0.999029 0 -0.230306 -0.37738 0.543261 1 
-0.999711 0.00771068 0.022355 0 0.00685844 0.999246 -0.0379516 0 -0.0226312 -0.037788 -0.999029 0 -0.230306 -0.37738 0.543261 1 
-0.999711 0.00772356 0.0223483 0 0.0068716 0.999246 -0.0379505 0 -0.0226251 -0.0377867 -0.99903 0 -0.230309 -0.377378 0.543259 1 
-0.999711 0.00771338 0.0223522 0 0.00686122 0.999246 -0.0379528 0 -0.0226286 -0.0377892 -0.999029 0 -0.230309 -0.377378 0.543261 1 
-0.999711 0.00772535 0.0223524 0 0.00687314 0.999246 -0.0379547 0 -0.0226292 -0.0377908 -0.999029 0 -0.23031 -0.377379 0.543262 1 
-0.999711 0.00772406 0.0223506 0 0.00687203 0.999246 -0.0379497 0 -0.0226273 -0.0377858 -0.99903 0 -0.230309 -0.377378 0.543259 1 
-0.999711 0.0077249 0.022349 0 0.00687285 0.999246 -0.0379532 0 -0.0226258 -0.0377893 -0.99903 0 -0.230309 -0.377379 0.54326 1 
-0.999711 0.00771652 0.0223515 0 0.0068644 0.999246 -0.0379522 0 -0.0226279 -0.0377885 -0.99903 0 -0.230307 -0.37738 0.54326 1 
-0.999711 0.00772532 0.0223518 0 0.00687314 0.999246 -0.0379541 0 -0.0226286 -0.0377903 -0.999029 0 -0.23031 -0.377378 0.543262 1 
-0.999711 0.00772996 0.0223499 0 0.00687787 0.999246 -0.0379531 0 -0.0226269 -0.0377892 -0.99903 0 -0.230313 -0.377376 0.54326 1 
-0.999711 0.00771679 0.0223548 0 0.00686442 0.999246 -0.0379575 0 -0.0226313 -0.0377938 -0.999029 0 -0.230309 -0.377378 0.543263 1 
-0.999711 0.00771254 0.0223495 0 0.00686054 0.999246 -0.0379504 0 -0.0226258 -0.0377868 -0.99903 0 -0.230303 -0.377382 0.543259 1 
-0.999711 0.00770017 0.0223575 0 0.00684772 0.999246 -0.0379571 0 -0.0226334 -0.0377937 -0.999029 0 -0.2303 -0.377384 0.543264 1 
-0.999711 0.00772259 0.0223523 0 0.00687035 0.999246 -0.0379559 0 -0.022629 -0.0377921 -0.999029 0 -0.23031 -0.377377 0.543262 1 
-0.999711 0.00772516 0.0223484 0 0.00687321 0.999246 -0.0379495 0 -0.0226252 -0.0377856 -0.99903 0 -0.230312 -0.377377 0.543259 1 
-0.999711 0.00769833 0.0223507 0 0.0068463 0.999247 -0.03795 0 -0.0226265 -0.0377867 -0.99903 0 -0.230299 -0.377386 0.543259 1 
-0.999711 0.00766652 0.022359 0 0.00681422 0.999247 -0.0379489 0 -0.0226335 -0.0377863 -0.999029 0 -0.230287 -0.37739 0.543261 1 
-0.999711 0.00767168 0.022358 0 0.00681943 0.999247 -0.0379481 0 -0.0226327 -0.0377854 -0.99903 0 -0.230291 -0.37739 0.54326 1 
-0.999711 0.00769756 0.0223511 0 0.00684556 0.999247 -0.0379481 0 -0.0226268 -0.0377848 -0.99903 0 -0.230302 -0.377383 0.543259 1 
-0.999711 0.00771564 0.0223533 0 0.00686344 0.999246 -0.0379532 0 -0.0226297 -0.0377895 -0.999029 0 -0.230307 -0.377379 0.543261 1 
-0.99971 0.00781805 0.0223482 0 0.00696558 0.999245 -0.037971 0 -0.0226286 -0.037805 -0.999029 0 -0.230346 -0.377352 0.543267 1 
-0.999709 0.00792776 0.0223534 0 0.00707377 0.999242 -0.0380273 0 -0.0226384 -0.0378589 -0.999027 0 -0.23039 -0.377321 0.54329 1 
-0.999709 0.00798981 0.0223484 0 0.00713566 0.999241 -0.0380414 0 -0.0226359 -0.0378715 -0.999026 0 -0.230417 -0.377305 0.543294 1 
-0.999709 0.00791183 0.0223567 0 0.00705787 0.999242 -0.0380206 0 -0.022641 -0.0378525 -0.999027 0 -0.230385 -0.377324 0.543288 1 
-0.999709 0.00789164 0.0223613 0 0.00703748 0.999242 -0.0380226 0 -0.0226449 -0.0378549 -0.999027 0 -0.230376 -0.377329 0.543289 1 
-0.999709 0.00791612 0.0223554 0 0.00706211 0.999242 -0.0380247 0 -0.0226399 -0.0378565 -0.999027 0 -0.230388 -0.377321 0.543289 1 
-0.999709 0.00793284 0.0223539 0 0.00707883 0.999242 -0.0380272 0 -0.0226391 -0.0378587 -0.999027 0 -0.230391 -0.377319 0.54329 1 
-0.999709 0.00790844 0.0223461 0 0.00705539 0.999243 -0.0379985 0 -0.0226301 -0.0378305 -0.999028 0 -0.230381 -0.377328 0.543278 1 
-0.99971 0.00787694 0.0223428 0 0.00702432 0.999244 -0.0379857 0 -0.0226256 -0.0378184 -0.999028 0 -0.230372 -0.377336 0.543271 1 
-0.99971 0.00784638 0.0223409 0 0.00699401 0.999244 -0.0379784 0 -0.0226224 -0.0378119 -0.999029 0 -0.230359 -0.377344 0.543268 1 
-0.999711 0.00776876 0.0223378 0 0.0069172 0.999246 -0.0379495 0 -0.0226162 -0.0377847 -0.99903 0 -0.230325 -0.377365 0.543256 1 
-0.999711 0.00770788 0.022324 0 0.00685824 0.999249 -0.0378888 0 -0.0225997 -0.0377255 -0.999033 0 -0.230302 -0.377381 0.543231 1 
-0.999712 0.00771686 0.0223122 0 0.00686778 0.999249 -0.0378833 0 -0.0225883 -0.0377199 -0.999033 0 -0.230306 -0.377379 0.543227 1 
-0.99971 0.00772115 0.022376 0 0.00686711 0.999245 -0.0379962 0 -0.0226529 -0.0378322 -0.999027 0 -0.230309 -0.377382 0.543257 1 
-0.999695 0.00767968 0.0230376 0 0.00677455 0.999202 -0.0391129 0 -0.0233201 -0.0389456 -0.998969 0 -0.230386 -0.377578 0.543497 1 
-0.999685 0.00754852 0.0235435 0 0.00660292 0.999169 -0.0399858 0 -0.0238262 -0.0398185 -0.998923 0 -0.230364 -0.377692 0.543835 1 
-0.999676 0.00732595 0.0239784 0 0.00634462 0.99914 -0.0407485 0 -0.0242568 -0.040584 -0.998882 0 -0.23028 -0.377782 0.544248 1 
-0.999666 0.00696888 0.0244849 0 0.00594357 0.999103 -0.0417009 0 -0.024754 -0.0415423 -0.99883 0 -0.230142 -0.377934 0.544763 1 
-0.99966 0.00666511 0.0248353 0 0.00559941 0.999061 -0.0427356 0 -0.0250973 -0.0425828 -0.998778 0 -0.22984 -0.378196 0.545288 1 
-0.999656 0.00612955 0.0251127 0 0.00502728 0.999021 -0.043723 0 -0.0253566 -0.0435826 -0.998728 0 -0.229339 -0.37856 0.54578 1 
-0.999657 0.00564504 0.0252057 0 0.00452325 0.998997 -0.0443423 0 -0.0254312 -0.0442139 -0.998698 0 -0.228676 -0.378932 0.546143 1 
-0.99966 0.00523958 0.0251471 0 0.00410622 0.998973 -0.0449106 0 -0.025357 -0.044793 -0.998674 0 -0.227779 -0.379406 0.546384 1 
-0.999666 0.0047477 0.0250031 0 0.00361259 0.99896 -0.0452493 0 -0.0251924 -0.0451448 -0.998663 0 -0.226657 -0.379975 0.546505 1 
-0.999674 0.0042043 0.0248089 0 0.00307394 0.998953 -0.0454255 0 -0.0249744 -0.0453353 -0.99866 0 -0.225361 -0.380663 0.546569 1 
-0.999689 0.0038299 0.024235 0 0.00272548 0.998954 -0.0454408 0 -0.0243841 -0.0453615 -0.998673 0 -0.223651 -0.381584 0.546484 1 
-0.999709 0.00365099 0.023448 0 0.00258732 0.998963 -0.0452338 0 -0.0235893 -0.0451608 -0.998701 0 -0.221576 -0.382718 0.546217 1 
-0.999726 0.00346808 0.0227387 0 0.00244873 0.998988 -0.0447039 0 -0.0228712 -0.0446368 -0.998741 0 -0.219273 -0.383944 0.545834 1 
-0.999746 0.00297921 0.0219223 0 0.00201243 0.99902 -0.0439906 0 -0.0220324 -0.0439361 -0.998791 0 -0.216486 -0.385395 0.545348 1 
-0.999767 0.00227005 0.0210151 0 0.00136146 0.999058 -0.0431482 0 -0.0210936 -0.0431103 -0.998848 0 -0.213121 -0.387116 0.544786 1 
-0.999787 0.00219005 0.0200465 0 0.00134055 0.999095 -0.0422922 0 -0.0201213 -0.0422571 -0.998904 0 -0.209585 -0.388896 0.544206 1 
-0.999806 0.00186853 0.019092 0 0.0010754 0.99913 -0.0414681 0 -0.0191533 -0.0414403 -0.998957 0 -0.205621 -0.390871 0.54361 1 
-0.999822 0.001474 0.0182834 0 0.000726918 0.999157 -0.0408004 0 -0.0183285 -0.0407806 -0.999 0 -0.20139 -0.392964 0.543093 1 
-0.999838 0.0009869 0.0174439 0 0.000283344 0.999178 -0.0402886 0 -0.0174696 -0.0402779 -0.999036 0 -0.19671 -0.395248 0.542644 1 
-0.99985 0.00099389 0.0167294 0 0.000323004 0.999188 -0.0400569 0 -0.0167559 -0.0400462 -0.999057 0 -0.1917 -0.397657 0.54235 1 
-0.99986 0.0013796 0.016064 0 0.000736743 0.999192 -0.0399552 0 -0.0161065 -0.0399385 -0.999072 0 -0.186496 -0.400089 0.542166 1 
-0.999869 0.000805656 0.0155327 0 0.000182369 0.999187 -0.0400867 0 -0.0155527 -0.0400794 -0.999075 0 -0.181195 -0.402515 0.54212 1 
-0.999877 0.000925585 0.0150141 0 0.000319352 0.999177 -0.0403294 0 -0.0150394 -0.0403204 -0.999074 0 -0.175518 -0.405036 0.542129 1 
-0.999885 0.00058395 0.014471 0 -4.70224e-06 0.999164 -0.0406442 0 -0.014483 -0.0406404 -0.999069 0 -0.169476 -0.407611 0.542171 1 
-0.999892 0.000266914 0.0140288 0 -0.000305516 0.999158 -0.0407855 0 -0.0140281 -0.0407862 -0.999069 0 -0.163676 -0.409977 0.542162 1 
-0.9999 0.000333913 0.0134693 0 -0.000219358 0.999147 -0.0410535 0 -0.0134718 -0.0410532 -0.999066 0 -0.157269 -0.412495 0.542181 1 
-0.999907 0.000178052 0.0129006 0 -0.000354675 0.999138 -0.0412802 0 -0.0128971 -0.0412817 -0.999064 0 -0.150619 -0.414985 0.542171 1 
-0.999915 0.000325324 0.0123047 0 -0.000184433 0.999133 -0.0414037 0 -0.0123077 -0.0414033 -0.999067 0 -0.144113 -0.417309 0.542138 1 
-0.999922 -6.86338e-05 0.0116946 0 -0.000553828 0.999129 -0.04149 0 -0.0116818 -0.0414941 -0.99907 0 -0.136889 -0.419757 0.54209 1 
-0.999927 -0.000581075 0.0112053 0 -0.00104459 0.999132 -0.0414038 0 -0.0111718 -0.0414133 -0.99908 0 -0.129544 -0.422135 0.541972 1 
-0.999935 -0.00014839 0.0105644 0 -0.000585174 0.999135 -0.0413534 0 -0.0105493 -0.0413576 -0.999089 0 -0.12232 -0.424375 0.541836 1 
-0.99994 -0.0009759 0.0100078 0 -0.00138831 0.999137 -0.041285 0 -0.00995909 -0.0412972 -0.999097 0 -0.114797 -0.426606 0.541672 1 
-0.999946 -0.000955103 0.00938219 0 -0.00134015 0.999144 -0.0411199 0 -0.00933506 -0.0411311 -0.99911 0 -0.106849 -0.428878 0.541407 1 
-0.999952 -0.00076006 0.00868967 0 -0.00111539 0.999151 -0.0409596 0 -0.00865132 -0.0409681 -0.999123 0 -0.0987691 -0.431102 0.541105 1 
-0.999958 -0.000853597 0.00805001 0 -0.00118092 0.999159 -0.0407444 0 -0.00800861 -0.040753 -0.999137 0 -0.0907851 -0.433172 0.54075 1 
-0.999962 -0.00104075 0.00751439 0 -0.0013432 0.999175 -0.0403565 0 -0.00746633 -0.0403659 -0.999157 0 -0.0823481 -0.435232 0.540299 1 
-0.999967 -0.00078868 0.00683262 0 -0.00105992 0.999198 -0.0397848 0 -0.0067959 -0.0397915 -0.999185 0 -0.0739625 -0.437186 0.53974 1 
-0.999971 -0.00072572 0.00619801 0 -0.000968905 0.999216 -0.0393232 0 -0.00616474 -0.0393288 -0.999207 0 -0.0658594 -0.439009 0.539159 1 
-0.999974 -0.000720257 0.00563329 0 -0.000939195 0.999231 -0.0389591 0 -0.005601 -0.0389641 -0.999225 0 -0.0572195 -0.440895 0.538439 1 
-0.999976 -0.000730754 0.00532214 0 -0.000935434 0.999246 -0.0385574 0 -0.00529006 -0.0385622 -0.999242 0 -0.0487179 -0.442746 0.537583 1 
-0.999978 -0.000401817 0.00497376 0 -0.000590984 0.999265 -0.0380897 0 -0.00495489 -0.0380925 -0.999262 0 -0.0407346 -0.444499 0.536617 1 
-0.999979 -0.000437253 0.00468835 0 -0.000615539 0.999264 -0.0380934 0 -0.00466834 -0.0380962 -0.999263 0 -0.0323746 -0.4464 0.535546 1 
-0.999979 -0.000632191 0.0046306 0 -0.000807759 0.999267 -0.0380111 0 -0.00460327 -0.0380148 -0.999267 0 -0.0240771 -0.448254 0.534342 1 
-0.999979 -0.000580518 0.00476671 0 -0.000759662 0.99928 -0.0376665 0 -0.00474151 -0.0376701 -0.999279 0 -0.0160374 -0.450009 0.532996 1 
-0.999979 -0.000157679 0.00482719 0 -0.000339393 0.999281 -0.0376658 0 -0.00481787 -0.0376674 -0.999279 0 -0.00825129 -0.451771 0.531619 1 
-0.999979 -0.000217093 0.00475255 0 -0.000397897 0.999265 -0.0380755 0 -0.00474088 -0.0380773 -0.999264 0 -0.000466107 -0.453609 0.53014 1 
-0.999979 -0.0001717 0.00482053 0 -0.000358438 0.999239 -0.0387636 0 -0.0048103 -0.0387653 -0.999237 0 0.00662964 -0.4555 0.528538 1 
-0.999979 0.000240585 0.00484103 0 5.22448e-05 0.999235 -0.0388672 0 -0.00484677 -0.0388668 -0.999233 0 0.0138496 -0.457599 0.526433 1 
-0.999978 -4.50115e-05 0.00495549 0 -0.000236881 0.99924 -0.0387244 0 -0.00495008 -0.0387255 -0.999238 0 0.0209346 -0.459675 0.524138 1 
-0.999977 0.000441997 0.00505823 0 0.000244879 0.999233 -0.0389039 0 -0.00507165 -0.0389025 -0.99923 0 0.027351 -0.461682 0.521918 1 
-0.999977 0.000535344 0.00512887 0 0.000336012 0.999238 -0.0387866 0 -0.00514582 -0.0387847 -0.999234 0 0.0340078 -0.463709 0.519498 1 
-0.999975 0.000724048 0.00541126 0 0.000518899 0.999275 -0.0378169 0 -0.00543482 -0.0378139 -0.99927 0 0.0399264 -0.465714 0.516776 1 
-0.999974 0.0013016 0.00554263 0 0.00109082 0.999273 -0.037862 0 -0.00558799 -0.0378557 -0.999268 0 0.0460136 -0.468215 0.513672 1 
-0.999971 0.00172137 0.00596562 0 0.0014924 0.99926 -0.0381751 0 -0.00602704 -0.0381659 -0.999253 0 0.0521687 -0.470863 0.510299 1 
-0.999968 0.00134768 0.0066136 0 0.00109727 0.999278 -0.0377212 0 -0.00665979 -0.0377134 -0.999266 0 0.0574627 -0.47324 0.506979 1 
-0.999964 0.00151865 0.00712093 0 0.00125265 0.999297 -0.037212 0 -0.00717257 -0.0372024 -0.999282 0 0.0622259 -0.475803 0.503354 1 
-0.999961 0.00135783 0.00758127 0 0.00107553 0.999301 -0.037116 0 -0.00762651 -0.0371071 -0.999282 0 0.0665015 -0.478319 0.499895 1 
-0.999958 0.00112308 0.00802251 0 0.000821672 0.999288 -0.0374744 0 -0.00805903 -0.037467 -0.999265 0 0.0707353 -0.481048 0.496251 1 
-0.999954 0.000927282 0.0084984 0 0.000616473 0.999324 -0.0365022 0 -0.00852667 -0.0364959 -0.999297 0 0.0746723 -0.483842 0.491983 1 
-0.999951 0.00100634 0.00876149 0 0.000684668 0.999319 -0.0366404 0 -0.00879256 -0.0366333 -0.99929 0 0.0779139 -0.486596 0.488141 1 
-0.999947 0.000979522 0.00921687 0 0.000649025 0.999349 -0.0357924 0 -0.00924611 -0.0357852 -0.999317 0 0.0809812 -0.489274 0.484002 1 
-0.999945 0.000702168 0.00945495 0 0.000368364 0.999368 -0.0352599 0 -0.00947392 -0.0352552 -0.999333 0 0.0837403 -0.492121 0.479627 1 
-0.999944 0.000670254 0.00964741 0 0.000331705 0.999376 -0.0350508 0 -0.00966507 -0.0350463 -0.999339 0 0.0860962 -0.494781 0.475507 1 
-0.99994 0.000727332 0.00996267 0 0.000386199 0.999405 -0.0342 0 -0.00998181 -0.0341948 -0.999365 0 0.0881922 -0.497482 0.471019 1 
-0.999936 0.00093976 0.0103539 0 0.000596644 0.999443 -0.033092 0 -0.0103794 -0.0330843 -0.999399 0 0.0899588 -0.500302 0.466196 1 
-0.999936 0.000998639 0.0104173 0 0.000648816 0.999428 -0.0335302 0 -0.010445 -0.0335219 -0.999383 0 0.09139 -0.503174 0.46177 1 
-0.999931 0.00110164 0.0108167 0 0.000748946 0.99946 -0.0325562 0 -0.0108469 -0.0325465 -0.999411 0 0.0925102 -0.505812 0.456967 1 
-0.999927 0.0013972 0.0111615 0 0.00104019 0.99948 -0.0319276 0 -0.0112005 -0.0319142 -0.999428 0 0.0932593 -0.50857 0.451909 1 
-0.999924 0.00147179 0.0114205 0 0.00110622 0.999479 -0.0319507 0 -0.0114618 -0.0319363 -0.999424 0 0.093732 -0.511174 0.447117 1 
-0.999918 0.00165207 0.0119321 0 0.00128073 0.999507 -0.0310615 0 -0.0119777 -0.0310442 -0.999446 0 0.0939452 -0.513615 0.441965 1 
-0.99991 0.00222407 0.0124575 0 0.00184671 0.999532 -0.0302217 0 -0.0125191 -0.0301966 -0.999466 0 0.0939455 -0.5161 0.436498 1 
-0.999904 0.00299426 0.0128064 0 0.00260887 0.999537 -0.0300048 0 -0.0128906 -0.0299691 -0.999468 0 0.0937968 -0.518312 0.431549 1 
-0.999897 0.00392879 0.0131051 0 0.00353581 0.999538 -0.0298763 0 -0.0132167 -0.0298275 -0.999468 0 0.0935465 -0.520518 0.426308 1 
-0.999885 0.00497749 0.0136232 0 0.00458312 0.999564 -0.0288278 0 -0.013761 -0.0287626 -0.999492 0 0.0931416 -0.522593 0.42056 1 
-0.999874 0.00585571 0.0141188 0 0.00545134 0.999569 -0.0285109 0 -0.0142799 -0.0284308 -0.999494 0 0.0925849 -0.524498 0.415197 1 
-0.999862 0.00653096 0.0146117 0 0.00611244 0.999565 -0.0285056 0 -0.0147918 -0.0284129 -0.999487 0 0.0918205 -0.526405 0.409412 1 
-0.999848 0.00708178 0.0153049 0 0.00665895 0.99959 -0.0275035 0 -0.0154937 -0.0273979 -0.999505 0 0.0908966 -0.527985 0.403552 1 
-0.999836 0.00737104 0.0159301 0 0.00694152 0.999606 -0.026852 0 -0.016122 -0.0267376 -0.999512 0 0.0898857 -0.5295 0.397836 1 
-0.999825 0.0075112 0.0165471 0 0.00706516 0.999605 -0.0268505 0 -0.0167426 -0.0267295 -0.999502 0 0.0885767 -0.531016 0.391868 1 
-0.999812 0.00758924 0.0172766 0 0.00712654 0.999609 -0.0266874 0 -0.0174727 -0.0265598 -0.999495 0 0.0869615 -0.532288 0.385973 1 
-0.999801 0.00775672 0.0178622 0 0.00728571 0.999618 -0.0262843 0 -0.0180596 -0.0261494 -0.999495 0 0.0851505 -0.533415 0.380295 1 
-0.999793 0.00814693 0.0181454 0 0.00767617 0.999626 -0.0258636 0 -0.0183497 -0.0257194 -0.999501 0 0.0831628 -0.534478 0.374249 1 
-0.999785 0.00842967 0.0184442 0 0.00795964 0.999636 -0.0254102 0 -0.018652 -0.0252585 -0.999507 0 0.0807288 -0.535399 0.36791 1 
-0.999777 0.00885347 0.0186817 0 0.00837651 0.999631 -0.0254561 0 -0.0189005 -0.0252944 -0.999501 0 0.0779748 -0.536256 0.361805 1 
-0.999769 0.00901039 0.0190268 0 0.00853231 0.99964 -0.0250596 0 -0.0192462 -0.024892 -0.999505 0 0.0748804 -0.536852 0.355588 1 
-0.999765 0.00870483 0.0193755 0 0.00823225 0.99966 -0.0243377 0 -0.0195811 -0.0241729 -0.999516 0 0.071582 -0.53729 0.349338 1 
-0.999762 0.00871738 0.0195129 0 0.00825185 0.999673 -0.0238122 0 -0.0197145 -0.0236459 -0.999526 0 0.068124 -0.537655 0.342852 1 
-0.999756 0.00909308 0.0196303 0 0.0086319 0.999678 -0.0234511 0 -0.0198376 -0.0232764 -0.999532 0 0.0644826 -0.537859 0.336623 1 
-0.999755 0.00906355 0.0196893 0 0.00859907 0.999676 -0.0235479 0 -0.0198967 -0.0233733 -0.999529 0 0.0604836 -0.538019 0.330372 1 
-0.999754 0.00909499 0.019734 0 0.00863137 0.999678 -0.0234526 0 -0.0199414 -0.023277 -0.99953 0 0.056451 -0.537902 0.324063 1 
-0.999751 0.00928498 0.0197874 0 0.00881629 0.999672 -0.023643 0 -0.0200009 -0.0234632 -0.999525 0 0.0525231 -0.537736 0.318268 1 
-0.999756 0.0085252 0.0199042 0 0.00805601 0.999681 -0.0235348 0 -0.0200989 -0.0233692 -0.999525 0 0.0481433 -0.537416 0.312046 1 
-0.999757 0.00832885 0.0199386 0 0.00785836 0.999682 -0.0235601 0 -0.0201289 -0.0233981 -0.999524 0 0.0437764 -0.537057 0.305822 1 
-0.999757 0.00812848 0.0200044 0 0.00765794 0.999685 -0.0234869 0 -0.0201894 -0.0233285 -0.999524 0 0.0395705 -0.536594 0.299943 1 
-0.999757 0.00809126 0.0200145 0 0.00761367 0.999678 -0.0238242 0 -0.0202012 -0.0236665 -0.999516 0 0.0346024 -0.536037 0.293652 1 
-0.999756 0.0081609 0.0200675 0 0.00767917 0.999674 -0.0239664 0 -0.0202569 -0.0238069 -0.999511 0 0.0297734 -0.535374 0.287868 1 
-0.999757 0.00807293 0.0200612 0 0.00758445 0.999666 -0.0243073 0 -0.0202512 -0.0241497 -0.999503 0 0.0252212 -0.534667 0.282459 1 
-0.99975 0.00880217 0.0201044 0 0.00831199 0.99966 -0.024336 0 -0.0203122 -0.0241633 -0.999502 0 0.0201872 -0.53384 0.276961 1 
-0.999748 0.00880356 0.0201995 0 0.00831861 0.999669 -0.023967 0 -0.0204042 -0.0237934 -0.999509 0 0.0151268 -0.532896 0.271387 1 
-0.999742 0.00942356 0.0201989 0 0.0089276 0.99965 -0.0245046 0 -0.0204232 -0.0243184 -0.999496 0 0.0102999 -0.532134 0.266122 1 
-0.99974 0.00950477 0.0202552 0 0.00899934 0.99964 -0.0248991 0 -0.020485 -0.0247108 -0.999485 0 0.00499917 -0.531264 0.260773 1 
-0.999742 0.00916227 0.020313 0 0.00864818 0.999634 -0.0252531 0 -0.0205373 -0.0250714 -0.999475 0 -0.000144137 -0.530313 0.255603 1 
-0.999736 0.00963686 0.0203722 0 0.00911354 0.99962 -0.0256262 0 -0.0206118 -0.0254343 -0.999464 0 -0.00523977 -0.529381 0.250871 1 
-0.999732 0.00986064 0.0204801 0 0.0093307 0.999614 -0.0258117 0 -0.0207271 -0.0256142 -0.999457 0 -0.0107813 -0.5284 0.246053 1 
-0.99973 0.00979119 0.0205899 0 0.00925772 0.999613 -0.0258466 0 -0.0208354 -0.0256495 -0.999454 0 -0.0161929 -0.52743 0.241189 1 
-0.999722 0.0103601 0.0207069 0 0.00981555 0.999598 -0.0262278 0 -0.0209707 -0.0260178 -0.999441 0 -0.0216932 -0.526583 0.236606 1 
-0.999716 0.0107106 0.0208367 0 0.0101477 0.999576 -0.0269339 0 -0.0211168 -0.0267153 -0.99942 0 -0.0270188 -0.525838 0.232342 1 
-0.999705 0.0113171 0.0210146 0 0.0107313 0.999547 -0.02778 0 -0.0213199 -0.0275469 -0.999393 0 -0.032639 -0.525134 0.228204 1 
-0.999705 0.0109454 0.0212377 0 0.0103384 0.999531 -0.0284837 0 -0.0215399 -0.0282563 -0.999369 0 -0.0382789 -0.524482 0.22425 1 
-0.999702 0.0108275 0.0214377 0 0.0102133 0.99953 -0.0285567 0 -0.0217372 -0.0283297 -0.999362 0 -0.0435008 -0.52385 0.220417 1 
-0.999692 0.0112069 0.0216909 0 0.0105814 0.999521 -0.0287394 0 -0.022003 -0.0285016 -0.999352 0 -0.0497438 -0.523252 0.216246 1 
-0.999688 0.0109088 0.0220356 0 0.0102418 0.999483 -0.0301586 0 -0.0223536 -0.0299241 -0.999302 0 -0.0552198 -0.523073 0.212917 1 
-0.999687 0.0103597 0.0223645 0 0.00967244 0.999475 -0.0306201 0 -0.0226704 -0.0303948 -0.999281 0 -0.0605919 -0.522818 0.209937 1 
-0.99968 0.0103921 0.0226417 0 0.00969903 0.999478 -0.0305081 0 -0.0229474 -0.0302793 -0.999278 0 -0.0661912 -0.522576 0.206694 1 
-0.999674 0.0103202 0.0229485 0 0.00961728 0.999478 -0.0305305 0 -0.0232521 -0.0303005 -0.99927 0 -0.0716473 -0.522445 0.203555 1 
-0.999662 0.0106791 0.0233006 0 0.00995283 0.999458 -0.0310636 0 -0.0236201 -0.0308218 -0.999246 0 -0.0770419 -0.522387 0.200871 1 
-0.999658 0.0100502 0.0237377 0 0.00928638 0.999433 -0.0320696 0 -0.024047 -0.0318389 -0.999204 0 -0.0824518 -0.522389 0.198182 1 
-0.999642 0.010994 0.0240008 0 0.0102299 0.999434 -0.03173 0 -0.0243365 -0.0314737 -0.999208 0 -0.0879084 -0.522074 0.19507 1 
-0.999634 0.0110255 0.0242983 0 0.0102534 0.999436 -0.0316715 0 -0.0246343 -0.0314114 -0.999203 0 -0.093332 -0.521766 0.191998 1 
-0.999624 0.0111069 0.0246978 0 0.0103077 0.999417 -0.0322545 0 -0.0250421 -0.0319884 -0.999174 0 -0.0984823 -0.521589 0.189226 1 
-0.999618 0.0110774 0.024957 0 0.0102812 0.999432 -0.0318073 0 -0.0252956 -0.0315391 -0.999182 0 -0.103745 -0.521184 0.186344 1 
-0.999609 0.0112704 0.025218 0 0.0104666 0.99943 -0.0317811 0 -0.0255623 -0.0315054 -0.999177 0 -0.108521 -0.520856 0.183322 1 
-0.999598 0.0112061 0.0256861 0 0.0103631 0.999401 -0.0327198 0 -0.0260379 -0.0324411 -0.999134 0 -0.113373 -0.520663 0.180375 1 
-0.999586 0.0114651 0.0260363 0 0.0106044 0.999391 -0.0329609 0 -0.0263989 -0.0326718 -0.999117 0 -0.118186 -0.520345 0.1776 1 
-0.99959 0.0106206 0.0262396 0 0.0097623 0.99941 -0.0326226 0 -0.0265711 -0.0323537 -0.999123 0 -0.122471 -0.520043 0.174714 1 
-0.999584 0.0105615 0.0264928 0 0.00969464 0.999411 -0.0326377 0 -0.0268224 -0.0323679 -0.999116 0 -0.126615 -0.519831 0.171788 1 
-0.999572 0.0107644 0.0268458 0 0.00987688 0.999398 -0.0329773 0 -0.0271852 -0.0326986 -0.999095 0 -0.130945 -0.519701 0.169094 1 
-0.999562 0.0106388 0.0272796 0 0.00971637 0.999374 -0.0337259 0 -0.0276219 -0.0334467 -0.999059 0 -0.134931 -0.519748 0.16663 1 
-0.999553 0.0106278 0.0275932 0 0.00969046 0.999369 -0.0338849 0 -0.0279365 -0.033603 -0.999045 0 -0.138801 -0.519763 0.163725 1 
-0.999549 0.0101622 0.0279241 0 0.00920655 0.999365 -0.0341424 0 -0.0282539 -0.0338705 -0.999027 0 -0.142653 -0.51987 0.161118 1 
-0.999539 0.0102426 0.0282349 0 0.00926726 0.999353 -0.0344617 0 -0.0285701 -0.0341848 -0.999007 0 -0.146342 -0.520106 0.158942 1 
-0.999528 0.010686 0.02845 0 0.00970722 0.999354 -0.0343228 0 -0.028799 -0.0340311 -0.999006 0 -0.149899 -0.520355 0.156492 1 
-0.999519 0.0104938 0.028854 0 0.00948998 0.999343 -0.0347093 0 -0.0291998 -0.0344194 -0.998981 0 -0.153508 -0.520851 0.154106 1 
-0.999509 0.0102837 0.0292789 0 0.00925294 0.99933 -0.035125 0 -0.0296211 -0.0348375 -0.998954 0 -0.157201 -0.521559 0.152237 1 
-0.999498 0.0104743 0.0295876 0 0.00943727 0.999334 -0.0349728 0 -0.0299348 -0.0346766 -0.99895 0 -0.161169 -0.522355 0.150153 1 
-0.999491 0.0100168 0.0299585 0 0.00896448 0.999336 -0.0350562 0 -0.0302903 -0.0347705 -0.998936 0 -0.164994 -0.523344 0.148278 1 
-0.999481 0.00967337 0.0304242 0 0.00857642 0.999306 -0.0359807 0 -0.0307518 -0.0357017 -0.998889 0 -0.168699 -0.524669 0.14692 1 
-0.999466 0.00998892 0.0307921 0 0.0088696 0.999293 -0.036275 0 -0.0311333 -0.0359832 -0.998867 0 -0.172252 -0.525963 0.145514 1 
-0.999452 0.010168 0.0312086 0 0.00902919 0.999286 -0.0364151 0 -0.0315572 -0.036114 -0.998849 0 -0.17602 -0.527401 0.143967 1 
-0.999438 0.00972593 0.031773 0 0.00854791 0.999269 -0.0370034 0 -0.0321103 -0.0367117 -0.99881 0 -0.179803 -0.529001 0.142854 1 
-0.999423 0.00966267 0.0322533 0 0.00845043 0.999251 -0.0375118 0 -0.0325922 -0.0372183 -0.998776 0 -0.18334 -0.530633 0.141698 1 
-0.999408 0.00952967 0.0327505 0 0.00828558 0.999237 -0.0379146 0 -0.0330875 -0.0376215 -0.998744 0 -0.18696 -0.53243 0.140326 1 
-0.99939 0.00914962 0.0334197 0 0.00784253 0.999197 -0.0390346 0 -0.0337507 -0.0387494 -0.998679 0 -0.190622 -0.534358 0.139336 1 
-0.999377 0.00883392 0.0338843 0 0.0074783 0.999165 -0.0399272 0 -0.0342093 -0.0396497 -0.998628 0 -0.194309 -0.536264 0.138123 1 
-0.999364 0.00889519 0.0342586 0 0.00751321 0.999151 -0.0402588 0 -0.0345883 -0.0399765 -0.998602 0 -0.19795 -0.53799 0.13659 1 
-0.999341 0.00889577 0.0349258 0 0.00745525 0.999115 -0.0411607 0 -0.0352618 -0.040874 -0.998542 0 -0.201516 -0.539824 0.13541 1 
-0.999331 0.0084759 0.0353029 0 0.00701294 0.99911 -0.0413594 0 -0.0356227 -0.0410849 -0.99852 0 -0.20474 -0.54149 0.133843 1 
-0.999327 0.00826154 0.0354614 0 0.00679761 0.999118 -0.041206 0 -0.0357712 -0.040938 -0.998521 0 -0.20778 -0.542998 0.13208 1 
-0.999311 0.00843903 0.0358865 0 0.00694181 0.999099 -0.0416425 0 -0.0362063 -0.0413654 -0.998488 0 -0.210921 -0.544712 0.13058 1 
-0.99931 0.0082986 0.0359351 0 0.00682524 0.999129 -0.0409306 0 -0.0362441 -0.0406579 -0.998516 0 -0.21376 -0.546065 0.128476 1 
-0.999312 0.00805077 0.035932 0 0.00660699 0.999163 -0.0401198 0 -0.0362256 -0.0398556 -0.998549 0 -0.216552 -0.547386 0.12628 1 
-0.999318 0.00694806 0.0360132 0 0.00551349 0.999184 -0.0397815 0 -0.0362609 -0.0395566 -0.998559 0 -0.219239 -0.548873 0.124315 1 
-0.999336 0.00634418 0.0355969 0 0.00496856 0.999233 -0.0386004 0 -0.0358151 -0.0383987 -0.99862 0 -0.221569 -0.550122 0.121838 1 
-0.999342 0.00604716 0.0355028 0 0.00469438 0.999255 -0.0380637 0 -0.0357072 -0.0378727 -0.998644 0 -0.223909 -0.551607 0.119676 1 
-0.999346 0.00570925 0.0354443 0 0.00438215 0.999281 -0.0374069 0 -0.0356331 -0.0372278 -0.998671 0 -0.226138 -0.553181 0.117365 1 
-0.999356 0.00554683 0.0351897 0 0.00426507 0.999319 -0.0363951 0 -0.0353683 -0.0362223 -0.998718 0 -0.228128 -0.554599 0.114877 1 
-0.999353 0.00540545 0.035277 0 0.00412896 0.999328 -0.0361575 0 -0.0354494 -0.0359892 -0.998723 0 -0.230074 -0.556222 0.112861 1 
-0.999362 0.00506983 0.0350912 0 0.00383175 0.999361 -0.0352593 0 -0.0352482 -0.035103 -0.998762 0 -0.231982 -0.557846 0.11025 1 
-0.999365 0.00478836 0.0350385 0 0.00356577 0.999376 -0.034872 0 -0.0351843 -0.0347256 -0.998777 0 -0.233786 -0.559609 0.107921 1 
-0.999366 0.00465101 0.035037 0 0.00343176 0.99938 -0.0347785 0 -0.0351777 -0.0346368 -0.998781 0 -0.235394 -0.561387 0.105843 1 
-0.999378 0.00450493 0.0346989 0 0.0033281 0.99941 -0.0338987 0 -0.0348318 -0.0337628 -0.998823 0 -0.236743 -0.562987 0.103256 1 
-0.999381 0.00442138 0.0346255 0 0.00325365 0.999417 -0.0337082 0 -0.034755 -0.0335753 -0.998832 0 -0.237976 -0.564825 0.101062 1 
-0.999388 0.00427026 0.0344402 0 0.00312962 0.999437 -0.0331053 0 -0.0345629 -0.0329778 -0.998858 0 -0.238941 -0.566504 0.0987156 1 
-0.999398 0.0040139 0.0341663 0 0.00290864 0.999463 -0.0323375 0 -0.0342784 -0.0322193 -0.998893 0 -0.239702 -0.568213 0.096136 1 
-0.999404 0.00383373 0.0340309 0 0.00273978 0.99947 -0.032134 0 -0.0341367 -0.0320222 -0.998904 0 -0.240324 -0.57001 0.0940117 1 
-0.999419 0.00356817 0.0336229 0 0.00251974 0.999501 -0.0311728 0 -0.0337181 -0.0310706 -0.998948 0 -0.24075 -0.571455 0.0915565 1 
-0.99943 0.00321725 0.0333206 0 0.00220006 0.999522 -0.030519 0 -0.0334035 -0.0304289 -0.998979 0 -0.241079 -0.572916 0.0889861 1 
-0.999435 0.0028371 0.0332134 0 0.00182795 0.999527 -0.0303745 0 -0.0332845 -0.0302972 -0.998987 0 -0.24136 -0.574403 0.0868456 1 
-0.99945 0.00249166 0.0327716 0 0.00152261 0.999552 -0.0295613 0 -0.0328313 -0.0294957 -0.999026 0 -0.241482 -0.575538 0.0842991 1 
-0.999462 0.00218297 0.0324369 0 0.0012344 0.999562 -0.0292346 0 -0.0324871 -0.0291794 -0.999046 0 -0.241526 -0.576603 0.0816812 1 
-0.999468 0.00189653 0.0322733 0 0.000941951 0.999553 -0.0295671 0 -0.0323155 -0.0295216 -0.999042 0 -0.241494 -0.577693 0.0794809 1 
-0.999482 0.00164139 0.0318494 0 0.000705003 0.999558 -0.029389 0 -0.0318841 -0.0293519 -0.99906 0 -0.241329 -0.578535 0.0774271 1 
-0.999506 0.00134184 0.031078 0 0.000459071 0.999587 -0.0283944 0 -0.0311039 -0.0283667 -0.999114 0 -0.240988 -0.579054 0.0749451 1 
-0.999528 0.00105796 0.0303731 0 0.000213049 0.999604 -0.0278071 0 -0.0303911 -0.027788 -0.999152 0 -0.240516 -0.579433 0.0724782 1 
-0.999548 0.000912661 0.0297278 0 9.24845e-05 0.99961 -0.027579 0 -0.029742 -0.0275643 -0.999177 0 -0.23998 -0.579702 0.0703796 1 
-0.999567 0.000952903 0.0290693 0 0.000148453 0.999608 -0.0276629 0 -0.0290848 -0.0276472 -0.999195 0 -0.239358 -0.579884 0.0684253 1 
-0.999584 0.000966572 0.0284926 0 0.000181132 0.999611 -0.0275559 0 -0.0285087 -0.0275398 -0.999214 0 -0.238783 -0.579878 0.06689 1 
-0.999605 0.00089883 0.0277467 0 0.000141289 0.999618 -0.0272916 0 -0.0277612 -0.0272775 -0.999242 0 -0.237955 -0.579769 0.0648946 1 
-0.999623 0.000920788 0.0270729 0 0.000189442 0.999626 -0.0270039 0 -0.0270881 -0.0269891 -0.999269 0 -0.237166 -0.5796 0.0631613 1 
-0.999645 0.000899428 0.0262808 0 0.0002086 0.999645 -0.0262771 0 -0.0262956 -0.0262628 -0.999309 0 -0.236225 -0.579318 0.0614533 1 
-0.999657 0.000815421 0.0257965 0 0.000144222 0.999652 -0.0260099 0 -0.0258092 -0.0259978 -0.999329 0 -0.235362 -0.579153 0.0602454 1 
-0.999669 0.000871383 0.025323 0 0.000218203 0.999658 -0.0257851 0 -0.0253373 -0.0257715 -0.999347 0 -0.234392 -0.578999 0.0592412 1 
-0.999679 0.000893325 0.0249508 0 0.000251355 0.99966 -0.0257204 0 -0.0249658 -0.0257064 -0.999358 0 -0.233385 -0.57892 0.0585137 1 
-0.999683 0.000949682 0.0247923 0 0.000301561 0.999649 -0.0261324 0 -0.0248089 -0.0261171 -0.999351 0 -0.232392 -0.578997 0.0580713 1 
-0.999686 0.00101198 0.0246307 0 0.000357551 0.999638 -0.0265591 0 -0.0246492 -0.0265424 -0.999344 0 -0.231411 -0.579142 0.0578208 1 
-0.999693 0.000957859 0.0243629 0 0.000307797 0.999635 -0.026672 0 -0.02438 -0.0266568 -0.999347 0 -0.230381 -0.579305 0.0576189 1 
-0.9997 0.000933104 0.0240873 0 0.000292341 0.999637 -0.0265913 0 -0.0241038 -0.0265768 -0.999356 0 -0.229314 -0.579503 0.057433 1 
-0.999707 0.00108183 0.023786 0 0.000454531 0.999643 -0.0263621 0 -0.0238065 -0.0263441 -0.999369 0 -0.228137 -0.579727 0.0572495 1 
-0.999713 0.00123661 0.0235112 0 0.000624534 0.999652 -0.0260228 0 -0.0235356 -0.0260012 -0.999385 0 -0.226937 -0.579949 0.0570656 1 
-0.99972 0.0011856 0.0232028 0 0.000589391 0.99966 -0.0256851 0 -0.0232258 -0.0256648 -0.999401 0 -0.225754 -0.580151 0.0568752 1 
-0.999728 0.000987184 0.0228952 0 0.000407979 0.99967 -0.0252888 0 -0.022913 -0.025273 -0.999418 0 -0.224466 -0.580323 0.0566312 1 
-0.999735 0.000982273 0.0225948 0 0.000417735 0.999678 -0.0249762 0 -0.0226125 -0.0249606 -0.999433 0 -0.22315 -0.580473 0.0563477 1 
-0.999739 0.000971741 0.0223974 0 0.0004146 0.999681 -0.0248662 0 -0.0224149 -0.0248509 -0.99944 0 -0.221898 -0.580587 0.0560361 1 
-0.99974 0.000722484 0.0223521 0 0.000163205 0.999677 -0.0250128 0 -0.0223634 -0.0250031 -0.999437 0 -0.220696 -0.580697 0.0557036 1 
-0.999741 0.00063906 0.0223186 0 7.66285e-05 0.999673 -0.0251916 0 -0.0223278 -0.0251839 -0.999433 0 -0.219625 -0.580728 0.0553409 1 
-0.999742 0.000508399 0.0222614 0 -5.24165e-05 0.999673 -0.0251842 0 -0.0222674 -0.0251793 -0.999435 0 -0.218641 -0.580647 0.0549312 1 
-0.999744 0.000392762 0.0221863 0 -0.00016388 0.999676 -0.0250818 0 -0.0221894 -0.0250795 -0.999439 0 -0.217834 -0.580467 0.0545012 1 
-0.999746 0.000327911 0.0220907 0 -0.000223446 0.999679 -0.0249515 0 -0.0220922 -0.0249506 -0.999445 0 -0.217132 -0.580221 0.0540509 1 
-0.999748 0.00034364 0.0220263 0 -0.000204127 0.999681 -0.0248615 0 -0.0220282 -0.0248602 -0.999448 0 -0.216592 -0.5799 0.0535944 1 
-0.99975 0.000433715 0.0219228 0 -0.000107461 0.999686 -0.0246781 0 -0.021927 -0.0246747 -0.999455 0 -0.216189 -0.579489 0.0531315 1 
-0.999754 0.000628507 0.0217391 0 0.000101016 0.999696 -0.024257 0 -0.0217481 -0.0242493 -0.999469 0 -0.21583 -0.578928 0.0526079 1 
-0.999758 0.000794324 0.0215576 0 0.000280496 0.999706 -0.0238274 0 -0.0215706 -0.0238161 -0.999484 0 -0.215507 -0.578272 0.0520583 1 
-0.999758 0.00101332 0.021529 0 0.000499743 0.999706 -0.0238469 0 -0.0215472 -0.0238309 -0.999484 0 -0.215252 -0.577662 0.0515609 1 
-0.999759 0.0013199 0.0214758 0 0.000808869 0.999707 -0.0237866 0 -0.0215014 -0.023764 -0.999486 0 -0.214966 -0.576954 0.0510263 1 
-0.99976 0.00164972 0.0214181 0 0.00114118 0.999708 -0.0237337 0 -0.0214515 -0.023704 -0.999489 0 -0.214659 -0.57623 0.0505267 1 
-0.999758 0.00198842 0.0214663 0 0.00147354 0.999702 -0.0239744 0 -0.0215079 -0.0239374 -0.999482 0 -0.214336 -0.57559 0.0500933 1 
-0.999758 0.00229197 0.0214179 0 0.00177752 0.999701 -0.0240077 0 -0.0214669 -0.0239643 -0.999482 0 -0.213897 -0.574869 0.0496493 1 
-0.999762 0.00238589 0.0212529 0 0.00188207 0.999708 -0.0236944 0 -0.0213036 -0.0236492 -0.999493 0 -0.213373 -0.574108 0.0492169 1 
-0.999763 0.00249277 0.0211781 0 0.00199264 0.99971 -0.0236035 0 -0.0212312 -0.0235562 -0.999497 0 -0.212851 -0.573481 0.04888 1 
-0.999763 0.00262117 0.0211825 0 0.0021179 0.999706 -0.0237465 0 -0.0212389 -0.0236964 -0.999494 0 -0.212263 -0.57289 0.048559 1 
-0.999762 0.00272721 0.0211871 0 0.00222092 0.999703 -0.0238827 0 -0.0212463 -0.0238305 -0.99949 0 -0.211662 -0.572309 0.0482921 1 
-0.999759 0.00268457 0.0213398 0 0.00216311 0.99969 -0.0244215 0 -0.0213992 -0.0243699 -0.999474 0 -0.211153 -0.571849 0.0480918 1 
-0.999754 0.00271166 0.0215596 0 0.00216871 0.999671 -0.0251673 0 -0.0216212 -0.0251148 -0.999451 0 -0.210659 -0.571427 0.0478495 1 
-0.99975 0.00283824 0.0217414 0 0.00227719 0.999655 -0.025787 0 -0.0218075 -0.0257315 -0.999431 0 -0.210192 -0.571041 0.0475513 1 
-0.999744 0.00296055 0.0219851 0 0.00237607 0.999635 -0.0265636 0 -0.0220562 -0.0265051 -0.999405 0 -0.2098 -0.570759 0.0472706 1 
-0.999742 0.00301395 0.0220814 0 0.00241914 0.999625 -0.0269143 0 -0.0221547 -0.0268545 -0.999394 0 -0.209426 -0.570463 0.0469586 1 
-0.999741 0.00303962 0.0221083 0 0.00244096 0.999621 -0.027055 0 -0.0221826 -0.0269945 -0.999389 0 -0.209085 -0.570228 0.0466525 1 
-0.999739 0.00302878 0.0222064 0 0.00242003 0.999612 -0.027389 0 -0.0222812 -0.0273286 -0.999378 0 -0.20881 -0.570151 0.0464445 1 
-0.999737 0.00305619 0.0223052 0 0.00243724 0.999603 -0.0277238 0 -0.0223815 -0.0276626 -0.999367 0 -0.208567 -0.570181 0.046341 1 
-0.999736 0.00310261 0.0223272 0 0.00248026 0.999599 -0.0278476 0 -0.0224051 -0.0277854 -0.999363 0 -0.208312 -0.570241 0.0462813 1 
-0.999736 0.00300492 0.0223582 0 0.00237903 0.999596 -0.0279677 0 -0.0224336 -0.0279076 -0.999359 0 -0.208085 -0.570354 0.0462912 1 
-0.999736 0.00287835 0.022371 0 0.00225016 0.999594 -0.0280552 0 -0.0224431 -0.027998 -0.999356 0 -0.207878 -0.570458 0.0463266 1 
-0.999736 0.0027264 0.0223797 0 0.00209673 0.999593 -0.0281106 0 -0.0224476 -0.0280568 -0.999354 0 -0.207621 -0.570573 0.0463371 1 
-0.999736 0.00246964 0.022404 0 0.00183731 0.999591 -0.0282006 0 -0.0224649 -0.0281525 -0.999351 0 -0.20735 -0.570707 0.0463532 1 
-0.999736 0.00232962 0.022431 0 0.00169407 0.999588 -0.0283109 0 -0.0224881 -0.0282659 -0.999347 0 -0.207103 -0.570839 0.0463876 1 
-0.999736 0.00215637 0.0224421 0 0.00151953 0.999587 -0.0283556 0 -0.0224944 -0.0283145 -0.999346 0 -0.206841 -0.570958 0.0463923 1 
-0.999736 0.00196107 0.0224563 0 0.00132272 0.999586 -0.0284055 0 -0.0225032 -0.0283688 -0.999344 0 -0.206583 -0.571075 0.0463944 1 
-0.999735 0.00183118 0.0225093 0 0.0011879 0.999582 -0.0285582 0 -0.0225526 -0.0285245 -0.999339 0 -0.206392 -0.571217 0.0464475 1 
-0.999734 0.00175309 0.0225635 0 0.00110432 0.999577 -0.0287336 0 -0.0226048 -0.0287016 -0.999332 0 -0.20625 -0.571365 0.0465067 1 
-0.999733 0.00158787 0.0226177 0 0.000934076 0.999573 -0.0288871 0 -0.0226544 -0.0288588 -0.999327 0 -0.206143 -0.571491 0.0465563 1 
-0.999732 0.0014418 0.0226812 0 0.000782271 0.999568 -0.0290599 0 -0.0227137 -0.0290349 -0.99932 0 -0.20609 -0.571609 0.0466181 1 
-0.999731 0.00138732 0.0227435 0 0.00072195 0.999563 -0.0292372 0 -0.0227745 -0.0292135 -0.999314 0 -0.206089 -0.571713 0.0466806 1 
-0.999729 0.00138355 0.0227986 0 0.000713557 0.999559 -0.0293693 0 -0.0228296 -0.0293456 -0.999309 0 -0.206119 -0.571788 0.0467168 1 
-0.999728 0.00138409 0.0228658 0 0.000709178 0.999555 -0.0294977 0 -0.0228969 -0.0294741 -0.999303 0 -0.206164 -0.571871 0.0467411 1 
-0.999726 0.00142245 0.0229614 0 0.000741145 0.99955 -0.0296526 0 -0.0229937 -0.029628 -0.999296 0 -0.206242 -0.571965 0.046774 1 
-0.999724 0.00143843 0.0230193 0 0.000752053 0.999546 -0.0297984 0 -0.0230521 -0.0297734 -0.999291 0 -0.206294 -0.572065 0.0467894 1 
-0.999724 0.00141631 0.0230415 0 0.000728068 0.999544 -0.0298502 0 -0.0230737 -0.0298258 -0.999289 0 -0.206307 -0.572134 0.0467622 1 
-0.999724 0.00136492 0.0230552 0 0.00067567 0.999544 -0.029877 0 -0.0230859 -0.0298537 -0.999288 0 -0.206307 -0.572196 0.0467169 1 
-0.999723 0.00131806 0.0230832 0 0.000626675 0.999542 -0.0299332 0 -0.0231125 -0.029911 -0.999285 0 -0.206319 -0.572279 0.0466787 1 
-0.999723 0.00128773 0.0230926 0 0.000595507 0.999541 -0.0299574 0 -0.023121 -0.0299359 -0.999284 0 -0.20632 -0.572351 0.0466201 1 
-0.999723 0.00126275 0.0230687 0 0.000573014 0.999544 -0.0298812 0 -0.0230964 -0.0298603 -0.999287 0 -0.206314 -0.572372 0.0465232 1 
