-0.999325 -0.0126494 0.0342049 0 -0.0134505 0.999629 -0.0232927 0 -0.0338982 -0.0237375 -0.999143 0 0.0542362 -0.438732 0.593745 1 
-0.999325 -0.0126497 0.0342056 0 -0.013451 0.999628 -0.0232955 0 -0.0338989 -0.0237404 -0.999143 0 0.0542357 -0.438733 0.593746 1 
-0.999325 -0.0126427 0.0342061 0 -0.0134438 0.999629 -0.0232918 0 -0.0338996 -0.0237364 -0.999143 0 0.0542359 -0.438732 0.593745 1 
-0.999325 -0.0126481 0.0342048 0 -0.0134494 0.999628 -0.0232976 0 -0.033898 -0.0237424 -0.999143 0 0.0542356 -0.438733 0.593747 1 
-0.999325 -0.0126338 0.0342059 0 -0.0134348 0.999629 -0.0232886 0 -0.0338997 -0.0237329 -0.999143 0 0.0542314 -0.438734 0.593744 1 
-0.999325 -0.0126403 0.034204 0 -0.0134414 0.999629 -0.0232929 0 -0.0338975 -0.0237374 -0.999143 0 0.0542351 -0.438733 0.593745 1 
-0.999325 -0.0126443 0.0342046 0 -0.0134455 0.999629 -0.0232975 0 -0.0338979 -0.0237421 -0.999143 0 0.0542366 -0.438732 0.593748 1 
-0.999325 -0.0126506 0.0342066 0 -0.0134517 0.999629 -0.0232926 0 -0.0338999 -0.0237375 -0.999143 0 0.0542367 -0.438733 0.593745 1 
-0.999325 -0.0126422 0.0342039 0 -0.0134435 0.999629 -0.0232985 0 -0.0338973 -0.023743 -0.999143 0 0.0542354 -0.438732 0.593748 1 
-0.999325 -0.0126444 0.0342065 0 -0.0134455 0.999629 -0.0232918 0 -0.0339 -0.0237365 -0.999143 0 0.054236 -0.438733 0.593745 1 
-0.999325 -0.0126396 0.0342048 0 -0.0134408 0.999629 -0.0232955 0 -0.0338983 -0.02374 -0.999143 0 0.0542347 -0.438732 0.593747 1 
-0.999325 -0.0126424 0.0342057 0 -0.0134435 0.999629 -0.0232939 0 -0.0338992 -0.0237385 -0.999143 0 0.0542357 -0.438733 0.593746 1 
-0.999325 -0.0126426 0.0342045 0 -0.0134439 0.999629 -0.0232983 0 -0.0338979 -0.0237429 -0.999143 0 0.0542356 -0.438732 0.593748 1 
-0.999325 -0.0126411 0.0342052 0 -0.0134424 0.999629 -0.0232971 0 -0.0338987 -0.0237416 -0.999143 0 0.0542361 -0.438733 0.593747 1 
-0.999325 -0.0126415 0.0342049 0 -0.0134426 0.999629 -0.0232937 0 -0.0338984 -0.0237383 -0.999143 0 0.054237 -0.438734 0.593746 1 
-0.999325 -0.0126443 0.0342052 0 -0.0134455 0.999629 -0.0232935 0 -0.0338986 -0.0237382 -0.999143 0 0.0542358 -0.438733 0.593746 1 
-0.999325 -0.0126411 0.0342052 0 -0.0134423 0.999629 -0.0232937 0 -0.0338987 -0.0237383 -0.999143 0 0.0542331 -0.438733 0.593746 1 
-0.999325 -0.0126449 0.0342046 0 -0.0134459 0.999629 -0.0232927 0 -0.033898 -0.0237374 -0.999143 0 0.054236 -0.438733 0.593745 1 
-0.999325 -0.0126467 0.0342052 0 -0.0134478 0.999629 -0.0232938 0 -0.0338986 -0.0237386 -0.999143 0 0.0542358 -0.438732 0.593746 1 
-0.999325 -0.0126428 0.0342046 0 -0.013444 0.999629 -0.0232961 0 -0.0338981 -0.0237407 -0.999143 0 0.0542344 -0.438733 0.593747 1 
-0.999325 -0.0126411 0.0342053 0 -0.0134422 0.999629 -0.0232922 0 -0.0338988 -0.0237367 -0.999143 0 0.0542358 -0.438733 0.593745 1 
-0.999325 -0.0126422 0.034205 0 -0.0134433 0.999629 -0.023294 0 -0.0338985 -0.0237386 -0.999143 0 0.0542357 -0.438732 0.593746 1 
-0.999325 -0.012644 0.0342063 0 -0.013445 0.999629 -0.0232903 0 -0.0338997 -0.023735 -0.999143 0 0.0542355 -0.438733 0.593744 1 
-0.999325 -0.0126436 0.0342053 0 -0.0134446 0.999629 -0.0232884 0 -0.0338988 -0.0237331 -0.999143 0 0.0542348 -0.438733 0.593744 1 
-0.999325 -0.0126527 0.034206 0 -0.013454 0.999628 -0.023298 0 -0.0338992 -0.023743 -0.999143 0 0.0542364 -0.438733 0.593748 1 
-0.999325 -0.0126462 0.0342056 0 -0.0134474 0.999629 -0.0232952 0 -0.0338989 -0.0237399 -0.999143 0 0.0542356 -0.438733 0.593746 1 
-0.999325 -0.012643 0.0342059 0 -0.0134441 0.999629 -0.0232927 0 -0.0338994 -0.0237373 -0.999143 0 0.0542349 -0.438733 0.593745 1 
-0.999325 -0.0126442 0.0342042 0 -0.0134454 0.999629 -0.0232947 0 -0.0338976 -0.0237394 -0.999143 0 0.0542367 -0.438732 0.593747 1 
-0.999325 -0.0126477 0.0342071 0 -0.0134487 0.999629 -0.0232878 0 -0.0339006 -0.0237326 -0.999143 0 0.0542366 -0.438734 0.593743 1 
-0.999325 -0.0126515 0.0342065 0 -0.0134527 0.999629 -0.0232927 0 -0.0338998 -0.0237377 -0.999143 0 0.0542356 -0.438732 0.593745 1 
-0.999325 -0.0126455 0.0342046 0 -0.0134466 0.999629 -0.0232927 0 -0.033898 -0.0237373 -0.999143 0 0.0542351 -0.438732 0.593745 1 
-0.999325 -0.0126403 0.0342062 0 -0.0134413 0.999629 -0.0232904 0 -0.0338997 -0.023735 -0.999143 0 0.0542345 -0.438733 0.593744 1 
-0.999325 -0.0126367 0.0342072 0 -0.0134378 0.999629 -0.0232922 0 -0.0339008 -0.0237366 -0.999143 0 0.0542339 -0.438733 0.593745 1 
-0.999325 -0.0126399 0.0342049 0 -0.0134411 0.999629 -0.0232947 0 -0.0338984 -0.0237392 -0.999143 0 0.0542357 -0.438732 0.593746 1 
-0.999325 -0.0126457 0.034205 0 -0.0134468 0.999629 -0.0232932 0 -0.0338984 -0.0237379 -0.999143 0 0.0542361 -0.438733 0.593745 1 
-0.999325 -0.0126468 0.0342068 0 -0.0134479 0.999629 -0.0232915 0 -0.0339002 -0.0237363 -0.999143 0 0.054236 -0.438732 0.593745 1 
-0.999325 -0.0126417 0.0342058 0 -0.0134431 0.999628 -0.0233008 0 -0.0338992 -0.0237453 -0.999143 0 0.0542357 -0.438732 0.593749 1 
-0.999325 -0.0126444 0.034204 0 -0.0134456 0.999629 -0.0232968 0 -0.0338974 -0.0237415 -0.999143 0 0.0542368 -0.438733 0.593747 1 
-0.999325 -0.0126429 0.0342058 0 -0.013444 0.999629 -0.023292 0 -0.0338993 -0.0237366 -0.999143 0 0.0542362 -0.438733 0.593745 1 
-0.999325 -0.0126428 0.0342044 0 -0.0134439 0.999629 -0.0232942 0 -0.0338978 -0.0237387 -0.999143 0 0.0542361 -0.438734 0.593745 1 
-0.999325 -0.0126545 0.0342063 0 -0.0134556 0.999628 -0.0232932 0 -0.0338995 -0.0237383 -0.999143 0 0.0542384 -0.438733 0.593746 1 
-0.999325 -0.0126527 0.0342065 0 -0.0134538 0.999629 -0.0232907 0 -0.0338998 -0.0237356 -0.999143 0 0.0542397 -0.438733 0.593745 1 
-0.999325 -0.0126331 0.0342062 0 -0.0134342 0.999629 -0.0232916 0 -0.0338999 -0.0237359 -0.999143 0 0.0542311 -0.438733 0.593745 1 
-0.999326 -0.0126199 0.0342035 0 -0.013421 0.999629 -0.0232922 0 -0.0338976 -0.023736 -0.999143 0 0.054223 -0.438735 0.593745 1 
-0.999325 -0.0126463 0.0342057 0 -0.0134478 0.999628 -0.0233026 0 -0.0338989 -0.0237473 -0.999143 0 0.0542355 -0.438733 0.593749 1 
-0.999325 -0.0126709 0.0342089 0 -0.0134723 0.999628 -0.0232989 0 -0.0339016 -0.0237445 -0.999143 0 0.0542485 -0.43873 0.593748 1 
-0.999325 -0.0126644 0.0342106 0 -0.0134657 0.999628 -0.0232927 0 -0.0339035 -0.0237381 -0.999143 0 0.0542467 -0.438731 0.593745 1 
-0.999325 -0.0126646 0.0342066 0 -0.0134659 0.999628 -0.0232979 0 -0.0338995 -0.0237433 -0.999143 0 0.0542431 -0.438731 0.593748 1 
-0.999325 -0.0126704 0.0342123 0 -0.0134717 0.999628 -0.023292 0 -0.0339052 -0.0237376 -0.999143 0 0.0542494 -0.438732 0.593745 1 
-0.999325 -0.0126717 0.034211 0 -0.0134728 0.999628 -0.0232889 0 -0.0339039 -0.0237346 -0.999143 0 0.0542506 -0.438732 0.593744 1 
-0.999325 -0.0126485 0.0342089 0 -0.0134496 0.999629 -0.0232891 0 -0.0339023 -0.023734 -0.999143 0 0.0542394 -0.438732 0.593744 1 
-0.999326 -0.0126154 0.0342042 0 -0.0134163 0.999629 -0.023289 0 -0.0338983 -0.0237326 -0.999143 0 0.0542211 -0.438735 0.593744 1 
-0.999326 -0.0125636 0.0342005 0 -0.0133645 0.99963 -0.0232914 0 -0.0338958 -0.0237332 -0.999144 0 0.0541947 -0.438739 0.593745 1 
-0.999327 -0.0125207 0.0341965 0 -0.0133213 0.99963 -0.023286 0 -0.033893 -0.0237263 -0.999144 0 0.054178 -0.438742 0.593742 1 
-0.999327 -0.0125217 0.0341992 0 -0.0133221 0.999631 -0.0232797 0 -0.0338957 -0.0237201 -0.999144 0 0.0541799 -0.438742 0.59374 1 
-0.999326 -0.0125415 0.034207 0 -0.0133411 0.999631 -0.0232493 0 -0.0339034 -0.0236905 -0.999144 0 0.054187 -0.438743 0.593726 1 
-0.999327 -0.0125164 0.0342083 0 -0.0133146 0.999632 -0.0232073 0 -0.0339059 -0.0236476 -0.999145 0 0.054177 -0.438748 0.593707 1 
-0.999327 -0.0124918 0.0342132 0 -0.0132881 0.999634 -0.0231472 0 -0.0339122 -0.0235867 -0.999146 0 0.0541612 -0.438758 0.593681 1 
-0.999327 -0.0124707 0.0342303 0 -0.0132644 0.999636 -0.0230588 0 -0.0339309 -0.0234977 -0.999148 0 0.0541537 -0.438768 0.593642 1 
-0.999326 -0.0124853 0.0342382 0 -0.0132776 0.999637 -0.0230114 0 -0.0339391 -0.023451 -0.999149 0 0.0541588 -0.438776 0.593621 1 
-0.999325 -0.0124917 0.0342605 0 -0.0132791 0.999641 -0.02285 0 -0.0339635 -0.02329 -0.999152 0 0.0541668 -0.438799 0.593549 1 
-0.999324 -0.0125032 0.0342979 0 -0.0132836 0.999646 -0.02262 0 -0.0340036 -0.0230607 -0.999156 0 0.0541732 -0.438833 0.593447 1 
-0.999322 -0.0124449 0.0343814 0 -0.0132181 0.999653 -0.0223549 0 -0.034092 -0.0227947 -0.999159 0 0.0541405 -0.43888 0.59327 1 
-0.999319 -0.0121078 0.0345849 0 -0.0129057 0.999644 -0.0229434 0 -0.0342954 -0.0233746 -0.999138 0 0.0539738 -0.439161 0.593098 1 
-0.999318 -0.0115548 0.0347916 0 -0.0123614 0.999648 -0.0230609 0 -0.0345135 -0.0234757 -0.999128 0 0.0537108 -0.439401 0.592808 1 
-0.999321 -0.0108744 0.0349249 0 -0.0116672 0.999667 -0.0225777 0 -0.0346684 -0.0229703 -0.999135 0 0.0533615 -0.439561 0.592376 1 
-0.999317 -0.0107026 0.0350988 0 -0.0114721 0.999687 -0.0217954 0 -0.0348552 -0.0221836 -0.999146 0 0.0529311 -0.439695 0.591802 1 
-0.999306 -0.0107146 0.0354085 0 -0.0114641 0.999703 -0.0210334 0 -0.0351733 -0.0214251 -0.999152 0 0.0523483 -0.439879 0.591116 1 
-0.999302 -0.0102239 0.0356681 0 -0.0109522 0.999725 -0.0202813 0 -0.0354516 -0.0206582 -0.999158 0 0.0515857 -0.440155 0.59028 1 
-0.999303 -0.00951307 0.0358379 0 -0.0102052 0.999754 -0.0191805 0 -0.0356473 -0.0195333 -0.999174 0 0.0507886 -0.440425 0.589249 1 
-0.999303 -0.00878685 0.0360172 0 -0.00944023 0.999784 -0.018011 0 -0.0358519 -0.0183388 -0.999189 0 0.0499206 -0.440789 0.588009 1 
-0.999298 -0.00867143 0.0361818 0 -0.00930673 0.999795 -0.017427 0 -0.036024 -0.0177519 -0.999193 0 0.0489826 -0.441372 0.586628 1 
-0.999294 -0.00870842 0.0362802 0 -0.00934693 0.999794 -0.0174669 0 -0.0361214 -0.0177941 -0.999189 0 0.0479607 -0.442186 0.585045 1 
-0.99929 -0.00834858 0.0364721 0 -0.00900202 0.999792 -0.0177885 0 -0.0363167 -0.0181045 -0.999176 0 0.0467615 -0.443188 0.583216 1 
-0.999278 -0.00813515 0.0368603 0 -0.00878371 0.999799 -0.0174673 0 -0.0367115 -0.0177788 -0.999168 0 0.0453843 -0.444157 0.581199 1 
-0.999266 -0.00793731 0.0372095 0 -0.00859961 0.999797 -0.0176728 0 -0.0370624 -0.0179801 -0.999151 0 0.0437126 -0.445416 0.57885 1 
-0.999259 -0.00797372 0.0373942 0 -0.00867342 0.99978 -0.0185867 0 -0.0372385 -0.0188977 -0.999128 0 0.0418401 -0.44695 0.576278 1 
-0.999246 -0.00839015 0.0376564 0 -0.00909758 0.999775 -0.0186544 0 -0.0374921 -0.0189833 -0.999117 0 0.0397191 -0.448399 0.573404 1 
-0.999236 -0.00816285 0.0379794 0 -0.00887277 0.999779 -0.0185611 0 -0.0378202 -0.0188842 -0.999106 0 0.0371123 -0.450008 0.570129 1 
-0.999224 -0.0079802 0.0383091 0 -0.00868392 0.999786 -0.0182382 0 -0.0381561 -0.0185571 -0.999099 0 0.0341287 -0.451589 0.566771 1 
-0.999209 -0.00843312 0.0386186 0 -0.00915433 0.999777 -0.0185364 0 -0.0384544 -0.0188757 -0.999082 0 0.0307646 -0.453319 0.56336 1 
-0.999196 -0.00865117 0.038902 0 -0.00937828 0.999774 -0.0185472 0 -0.0387335 -0.0188975 -0.999071 0 0.0270811 -0.455024 0.559727 1 
-0.99919 -0.00844784 0.0391025 0 -0.00918438 0.999773 -0.0186947 0 -0.0389365 -0.0190391 -0.99906 0 0.0231041 -0.456692 0.556195 1 
-0.999178 -0.00833955 0.0394288 0 -0.0090846 0.999773 -0.0187547 0 -0.0392642 -0.0190978 -0.999046 0 0.0184595 -0.458391 0.552522 1 
-0.999167 -0.00856479 0.0396512 0 -0.00932047 0.999768 -0.0189125 0 -0.0394807 -0.0192667 -0.999035 0 0.0136539 -0.460085 0.548714 1 
-0.99916 -0.00847015 0.0398625 0 -0.00922057 0.999773 -0.0186789 0 -0.039696 -0.0190311 -0.999031 0 0.00839297 -0.461662 0.544788 1 
-0.999149 -0.00841982 0.0401365 0 -0.00917641 0.999773 -0.0187034 0 -0.0399707 -0.0190561 -0.999019 0 0.00294468 -0.463208 0.541003 1 
-0.999144 -0.00802142 0.0403533 0 -0.00875324 0.99979 -0.0179911 0 -0.0402013 -0.0183293 -0.999023 0 -0.00283356 -0.464527 0.537198 1 
-0.99913 -0.00836454 0.0406202 0 -0.00911412 0.999781 -0.0183031 0 -0.040459 -0.0186578 -0.999007 0 -0.00875162 -0.465985 0.533522 1 
-0.999125 -0.00771959 0.0408622 0 -0.00847049 0.999788 -0.0182351 0 -0.0407135 -0.0185656 -0.998998 0 -0.0148766 -0.467222 0.529975 1 
-0.999116 -0.00750911 0.041133 0 -0.0082656 0.99979 -0.0182519 0 -0.0409881 -0.0185761 -0.998987 0 -0.0210892 -0.468413 0.526531 1 
-0.999102 -0.00789553 0.0414014 0 -0.0086385 0.999795 -0.0177973 0 -0.0412532 -0.0181393 -0.998984 0 -0.027608 -0.46945 0.523141 1 
-0.999092 -0.00743925 0.0417234 0 -0.00821492 0.999786 -0.0184502 0 -0.041578 -0.0187766 -0.998959 0 -0.0342164 -0.470618 0.519926 1 
-0.999084 -0.00677957 0.0420189 0 -0.00755797 0.999793 -0.0183937 0 -0.0418863 -0.0186947 -0.998947 0 -0.0410426 -0.471505 0.516788 1 
-0.999068 -0.0070337 0.0423678 0 -0.00781916 0.99979 -0.0184018 0 -0.0422303 -0.0187163 -0.998933 0 -0.0482839 -0.472361 0.513612 1 
-0.999057 -0.00686677 0.0426573 0 -0.00763822 0.9998 -0.0179482 0 -0.0425263 -0.0182575 -0.998929 0 -0.0551652 -0.47296 0.510745 1 
-0.99904 -0.00677514 0.0430606 0 -0.00757154 0.999793 -0.0183587 0 -0.0429281 -0.0186674 -0.998904 0 -0.0628923 -0.473681 0.507829 1 
-0.999018 -0.00717047 0.0435127 0 -0.0079977 0.99978 -0.0188668 0 -0.0433687 -0.0191967 -0.998875 0 -0.0704366 -0.474294 0.505126 1 
-0.999005 -0.00665349 0.0438717 0 -0.00748326 0.999786 -0.0187764 0 -0.0437382 -0.0190864 -0.998861 0 -0.0779386 -0.474666 0.50255 1 
-0.998985 -0.00700995 0.0442839 0 -0.00785261 0.999781 -0.0188831 0 -0.0441427 -0.019212 -0.99884 0 -0.0857987 -0.475067 0.499895 1 
-0.998973 -0.0070306 0.044546 0 -0.0078522 0.999792 -0.0182957 0 -0.0444089 -0.0186271 -0.99884 0 -0.0941384 -0.475355 0.496973 1 
-0.998964 -0.00695266 0.0447583 0 -0.00778693 0.999789 -0.0184919 0 -0.0446211 -0.0188216 -0.998827 0 -0.102279 -0.475841 0.494079 1 
-0.998953 -0.00710309 0.0449761 0 -0.00796098 0.99978 -0.0189239 0 -0.0448327 -0.0192625 -0.998809 0 -0.109961 -0.476322 0.49128 1 
-0.998939 -0.00678481 0.0453295 0 -0.00764974 0.999782 -0.0189346 0 -0.045192 -0.0192616 -0.998793 0 -0.118077 -0.476623 0.488372 1 
-0.99893 -0.0071368 0.0454894 0 -0.00800277 0.99978 -0.018883 0 -0.0453455 -0.0192272 -0.998786 0 -0.126036 -0.476895 0.485448 1 
-0.998929 -0.00700673 0.0455234 0 -0.00783892 0.999795 -0.0181277 0 -0.0453879 -0.0184655 -0.998799 0 -0.133929 -0.477164 0.482232 1 
-0.998921 -0.00698301 0.0457144 0 -0.00783432 0.999789 -0.0184697 0 -0.0455767 -0.0188083 -0.998784 0 -0.141511 -0.47776 0.478977 1 
-0.998912 -0.00742902 0.0458381 0 -0.00829571 0.99978 -0.0187462 0 -0.0456896 -0.0191064 -0.998773 0 -0.149122 -0.478342 0.475605 1 
-0.998907 -0.00705728 0.0460027 0 -0.00793335 0.99978 -0.018889 0 -0.0458602 -0.0192337 -0.998763 0 -0.156355 -0.478859 0.472451 1 
-0.998909 -0.00748289 0.045876 0 -0.00832408 0.999791 -0.0181726 0 -0.0457313 -0.018535 -0.998782 0 -0.16363 -0.479636 0.46866 1 
-0.998901 -0.00730151 0.0460984 0 -0.00817495 0.99978 -0.0187872 0 -0.045952 -0.0191438 -0.99876 0 -0.171172 -0.480744 0.464749 1 
-0.998892 -0.00751946 0.0462458 0 -0.00842419 0.999767 -0.0193996 0 -0.04609 -0.0197681 -0.998742 0 -0.178017 -0.481805 0.461024 1 
-0.998896 -0.00766894 0.046146 0 -0.00855403 0.999773 -0.0190134 0 -0.0459906 -0.0193875 -0.998754 0 -0.185108 -0.483067 0.456386 1 
-0.998891 -0.00819295 0.0461511 0 -0.0091013 0.999759 -0.0195062 0 -0.045981 -0.019905 -0.998744 0 -0.191592 -0.484322 0.45222 1 
-0.998899 -0.00836009 0.0459598 0 -0.00927075 0.999755 -0.0196368 0 -0.0457852 -0.0200416 -0.99875 0 -0.197503 -0.485622 0.447859 1 
-0.998916 -0.00832226 0.0455915 0 -0.00921372 0.99976 -0.0193779 0 -0.0454202 -0.0197773 -0.998772 0 -0.203581 -0.487057 0.442941 1 
-0.998928 -0.00910374 0.0451687 0 -0.00998215 0.999755 -0.01926 0 -0.0449832 -0.0196906 -0.998794 0 -0.208928 -0.488525 0.438218 1 
-0.998962 -0.00877988 0.0444732 0 -0.00961013 0.999773 -0.0184893 0 -0.0443016 -0.0188979 -0.998839 0 -0.214023 -0.490071 0.433033 1 
-0.998965 -0.00880789 0.0444081 0 -0.0096503 0.999767 -0.018791 0 -0.0442331 -0.0192004 -0.998837 0 -0.219049 -0.491744 0.428077 1 
-0.999001 -0.00937012 0.0434736 0 -0.0101559 0.999779 -0.01789 0 -0.0432972 -0.018314 -0.998894 0 -0.223465 -0.493625 0.422423 1 
-0.999012 -0.009095 0.0432793 0 -0.00989021 0.999776 -0.0181952 0 -0.043105 -0.0186056 -0.998897 0 -0.227662 -0.49563 0.417187 1 
-0.99903 -0.00909569 0.0428665 0 -0.00987049 0.999781 -0.0178976 0 -0.0426952 -0.0183037 -0.99892 0 -0.231598 -0.497733 0.411439 1 
-0.999039 -0.00975259 0.0425027 0 -0.0105265 0.999773 -0.0180234 0 -0.0423181 -0.0184538 -0.998934 0 -0.235205 -0.499899 0.405903 1 
-0.999081 -0.00973231 0.0415024 0 -0.0104627 0.999784 -0.0174173 0 -0.0413247 -0.0178359 -0.998987 0 -0.238365 -0.502174 0.399858 1 
-0.999096 -0.00925429 0.0412556 0 -0.0100068 0.999777 -0.0180711 0 -0.0410799 -0.0184679 -0.998985 0 -0.241165 -0.504687 0.394179 1 
-0.999134 -0.00889397 0.0404142 0 -0.00960019 0.999794 -0.0173142 0 -0.0402527 -0.0176876 -0.999033 0 -0.243297 -0.507035 0.388364 1 
-0.999158 -0.00857905 0.0398707 0 -0.00926044 0.999804 -0.0169366 0 -0.0397183 -0.0172919 -0.999061 0 -0.244854 -0.509157 0.383443 1 
-0.999179 -0.00856295 0.0393438 0 -0.00922933 0.999807 -0.0167868 0 -0.0391932 -0.0171365 -0.999085 0 -0.246346 -0.512209 0.376944 1 
-0.999207 -0.00900477 0.038524 0 -0.00963857 0.999811 -0.0162981 0 -0.0383707 -0.0166568 -0.999125 0 -0.247233 -0.514924 0.371065 1 
-0.999231 -0.0100974 0.0376453 0 -0.0107174 0.9998 -0.0163025 0 -0.0374739 -0.0166938 -0.999158 0 -0.24745 -0.517508 0.366102 1 
-0.999277 -0.0113334 0.0360224 0 -0.0118864 0.999805 -0.0151738 0 -0.0358441 -0.0155913 -0.999236 0 -0.247229 -0.520213 0.360435 1 
-0.999289 -0.012285 0.0353662 0 -0.0128603 0.999778 -0.0160863 0 -0.0351614 -0.01653 -0.999245 0 -0.246617 -0.523313 0.355405 1 
-0.999321 -0.0133557 0.0340707 0 -0.0138908 0.999773 -0.0155191 0 -0.0338564 -0.0159822 -0.999299 0 -0.245496 -0.526098 0.350395 1 
-0.999335 -0.0143815 0.0332127 0 -0.0149019 0.99976 -0.0154742 0 -0.0329828 -0.0159592 -0.999328 0 -0.244032 -0.529052 0.34552 1 
-0.999341 -0.0151148 0.032703 0 -0.0156263 0.999749 -0.0154401 0 -0.032462 -0.0159412 -0.999346 0 -0.242191 -0.531875 0.341278 1 
-0.999352 -0.0156022 0.0321428 0 -0.0160914 0.999748 -0.0150155 0 -0.031901 -0.0155233 -0.99937 0 -0.240165 -0.534678 0.336773 1 
-0.999358 -0.0156818 0.031924 0 -0.0161681 0.999747 -0.0150319 0 -0.0316808 -0.0155387 -0.999377 0 -0.237907 -0.537542 0.332267 1 
-0.999359 -0.0161794 0.0316198 0 -0.0166541 0.999742 -0.0148095 0 -0.0313727 -0.0153269 -0.99939 0 -0.235429 -0.540062 0.328323 1 
-0.99937 -0.016673 0.0310098 0 -0.0171139 0.999746 -0.0140063 0 -0.030769 -0.0145285 -0.999421 0 -0.23256 -0.542476 0.324156 1 
-0.999393 -0.0166751 0.0302868 0 -0.0170744 0.99976 -0.0129745 0 -0.0300638 -0.013484 -0.999457 0 -0.229449 -0.544768 0.319794 1 
-0.999394 -0.0168047 0.0301612 0 -0.0172078 0.999756 -0.0131554 0 -0.0299334 -0.0136667 -0.999458 0 -0.226271 -0.547053 0.31569 1 
-0.999399 -0.017018 0.0298927 0 -0.0174139 0.999754 -0.0130336 0 -0.0296641 -0.0135466 -0.999468 0 -0.222943 -0.549026 0.311631 1 
-0.99941 -0.0173553 0.0293139 0 -0.0177169 0.99976 -0.0121192 0 -0.0290971 -0.0126316 -0.999497 0 -0.219298 -0.550772 0.307358 1 
-0.999429 -0.0172304 0.0287234 0 -0.0175589 0.999773 -0.0112245 0 -0.0285241 -0.0117227 -0.999524 0 -0.215144 -0.552518 0.30253 1 
-0.999443 -0.0171349 0.0283127 0 -0.0174446 0.999781 -0.0107263 0 -0.0281232 -0.0112145 -0.999542 0 -0.211266 -0.55391 0.298225 1 
-0.999451 -0.0169246 0.0281601 0 -0.017239 0.999782 -0.0109575 0 -0.027969 -0.0114371 -0.999543 0 -0.207273 -0.555209 0.294098 1 
-0.999453 -0.0174473 0.0277669 0 -0.0177456 0.999777 -0.010533 0 -0.0275775 -0.0110202 -0.999559 0 -0.202864 -0.556207 0.290039 1 
-0.999464 -0.0174549 0.0273371 0 -0.0177358 0.999782 -0.0100676 0 -0.0271559 -0.0105472 -0.999576 0 -0.198195 -0.55699 0.285871 1 
-0.999482 -0.0170573 0.0269405 0 -0.0173238 0.999793 -0.0096889 0 -0.0267702 -0.0101508 -0.99959 0 -0.193723 -0.557527 0.282046 1 
-0.999482 -0.0172008 0.0268373 0 -0.0174795 0.999786 -0.0101862 0 -0.0266568 -0.0106502 -0.999588 0 -0.18902 -0.5581 0.278376 1 
-0.999502 -0.0168335 0.0263382 0 -0.0170889 0.999799 -0.00950106 0 -0.0261734 -0.00994661 -0.999608 0 -0.18426 -0.558204 0.274793 1 
-0.999506 -0.0169848 0.0260587 0 -0.0172365 0.999797 -0.00946627 0 -0.0258932 -0.00991095 -0.999616 0 -0.179415 -0.558238 0.271254 1 
-0.999513 -0.0171038 0.02572 0 -0.0173476 0.999797 -0.00928685 0 -0.0255564 -0.0097287 -0.999626 0 -0.174555 -0.558124 0.267871 1 
-0.999524 -0.0167402 0.0255376 0 -0.0169904 0.9998 -0.00960846 0 -0.0253721 -0.010038 -0.999628 0 -0.169568 -0.558044 0.264481 1 
-0.999528 -0.016752 0.0253848 0 -0.0170088 0.999796 -0.00993083 0 -0.0252138 -0.0103581 -0.999628 0 -0.16481 -0.55787 0.261102 1 
-0.999532 -0.0167766 0.0251976 0 -0.0170366 0.999794 -0.0101377 0 -0.0250228 -0.0105624 -0.999631 0 -0.160085 -0.557571 0.257553 1 
-0.999525 -0.0175385 0.0249603 0 -0.017797 0.99978 -0.0101741 0 -0.0247769 -0.0106137 -0.999637 0 -0.15552 -0.557207 0.254165 1 
-0.99952 -0.0178202 0.0249598 0 -0.0181006 0.999765 -0.0110524 0 -0.0247575 -0.0114991 -0.999627 0 -0.151357 -0.556949 0.25105 1 
-0.999529 -0.0174547 0.02487 0 -0.0177396 0.999769 -0.0112803 0 -0.0246679 -0.0117164 -0.999627 0 -0.146762 -0.55629 0.247153 1 
-0.999523 -0.0177734 0.0248699 0 -0.0180682 0.999759 -0.0116777 0 -0.0246569 -0.0121217 -0.999622 0 -0.142639 -0.555604 0.243425 1 
-0.999524 -0.0179112 0.0247379 0 -0.0182062 0.999756 -0.0117517 0 -0.0245218 -0.0121968 -0.999625 0 -0.138995 -0.55487 0.240057 1 
-0.999527 -0.017754 0.0247111 0 -0.0180601 0.999753 -0.0122227 0 -0.0244885 -0.0126634 -0.99962 0 -0.135687 -0.554102 0.23662 1 
-0.999529 -0.0178303 0.0245848 0 -0.01814 0.999749 -0.012431 0 -0.0243574 -0.0128713 -0.99962 0 -0.132703 -0.553222 0.233138 1 
-0.999533 -0.0176472 0.0245696 0 -0.0179656 0.999747 -0.0127996 0 -0.024338 -0.0132353 -0.999616 0 -0.130067 -0.552342 0.229637 1 
-0.999542 -0.0173519 0.0243881 0 -0.0176632 0.999755 -0.0126056 0 -0.0241639 -0.0130308 -0.999623 0 -0.127641 -0.551326 0.22602 1 
-0.999546 -0.0170323 0.0244824 0 -0.0173631 0.99975 -0.0133641 0 -0.0242491 -0.0137833 -0.999611 0 -0.125548 -0.550541 0.222562 1 
-0.999543 -0.0171369 0.0245318 0 -0.0174758 0.999744 -0.0136672 0 -0.0242917 -0.0140899 -0.999606 0 -0.123621 -0.549665 0.219019 1 
-0.999538 -0.0174641 0.0245052 0 -0.0178071 0.999736 -0.0138494 0 -0.0242573 -0.0142796 -0.999604 0 -0.12187 -0.548733 0.215248 1 
-0.999538 -0.0175359 0.0244247 0 -0.0178808 0.999733 -0.0139739 0 -0.0241736 -0.0144045 -0.999604 0 -0.120373 -0.547906 0.211689 1 
-0.999533 -0.0177173 0.0245085 0 -0.0180856 0.999716 -0.0148886 0 -0.0242382 -0.0153252 -0.999589 0 -0.119075 -0.547268 0.208008 1 
-0.999533 -0.0177691 0.0244579 0 -0.0181409 0.999712 -0.0150637 0 -0.0241837 -0.0155007 -0.999587 0 -0.118013 -0.546551 0.204277 1 
-0.999536 -0.0175186 0.0245234 0 -0.0178974 0.999713 -0.0153132 0 -0.0242485 -0.0157453 -0.999582 0 -0.117252 -0.545928 0.200368 1 
-0.999539 -0.0172851 0.0245686 0 -0.0176658 0.999716 -0.0153621 0 -0.0242965 -0.0157893 -0.99958 0 -0.116858 -0.545425 0.19644 1 
-0.999537 -0.0171619 0.0247217 0 -0.0175633 0.999706 -0.0161136 0 -0.0244384 -0.0165407 -0.999564 0 -0.116755 -0.545128 0.192271 1 
-0.999534 -0.0171933 0.0248539 0 -0.0176049 0.9997 -0.0164353 0 -0.0245643 -0.0168655 -0.999556 0 -0.116832 -0.544878 0.18814 1 
-0.99953 -0.0169967 0.0251223 0 -0.0174297 0.999692 -0.0171194 0 -0.0248241 -0.0175496 -0.999538 0 -0.117162 -0.544875 0.184065 1 
-0.999536 -0.0164577 0.025269 0 -0.0168906 0.999703 -0.0170139 0 -0.024982 -0.0174331 -0.999536 0 -0.117725 -0.544901 0.179755 1 
-0.99954 -0.0157129 0.0255617 0 -0.0161579 0.99971 -0.017295 0 -0.025283 -0.0177004 -0.999524 0 -0.118488 -0.545066 0.175385 1 
-0.999539 -0.0149559 0.0260372 0 -0.0154168 0.999717 -0.0175923 0 -0.0257672 -0.017986 -0.999506 0 -0.119432 -0.545368 0.171153 1 
-0.999543 -0.0141376 0.0263385 0 -0.0145934 0.999736 -0.017194 0 -0.026089 -0.0175708 -0.999505 0 -0.120429 -0.545563 0.166637 1 
-0.999539 -0.0136041 0.0268018 0 -0.0140714 0.999741 -0.0173233 0 -0.0265597 -0.0176927 -0.999491 0 -0.121434 -0.545807 0.162494 1 
-0.999521 -0.013174 0.0276524 0 -0.0136893 0.999725 -0.0185299 0 -0.0274012 -0.0188999 -0.999446 0 -0.122834 -0.546305 0.157469 1 
-0.999514 -0.0128419 0.0280748 0 -0.0133434 0.999744 -0.0177467 0 -0.0278402 -0.0181131 -0.999448 0 -0.124128 -0.546356 0.15232 1 
-0.999496 -0.0127134 0.028752 0 -0.0132462 0.999733 -0.0184174 0 -0.0285107 -0.0187893 -0.999417 0 -0.12555 -0.546699 0.147832 1 
-0.999483 -0.012732 0.0291926 0 -0.01327 0.999735 -0.0183125 0 -0.0289522 -0.0186907 -0.999406 0 -0.127046 -0.546914 0.143078 1 
-0.999467 -0.0127965 0.0297014 0 -0.0133641 0.999721 -0.0189896 0 -0.0294507 -0.0193768 -0.999378 0 -0.12866 -0.547236 0.138463 1 
-0.999456 -0.0126634 0.0301269 0 -0.0132489 0.999716 -0.0193129 0 -0.0298743 -0.0197019 -0.999359 0 -0.130393 -0.547563 0.134035 1 
-0.999451 -0.0125451 0.0303405 0 -0.0131248 0.999724 -0.0189823 0 -0.0300946 -0.0193705 -0.999359 0 -0.13208 -0.547747 0.129631 1 
-0.999445 -0.0120329 0.0307647 0 -0.0126519 0.99971 -0.0200056 0 -0.0305156 -0.0203841 -0.999326 0 -0.133998 -0.548262 0.125774 1 
-0.999435 -0.0117603 0.0311642 0 -0.0123993 0.999706 -0.0203886 0 -0.0309158 -0.0207639 -0.999306 0 -0.136032 -0.548617 0.121603 1 
-0.999419 -0.0118302 0.0316575 0 -0.0124907 0.999697 -0.0207501 0 -0.031403 -0.0211339 -0.999283 0 -0.138265 -0.54903 0.117537 1 
-0.999406 -0.0116612 0.0321372 0 -0.0123555 0.999683 -0.021491 0 -0.0318771 -0.0218757 -0.999252 0 -0.140407 -0.549651 0.114304 1 
-0.999398 -0.0119342 0.0322649 0 -0.0126108 0.999693 -0.0208489 0 -0.0320068 -0.0212436 -0.999262 0 -0.142612 -0.550049 0.11044 1 
-0.999392 -0.0117992 0.0325018 0 -0.0124976 0.999684 -0.0213697 0 -0.03224 -0.0217633 -0.999243 0 -0.144893 -0.550794 0.107301 1 
-0.999384 -0.0117759 0.0327562 0 -0.0124919 0.999676 -0.0217416 0 -0.0324902 -0.0221378 -0.999227 0 -0.147329 -0.551698 0.104081 1 
-0.999373 -0.0116684 0.033143 0 -0.0124191 0.999659 -0.0225353 0 -0.0328694 -0.0229332 -0.999197 0 -0.149964 -0.552812 0.100844 1 
-0.999359 -0.0114739 0.0336212 0 -0.0122658 0.99964 -0.0234424 0 -0.0333408 -0.0238402 -0.99916 0 -0.152526 -0.554114 0.0985621 1 
-0.99936 -0.0112162 0.0336717 0 -0.0119879 0.999658 -0.0228027 0 -0.0334051 -0.0231922 -0.999173 0 -0.154966 -0.555095 0.0960081 1 
-0.999348 -0.0114542 0.0339465 0 -0.0122334 0.999655 -0.022837 0 -0.0336738 -0.0232379 -0.999163 0 -0.157923 -0.556563 0.0935057 1 
-0.99934 -0.0114327 0.0341956 0 -0.0122207 0.999653 -0.0229244 0 -0.0339223 -0.0233277 -0.999152 0 -0.160526 -0.558067 0.0917906 1 
-0.999346 -0.0109397 0.0341968 0 -0.0117031 0.999675 -0.0222031 0 -0.0339434 -0.0225892 -0.999168 0 -0.163001 -0.55935 0.0896406 1 
-0.999341 -0.0105547 0.0344434 0 -0.0113259 0.999678 -0.0222709 0 -0.0341979 -0.0226467 -0.999158 0 -0.165434 -0.560862 0.0879242 1 
-0.999325 -0.010586 0.0348953 0 -0.0113955 0.999659 -0.0230796 0 -0.0346397 -0.0234621 -0.999124 0 -0.167761 -0.562539 0.0866913 1 
-0.999318 -0.0105671 0.035096 0 -0.0113789 0.999661 -0.023012 0 -0.0348416 -0.0233961 -0.999119 0 -0.170079 -0.563945 0.0849277 1 
-0.999303 -0.0115255 0.035244 0 -0.0123324 0.999655 -0.0227654 0 -0.0349702 -0.0231846 -0.999119 0 -0.17228 -0.565189 0.083168 1 
-0.999286 -0.012016 0.0355382 0 -0.01284 0.999642 -0.0230499 0 -0.0352492 -0.0234902 -0.999102 0 -0.174369 -0.566503 0.0817886 1 
-0.99928 -0.0121945 0.035669 0 -0.0130151 0.999644 -0.0228642 0 -0.0353781 -0.0233124 -0.999102 0 -0.176293 -0.567599 0.0802038 1 
-0.999287 -0.012257 0.0354513 0 -0.0130298 0.999671 -0.0216504 0 -0.035175 -0.0220973 -0.999137 0 -0.17795 -0.568227 0.0781795 1 
-0.999289 -0.0125195 0.0352928 0 -0.013253 0.99969 -0.0206245 0 -0.0350244 -0.0210779 -0.999164 0 -0.179526 -0.568848 0.0763283 1 
-0.999288 -0.0127831 0.0352348 0 -0.0134938 0.999699 -0.0200059 0 -0.0349691 -0.0204675 -0.999179 0 -0.180968 -0.569466 0.0748523 1 
-0.99929 -0.0128816 0.035142 0 -0.0135651 0.999712 -0.0192832 0 -0.0348841 -0.0197466 -0.999196 0 -0.182342 -0.570007 0.0733532 1 
-0.999296 -0.0130651 0.034896 0 -0.0137036 0.999732 -0.0181208 0 -0.0346506 -0.0185866 -0.999227 0 -0.183674 -0.570372 0.0715384 1 
-0.999297 -0.0134076 0.0347454 0 -0.0140165 0.999742 -0.0173423 0 -0.0345046 -0.0178175 -0.999246 0 -0.18486 -0.570642 0.06999 1 
-0.999297 -0.0135368 0.0346921 0 -0.0141293 0.999748 -0.0168923 0 -0.0344554 -0.0173709 -0.999255 0 -0.186091 -0.570939 0.0686245 1 
-0.999294 -0.0136787 0.0347288 0 -0.0142665 0.999749 -0.0167327 0 -0.0344919 -0.0172166 -0.999257 0 -0.187328 -0.571317 0.0675103 1 
-0.999291 -0.0138615 0.0347277 0 -0.0144388 0.999751 -0.0164297 0 -0.034492 -0.0169198 -0.999262 0 -0.188541 -0.571661 0.0664541 1 
-0.999298 -0.0135092 0.0346722 0 -0.0140722 0.999763 -0.0160443 0 -0.0344479 -0.0165212 -0.99927 0 -0.189712 -0.571909 0.065382 1 
-0.999306 -0.013141 0.0345833 0 -0.0136864 0.999775 -0.0155836 0 -0.0343714 -0.0160464 -0.99928 0 -0.190782 -0.572039 0.0643379 1 
-0.999309 -0.0130858 0.0345207 0 -0.013617 0.999782 -0.0151952 0 -0.034315 -0.0156551 -0.999288 0 -0.191852 -0.572115 0.0633197 1 
-0.99931 -0.0129746 0.0345246 0 -0.0135019 0.999785 -0.0150818 0 -0.0343221 -0.0155379 -0.99929 0 -0.19288 -0.572165 0.062424 1 
-0.999307 -0.0130532 0.034589 0 -0.0135841 0.999783 -0.0151588 0 -0.0343843 -0.0156185 -0.999287 0 -0.193804 -0.57216 0.061663 1 
-0.999305 -0.013071 0.0346456 0 -0.0136057 0.999782 -0.0152424 0 -0.0344395 -0.0157035 -0.999283 0 -0.194684 -0.57208 0.060938 1 
-0.999309 -0.012783 0.0346356 0 -0.0133148 0.999787 -0.0151679 0 -0.034435 -0.0156189 -0.999285 0 -0.195531 -0.571876 0.060207 1 
-0.999308 -0.0127603 0.0346695 0 -0.0132947 0.999786 -0.0152268 0 -0.0344684 -0.0156774 -0.999283 0 -0.196385 -0.57164 0.0595072 1 
-0.999301 -0.0130545 0.0347439 0 -0.0135967 0.999779 -0.0154152 0 -0.0345357 -0.0158771 -0.999277 0 -0.19726 -0.57137 0.0587843 1 
-0.999293 -0.0133183 0.0348756 0 -0.0138762 0.999769 -0.0158041 0 -0.0346577 -0.0162771 -0.999267 0 -0.198083 -0.571098 0.0580819 1 
-0.999292 -0.0133114 0.0349097 0 -0.0138723 0.999768 -0.0158739 0 -0.034691 -0.0163472 -0.999264 0 -0.19886 -0.570742 0.0573006 1 
-0.999295 -0.0134577 0.0347769 0 -0.014002 0.999773 -0.0154535 0 -0.0345617 -0.0159299 -0.999276 0 -0.199599 -0.570275 0.056411 1 
-0.999297 -0.0137116 0.0346289 0 -0.0142383 0.999776 -0.01501 0 -0.034416 -0.0154928 -0.999288 0 -0.200232 -0.569849 0.0555911 1 
-0.999294 -0.0140925 0.0345479 0 -0.0146092 0.999775 -0.0147491 0 -0.0343329 -0.0152437 -0.999294 0 -0.200862 -0.569449 0.0546872 1 
-0.999291 -0.0143114 0.0345551 0 -0.0148301 0.999771 -0.0148012 0 -0.034336 -0.0153034 -0.999293 0 -0.201373 -0.56916 0.0538291 1 
-0.999288 -0.0144493 0.0345736 0 -0.0149716 0.999767 -0.0148956 0 -0.0343509 -0.015403 -0.999291 0 -0.201768 -0.568924 0.0529879 1 
-0.999281 -0.0147308 0.0346552 0 -0.0152648 0.999758 -0.015196 0 -0.0344236 -0.0157144 -0.999284 0 -0.202105 -0.568751 0.052175 1 
-0.99927 -0.015045 0.0348416 0 -0.0156031 0.999744 -0.0158023 0 -0.0345956 -0.0163347 -0.999268 0 -0.202371 -0.568693 0.0515284 1 
-0.999253 -0.0155208 0.0351307 0 -0.016116 0.999721 -0.0167243 0 -0.034862 -0.0172783 -0.999243 0 -0.202608 -0.568709 0.0508114 1 
-0.999239 -0.0158771 0.0353552 0 -0.0165014 0.999702 -0.0174387 0 -0.0350684 -0.0180092 -0.999223 0 -0.202799 -0.568696 0.050124 1 
-0.999228 -0.0161617 0.0355462 0 -0.0168118 0.999686 -0.0180662 0 -0.0352437 -0.0186502 -0.999205 0 -0.202967 -0.568678 0.0494571 1 
-0.999217 -0.0165385 0.0356664 0 -0.0172044 0.999672 -0.0184469 0 -0.0353503 -0.0190464 -0.999193 0 -0.203107 -0.568653 0.0487687 1 
-0.999213 -0.0168202 0.0356595 0 -0.017485 0.999668 -0.0184126 0 -0.0353386 -0.019022 -0.999194 0 -0.203272 -0.568584 0.0480547 1 
-0.999213 -0.0168865 0.0356302 0 -0.0175478 0.999668 -0.018331 0 -0.0353096 -0.0189422 -0.999197 0 -0.203475 -0.568569 0.0474141 1 
-0.999214 -0.0168487 0.0356175 0 -0.0175083 0.99967 -0.0182895 0 -0.0352983 -0.0188991 -0.999198 0 -0.203711 -0.568639 0.0467593 1 
-0.999215 -0.0167798 0.0356067 0 -0.0174377 0.999672 -0.0182461 0 -0.0352895 -0.018853 -0.999199 0 -0.203942 -0.568808 0.0461218 1 
-0.999218 -0.0166394 0.0355944 0 -0.0172943 0.999676 -0.0181698 0 -0.0352812 -0.0187715 -0.999201 0 -0.204174 -0.569089 0.0454834 1 
-0.999221 -0.0164969 0.0355941 0 -0.017149 0.99968 -0.0180935 0 -0.0352849 -0.0186902 -0.999203 0 -0.204433 -0.569483 0.0448407 1 
-0.999221 -0.016397 0.0356351 0 -0.0170516 0.99968 -0.0181443 0 -0.0353269 -0.0187381 -0.9992 0 -0.20467 -0.569955 0.0442769 1 
-0.99922 -0.0163729 0.0356615 0 -0.0170297 0.99968 -0.0181904 0 -0.035353 -0.0187839 -0.999198 0 -0.204864 -0.570471 0.0436765 1 
-0.999219 -0.0163714 0.0356907 0 -0.0170343 0.999677 -0.018349 0 -0.0353795 -0.018943 -0.999194 0 -0.205021 -0.571022 0.0431472 1 
-0.999218 -0.0163345 0.035734 0 -0.0170076 0.999672 -0.0186142 0 -0.035419 -0.0192077 -0.999188 0 -0.205174 -0.57157 0.0427199 1 
-0.999216 -0.0162707 0.0358337 0 -0.0169588 0.999666 -0.018982 0 -0.0355136 -0.0195752 -0.999177 0 -0.205345 -0.572117 0.042398 1 
-0.999216 -0.0161283 0.0358929 0 -0.0168324 0.99966 -0.0194004 0 -0.0355685 -0.0199897 -0.999167 0 -0.205521 -0.572723 0.0420321 1 
-0.999218 -0.0159853 0.0359017 0 -0.0166979 0.999658 -0.0196374 0 -0.0355762 -0.020222 -0.999162 0 -0.205654 -0.573144 0.0417155 1 
-0.999222 -0.0158379 0.0358434 0 -0.0165486 0.999661 -0.0196175 0 -0.0355213 -0.0201958 -0.999165 0 -0.205759 -0.57339 0.0413532 1 
-0.999229 -0.0157265 0.0357048 0 -0.016425 0.999668 -0.0193551 0 -0.0353892 -0.019927 -0.999175 0 -0.205799 -0.573463 0.040969 1 
-0.999238 -0.0156562 0.0354885 0 -0.0163324 0.999679 -0.0188452 0 -0.0351827 -0.0194108 -0.999192 0 -0.20578 -0.573382 0.0405356 1 
-0.999249 -0.0155922 0.035202 0 -0.0162391 0.999693 -0.0181668 0 -0.0349086 -0.0187252 -0.999215 0 -0.20572 -0.573184 0.0400763 1 
-0.99926 -0.0155036 0.0349301 0 -0.016123 0.999707 -0.0175207 0 -0.0346489 -0.0180713 -0.999236 0 -0.205668 -0.572982 0.0396521 1 
-0.999269 -0.0154433 0.0346955 0 -0.0160382 0.999718 -0.0169356 0 -0.0344248 -0.01748 -0.999254 0 -0.205625 -0.572802 0.0392678 1 
-0.999276 -0.0154082 0.0345099 0 -0.0159825 0.999728 -0.0164272 0 -0.0342481 -0.0169672 -0.999269 0 -0.205595 -0.572643 0.0389388 1 
-0.999281 -0.0154086 0.0343531 0 -0.0159658 0.999735 -0.0160058 0 -0.034098 -0.0165431 -0.999282 0 -0.20556 -0.572515 0.038661 1 
-0.999285 -0.0154189 0.0342498 0 -0.0159644 0.999739 -0.0157106 0 -0.0339993 -0.0162465 -0.99929 0 -0.205533 -0.572425 0.0384539 1 
-0.999288 -0.0154331 0.0341543 0 -0.0159686 0.999743 -0.0154622 0 -0.0339075 -0.0159969 -0.999297 0 -0.205499 -0.57235 0.0382767 1 
-0.99929 -0.0154516 0.0340892 0 -0.0159806 0.999746 -0.0153001 0 -0.0338447 -0.0158343 -0.999302 0 -0.20547 -0.572305 0.0381627 1 
-0.999291 -0.0155013 0.0340382 0 -0.0160258 0.999747 -0.0151902 0 -0.0337948 -0.0157252 -0.999305 0 -0.205426 -0.572283 0.0380857 1 
-0.999291 -0.0155292 0.0340153 0 -0.0160518 0.999747 -0.0151432 0 -0.0337722 -0.0156788 -0.999307 0 -0.205405 -0.572275 0.0380399 1 
-0.999292 -0.0155395 0.0339925 0 -0.0160606 0.999747 -0.0151086 0 -0.0337498 -0.0156441 -0.999308 0 -0.205384 -0.572267 0.0379978 1 
-0.999292 -0.0155393 0.0339683 0 -0.0160574 0.999748 -0.0150329 0 -0.0337269 -0.015568 -0.99931 0 -0.205377 -0.572242 0.0379315 1 
-0.999294 -0.0155195 0.0339437 0 -0.0160356 0.99975 -0.0149844 0 -0.0337033 -0.0155185 -0.999311 0 -0.205379 -0.572219 0.0378511 1 
-0.999295 -0.0154867 0.0339214 0 -0.0160033 0.99975 -0.0150122 0 -0.0336811 -0.0155448 -0.999312 0 -0.205364 -0.572216 0.0377699 1 
-0.999297 -0.0154424 0.03387 0 -0.0159587 0.99975 -0.0150274 0 -0.0336301 -0.0155577 -0.999313 0 -0.205327 -0.572206 0.0376479 1 
-0.999302 -0.0153696 0.0337755 0 -0.0158825 0.999752 -0.0149683 0 -0.0335377 -0.0154946 -0.999317 0 -0.20528 -0.572179 0.0375069 1 
-0.999304 -0.0153602 0.0337194 0 -0.0158704 0.999753 -0.0149143 0 -0.0334826 -0.0154394 -0.99932 0 -0.205239 -0.572152 0.037349 1 
-0.999306 -0.0153713 0.0336534 0 -0.015876 0.999755 -0.0147819 0 -0.0334186 -0.0153062 -0.999324 0 -0.205198 -0.572105 0.037176 1 
-0.999307 -0.0154066 0.0335888 0 -0.0159052 0.999757 -0.0146285 0 -0.0333559 -0.0151529 -0.999329 0 -0.205154 -0.572053 0.0369862 1 
-0.999306 -0.0153903 0.0336273 0 -0.0158924 0.999756 -0.0147155 0 -0.0333933 -0.01524 -0.999326 0 -0.205167 -0.572043 0.0368371 1 
-0.999306 -0.0153114 0.0336613 0 -0.0158169 0.999756 -0.0148028 0 -0.033427 -0.0153253 -0.999324 0 -0.205212 -0.572021 0.0366993 1 
-0.999307 -0.0152684 0.0336608 0 -0.0157743 0.999756 -0.0148137 0 -0.0334271 -0.0153347 -0.999324 0 -0.205233 -0.571993 0.0365745 1 
-0.999306 -0.01526 0.0336826 0 -0.0157687 0.999755 -0.0148898 0 -0.0334478 -0.0154109 -0.999322 0 -0.20524 -0.571989 0.0364762 1 
-0.999306 -0.0152712 0.0336922 0 -0.0157811 0.999755 -0.0149196 0 -0.0334567 -0.0154413 -0.999321 0 -0.205239 -0.57198 0.036391 1 
-0.999306 -0.0152702 0.0337048 0 -0.0157816 0.999754 -0.0149593 0 -0.0334688 -0.0154811 -0.99932 0 -0.205241 -0.571977 0.0363127 1 
-0.999305 -0.0152725 0.0337267 0 -0.0157867 0.999753 -0.0150311 0 -0.0334894 -0.0155533 -0.999318 0 -0.20524 -0.571984 0.0362445 1 
-0.999303 -0.0152927 0.0337641 0 -0.015811 0.999751 -0.015137 0 -0.0335249 -0.0156606 -0.999315 0 -0.205242 -0.572008 0.0362007 1 
-0.999302 -0.0152997 0.0337901 0 -0.0158207 0.99975 -0.0152048 0 -0.0335497 -0.0157291 -0.999313 0 -0.205256 -0.572044 0.0361397 1 
-0.999301 -0.015317 0.0338063 0 -0.0158399 0.999749 -0.015254 0 -0.0335648 -0.0157792 -0.999312 0 -0.205263 -0.572081 0.0360522 1 
-0.9993 -0.0153177 0.0338357 0 -0.015843 0.999748 -0.0153111 0 -0.0335932 -0.0158367 -0.99931 0 -0.205287 -0.57212 0.0359417 1 
-0.999301 -0.0152881 0.0338332 0 -0.0158123 0.999749 -0.0152784 0 -0.0335918 -0.015803 -0.999311 0 -0.20532 -0.572143 0.0357822 1 
-0.999303 -0.0152543 0.0337997 0 -0.0157741 0.999751 -0.0151647 0 -0.0335606 -0.0156876 -0.999314 0 -0.205357 -0.572129 0.0355505 1 
-0.999306 -0.0152184 0.0337156 0 -0.0157284 0.999755 -0.0149121 0 -0.033481 -0.0154323 -0.99932 0 -0.205373 -0.572062 0.0352429 1 
-0.999308 -0.0152238 0.0336572 0 -0.0157271 0.999758 -0.0147398 0 -0.0334253 -0.0152592 -0.999325 0 -0.205371 -0.571995 0.0349128 1 
-0.999308 -0.0152094 0.0336643 0 -0.0157131 0.999758 -0.0147492 0 -0.0334325 -0.0152683 -0.999324 0 -0.205388 -0.571942 0.0345865 1 
-0.999306 -0.0151557 0.0337346 0 -0.0156675 0.999756 -0.0149598 0 -0.0335002 -0.0154783 -0.999319 0 -0.205441 -0.571902 0.034234 1 
-0.999304 -0.0150748 0.033846 0 -0.0155961 0.999753 -0.0151919 0 -0.0336092 -0.0157095 -0.999312 0 -0.205539 -0.571848 0.033853 1 
-0.999298 -0.0150083 0.0340526 0 -0.0155418 0.99975 -0.0154585 0 -0.0338127 -0.0159772 -0.9993 0 -0.205715 -0.571783 0.0334901 1 
-0.999298 -0.0147005 0.0341902 0 -0.0152392 0.999753 -0.0155483 0 -0.0339539 -0.0160587 -0.999294 0 -0.206002 -0.571645 0.0331497 1 
-0.9993 -0.0144134 0.0342441 0 -0.0149548 0.999757 -0.0156061 0 -0.0340115 -0.0161076 -0.999292 0 -0.20633 -0.571485 0.0328516 1 
-0.99931 -0.0140329 0.0341145 0 -0.0145674 0.999765 -0.0154705 0 -0.03389 -0.0159571 -0.999298 0 -0.206601 -0.571297 0.0325728 1 
-0.999316 -0.0139721 0.03397 0 -0.014497 0.999769 -0.0152561 0 -0.0337497 -0.0157384 -0.999306 0 -0.20661 -0.57121 0.0323975 1 
-0.999315 -0.0141937 0.0338985 0 -0.0147129 0.999768 -0.0151158 0 -0.0336768 -0.0156044 -0.999311 0 -0.206466 -0.57121 0.0322924 1 
-0.999311 -0.0144438 0.0338947 0 -0.0149614 0.999765 -0.0150656 0 -0.0336698 -0.0155626 -0.999312 0 -0.206321 -0.57124 0.032224 1 
-0.999308 -0.0145717 0.0339391 0 -0.0150942 0.999761 -0.0151923 0 -0.0337102 -0.0156944 -0.999308 0 -0.206252 -0.571282 0.0321663 1 
-0.999306 -0.0146167 0.0339759 0 -0.0151438 0.999758 -0.0153091 0 -0.0337446 -0.0158133 -0.999305 0 -0.206234 -0.571303 0.0320995 1 
-0.999305 -0.0146047 0.0340027 0 -0.015135 0.999757 -0.0153901 0 -0.0337703 -0.0158943 -0.999303 0 -0.206242 -0.571303 0.0320175 1 
-0.999306 -0.0145543 0.0340211 0 -0.0150862 0.999758 -0.0154294 0 -0.0337889 -0.0159322 -0.999302 0 -0.206272 -0.571281 0.0319001 1 
-0.999306 -0.0145364 0.0340091 0 -0.0150673 0.999758 -0.015405 0 -0.0337776 -0.015907 -0.999303 0 -0.206274 -0.571242 0.0317291 1 
-0.999307 -0.0145666 0.0339631 0 -0.0150936 0.999759 -0.0153125 0 -0.0337325 -0.0158148 -0.999306 0 -0.206243 -0.571188 0.031498 1 
