-0.998447 -0.0270393 0.0485128 0 -0.0271296 0.999622 -0.00120482 0 -0.0484628 -0.00251913 -0.998822 0 -0.200783 -0.364705 0.484846 1 
-0.998447 -0.0270427 0.0485142 0 -0.0271329 0.999621 -0.00120156 0 -0.0484643 -0.00251607 -0.998822 0 -0.200781 -0.364707 0.484846 1 
-0.998447 -0.0270449 0.0485109 0 -0.0271348 0.999621 -0.0011962 0 -0.0484611 -0.00251072 -0.998822 0 -0.200781 -0.364707 0.484844 1 
-0.998447 -0.0270432 0.0485102 0 -0.0271332 0.999621 -0.00119703 0 -0.0484604 -0.00251146 -0.998822 0 -0.200781 -0.364707 0.484844 1 
-0.998447 -0.0270457 0.0485121 0 -0.0271357 0.999621 -0.00119718 0 -0.0484623 -0.00251177 -0.998822 0 -0.200783 -0.364707 0.484844 1 
-0.998447 -0.0270473 0.048511 0 -0.0271373 0.999621 -0.00119706 0 -0.0484612 -0.0025117 -0.998822 0 -0.200782 -0.364707 0.484843 1 
-0.998447 -0.0270462 0.0485126 0 -0.0271363 0.999621 -0.00119843 0 -0.0484628 -0.00251307 -0.998822 0 -0.200781 -0.364708 0.484845 1 
-0.998447 -0.0270382 0.0485121 0 -0.0271282 0.999622 -0.00119771 0 -0.0484623 -0.00251194 -0.998822 0 -0.200782 -0.364706 0.484844 1 
-0.998447 -0.0270488 0.0485103 0 -0.0271387 0.999621 -0.00119546 0 -0.0484606 -0.00251016 -0.998822 0 -0.200781 -0.364707 0.484843 1 
-0.998447 -0.0270448 0.0485125 0 -0.027135 0.999621 -0.00120169 0 -0.0484625 -0.00251626 -0.998822 0 -0.200782 -0.364706 0.484846 1 
-0.998447 -0.027046 0.0485101 0 -0.0271359 0.999621 -0.00119632 0 -0.0484603 -0.00251088 -0.998822 0 -0.200781 -0.364706 0.484843 1 
-0.998447 -0.0270477 0.048508 0 -0.0271375 0.999621 -0.00119356 0 -0.0484583 -0.00250814 -0.998822 0 -0.200782 -0.364706 0.484842 1 
-0.998447 -0.0270369 0.0485131 0 -0.0271272 0.999622 -0.00120354 0 -0.0484632 -0.00251775 -0.998822 0 -0.200783 -0.364707 0.484847 1 
-0.998447 -0.0270503 0.048512 0 -0.0271404 0.999621 -0.00119931 0 -0.0484621 -0.00251413 -0.998822 0 -0.200781 -0.364707 0.484846 1 
-0.998447 -0.0270533 0.0485109 0 -0.0271433 0.999621 -0.00119743 0 -0.0484611 -0.00251237 -0.998822 0 -0.20078 -0.364707 0.484844 1 
-0.998447 -0.0270446 0.0485103 0 -0.0271346 0.999621 -0.00119723 0 -0.0484605 -0.00251173 -0.998822 0 -0.200782 -0.364706 0.484844 1 
-0.998447 -0.0270463 0.0485113 0 -0.0271362 0.999621 -0.00119733 0 -0.0484615 -0.00251194 -0.998822 0 -0.200781 -0.364707 0.484844 1 
-0.998447 -0.0270409 0.0485139 0 -0.0271311 0.999622 -0.00120124 0 -0.048464 -0.00251565 -0.998822 0 -0.200782 -0.364707 0.484847 1 
-0.998447 -0.0270438 0.0485109 0 -0.0271337 0.999621 -0.00119539 0 -0.0484611 -0.00250986 -0.998822 0 -0.200783 -0.364707 0.484843 1 
-0.998447 -0.0270456 0.0485114 0 -0.0271357 0.999621 -0.00119932 0 -0.0484615 -0.0025139 -0.998822 0 -0.200782 -0.364706 0.484845 1 
-0.998447 -0.0270414 0.0485107 0 -0.0271314 0.999622 -0.00119861 0 -0.0484609 -0.00251296 -0.998822 0 -0.200782 -0.364706 0.484845 1 
-0.998447 -0.0270417 0.0485099 0 -0.0271318 0.999622 -0.00119981 0 -0.0484601 -0.00251415 -0.998822 0 -0.200783 -0.364706 0.484845 1 
-0.998447 -0.0270459 0.048509 0 -0.0271359 0.999621 -0.0011973 0 -0.0484592 -0.00251183 -0.998822 0 -0.200783 -0.364706 0.484844 1 
-0.998447 -0.0270405 0.0485113 0 -0.0271307 0.999622 -0.00120063 0 -0.0484614 -0.00251495 -0.998822 0 -0.200782 -0.364707 0.484845 1 
-0.998447 -0.0270458 0.0485098 0 -0.0271357 0.999621 -0.00119406 0 -0.04846 -0.0025086 -0.998822 0 -0.200781 -0.364707 0.484843 1 
-0.998447 -0.0270468 0.0485115 0 -0.027137 0.999621 -0.00119963 0 -0.0484616 -0.00251426 -0.998822 0 -0.200781 -0.364707 0.484845 1 
-0.998447 -0.0270448 0.0485104 0 -0.0271347 0.999621 -0.00119402 0 -0.0484607 -0.00250853 -0.998822 0 -0.200781 -0.364708 0.484843 1 
-0.998447 -0.0270437 0.0485104 0 -0.0271337 0.999621 -0.00119843 0 -0.0484605 -0.00251289 -0.998822 0 -0.200782 -0.364707 0.484845 1 
-0.998447 -0.0270367 0.0485119 0 -0.027127 0.999622 -0.001204 0 -0.0484619 -0.00251816 -0.998822 0 -0.200785 -0.364705 0.484847 1 
-0.998447 -0.0270486 0.0485096 0 -0.0271387 0.999621 -0.001199 0 -0.0484597 -0.00251367 -0.998822 0 -0.200781 -0.364707 0.484844 1 
-0.998447 -0.0270501 0.0485139 0 -0.0271402 0.999621 -0.00119883 0 -0.048464 -0.00251369 -0.998822 0 -0.200779 -0.364707 0.484845 1 
-0.998447 -0.0270399 0.0485097 0 -0.0271299 0.999622 -0.0011973 0 -0.0484599 -0.00251155 -0.998822 0 -0.200782 -0.364705 0.484844 1 
-0.998447 -0.0270424 0.0485142 0 -0.0271325 0.999621 -0.0012012 0 -0.0484643 -0.00251569 -0.998822 0 -0.200783 -0.364707 0.484846 1 
-0.998447 -0.0270403 0.0485106 0 -0.0271302 0.999622 -0.00119506 0 -0.0484608 -0.00250935 -0.998822 0 -0.200781 -0.364707 0.484843 1 
-0.998447 -0.0270472 0.0485114 0 -0.0271372 0.999621 -0.00119739 0 -0.0484616 -0.00251204 -0.998822 0 -0.200781 -0.364708 0.484844 1 
-0.998447 -0.0270452 0.0485092 0 -0.027135 0.999621 -0.00119371 0 -0.0484595 -0.0025082 -0.998822 0 -0.200782 -0.364708 0.484841 1 
-0.998447 -0.0270402 0.0485084 0 -0.0271298 0.999622 -0.0011892 0 -0.0484588 -0.00250342 -0.998822 0 -0.200782 -0.364707 0.48484 1 
-0.998447 -0.0270496 0.0485113 0 -0.0271397 0.999621 -0.00119913 0 -0.0484614 -0.0025139 -0.998822 0 -0.200781 -0.364708 0.484845 1 
-0.998447 -0.0270416 0.0485093 0 -0.0271315 0.999622 -0.00119591 0 -0.0484595 -0.00251023 -0.998822 0 -0.200784 -0.364707 0.484842 1 
-0.998447 -0.0270476 0.0485129 0 -0.0271377 0.999621 -0.00119857 0 -0.048463 -0.00251328 -0.998822 0 -0.20078 -0.364708 0.484845 1 
-0.998446 -0.0270542 0.0485137 0 -0.0271442 0.999621 -0.00119657 0 -0.0484639 -0.00251162 -0.998822 0 -0.200778 -0.364709 0.484844 1 
-0.998447 -0.0270392 0.0485116 0 -0.0271293 0.999622 -0.00119939 0 -0.0484618 -0.00251366 -0.998822 0 -0.200782 -0.364707 0.484845 1 
-0.998447 -0.0270442 0.048511 0 -0.0271342 0.999621 -0.00119798 0 -0.0484612 -0.00251247 -0.998822 0 -0.200782 -0.364705 0.484845 1 
-0.998447 -0.0270506 0.0485134 0 -0.0271407 0.999621 -0.00119921 0 -0.0484635 -0.00251408 -0.998822 0 -0.200781 -0.364706 0.484845 1 
-0.998447 -0.0270458 0.0485138 0 -0.027136 0.999621 -0.00120215 0 -0.0484639 -0.00251681 -0.998822 0 -0.200782 -0.364708 0.484845 1 
-0.998447 -0.0270472 0.0485111 0 -0.0271372 0.999621 -0.00119866 0 -0.0484612 -0.00251331 -0.998822 0 -0.200781 -0.364707 0.484845 1 
-0.998447 -0.0270443 0.0485144 0 -0.0271345 0.999621 -0.00120089 0 -0.0484645 -0.00251549 -0.998822 0 -0.200781 -0.364707 0.484846 1 
-0.998447 -0.0270506 0.0485117 0 -0.0271405 0.999621 -0.00119495 0 -0.048462 -0.00250978 -0.998822 0 -0.20078 -0.364707 0.484844 1 
-0.998447 -0.027043 0.04851 0 -0.0271329 0.999621 -0.00119635 0 -0.0484602 -0.00251075 -0.998822 0 -0.200782 -0.364706 0.484844 1 
-0.998447 -0.0270442 0.048513 0 -0.0271344 0.999621 -0.00120036 0 -0.0484632 -0.00251491 -0.998822 0 -0.20078 -0.364707 0.484845 1 
-0.998447 -0.0270414 0.0485108 0 -0.0271313 0.999622 -0.00119626 0 -0.048461 -0.00251061 -0.998822 0 -0.200781 -0.364707 0.484843 1 
-0.998447 -0.0270418 0.0485092 0 -0.0271319 0.999622 -0.001199 0 -0.0484593 -0.00251333 -0.998822 0 -0.200783 -0.364705 0.484844 1 
-0.998447 -0.0270381 0.0485102 0 -0.0271281 0.999622 -0.00119887 0 -0.0484604 -0.00251305 -0.998822 0 -0.200784 -0.364705 0.484844 1 
-0.998446 -0.0270684 0.048522 0 -0.0271588 0.999621 -0.00120491 0 -0.0484719 -0.00252089 -0.998821 0 -0.200772 -0.364713 0.48485 1 
-0.998445 -0.0270787 0.0485351 0 -0.0271699 0.99962 -0.00122097 0 -0.0484846 -0.00253782 -0.998821 0 -0.200768 -0.364715 0.484859 1 
-0.998444 -0.0270887 0.0485429 0 -0.0271804 0.99962 -0.00122863 0 -0.0484922 -0.00254618 -0.99882 0 -0.200764 -0.364718 0.484863 1 
-0.998445 -0.027082 0.0485347 0 -0.0271731 0.99962 -0.0012178 0 -0.0484842 -0.0025348 -0.998821 0 -0.200767 -0.364716 0.484857 1 
-0.998445 -0.0270649 0.0485369 0 -0.0271567 0.999621 -0.00123184 0 -0.0484861 -0.00254807 -0.998821 0 -0.200773 -0.364711 0.484864 1 
-0.998446 -0.0270551 0.0485276 0 -0.0271462 0.999621 -0.00121975 0 -0.0484771 -0.00253524 -0.998821 0 -0.200776 -0.364709 0.484856 1 
-0.998446 -0.0270609 0.0485271 0 -0.0271517 0.999621 -0.00121247 0 -0.0484769 -0.00252822 -0.998821 0 -0.200773 -0.364711 0.484853 1 
-0.998446 -0.0270443 0.0485273 0 -0.0271356 0.999621 -0.00122332 0 -0.0484768 -0.00253829 -0.998821 0 -0.200781 -0.364706 0.484858 1 
-0.998447 -0.0269971 0.0485246 0 -0.0270885 0.999623 -0.0012258 0 -0.0484742 -0.00253841 -0.998821 0 -0.200803 -0.364695 0.484858 1 
-0.998448 -0.0269478 0.0485394 0 -0.0270413 0.999624 -0.00127021 0 -0.0484878 -0.00258085 -0.99882 0 -0.200822 -0.364683 0.484879 1 
-0.998448 -0.0269351 0.0485553 0 -0.0270296 0.999624 -0.00129098 0 -0.0485032 -0.00260146 -0.99882 0 -0.20083 -0.364677 0.48489 1 
-0.998448 -0.0269251 0.0485576 0 -0.0270195 0.999624 -0.00128966 0 -0.0485056 -0.00259971 -0.99882 0 -0.200834 -0.364678 0.48489 1 
-0.998448 -0.0268876 0.0485703 0 -0.0269832 0.999625 -0.00131411 0 -0.0485177 -0.0026227 -0.998819 0 -0.200855 -0.364671 0.484904 1 
-0.998447 -0.0268746 0.0485955 0 -0.0269725 0.999626 -0.0013602 0 -0.0485417 -0.00266888 -0.998818 0 -0.200857 -0.364671 0.484928 1 
-0.998447 -0.0269103 0.0485892 0 -0.0270067 0.999625 -0.00132815 0 -0.0485362 -0.00263838 -0.998818 0 -0.200844 -0.364673 0.484913 1 
-0.998449 -0.0269181 0.048526 0 -0.0270088 0.999625 -0.00121509 0 -0.048476 -0.00252389 -0.998821 0 -0.20084 -0.364666 0.484855 1 
-0.998451 -0.0269202 0.0484941 0 -0.0270085 0.999625 -0.00116575 0 -0.0484455 -0.00247374 -0.998823 0 -0.200839 -0.364671 0.484829 1 
-0.99845 -0.0269799 0.0484745 0 -0.0270667 0.999623 -0.00113345 0 -0.0484266 -0.00244378 -0.998824 0 -0.200806 -0.364681 0.484812 1 
-0.99845 -0.0270643 0.0484284 0 -0.0271454 0.999621 -0.00101731 0 -0.0483835 -0.00233039 -0.998826 0 -0.200769 -0.364696 0.484758 1 
-0.998454 -0.0270836 0.0483317 0 -0.0271564 0.999621 -0.000850112 0 -0.0482913 -0.00216135 -0.998831 0 -0.200761 -0.364693 0.48467 1 
-0.998462 -0.0270767 0.0481706 0 -0.0271363 0.999622 -0.000582759 0 -0.0481376 -0.00188907 -0.998839 0 -0.200754 -0.364676 0.484531 1 
-0.998471 -0.027162 0.047946 0 -0.0272016 0.99962 -0.00017322 0 -0.047924 -0.00147719 -0.99885 0 -0.200707 -0.364666 0.484325 1 
-0.998476 -0.0272494 0.0477799 0 -0.0272727 0.999618 0.000163848 0 -0.047767 -0.00113951 -0.998858 0 -0.200666 -0.364667 0.484157 1 
-0.998481 -0.0274928 0.0475522 0 -0.0274967 0.999612 0.00057253 0 -0.0475504 -0.000735881 -0.998869 0 -0.200535 -0.364641 0.483912 1 
-0.998488 -0.0280478 0.0470734 0 -0.0280123 0.999597 0.0014142 0 -0.047095 9.34287e-05 -0.99889 0 -0.200222 -0.364542 0.483367 1 
-0.998509 -0.0284735 0.0463757 0 -0.028381 0.999584 0.00265119 0 -0.0464328 0.00133107 -0.998921 0 -0.199728 -0.364367 0.482521 1 
-0.99853 -0.0289371 0.045617 0 -0.0287874 0.999568 0.00393404 0 -0.045712 0.00261511 -0.998951 0 -0.199042 -0.364232 0.48141 1 
-0.998561 -0.0293298 0.0446852 0 -0.0291103 0.999551 0.00555637 0 -0.044829 0.00424766 -0.998986 0 -0.198159 -0.364067 0.479988 1 
-0.998604 -0.0293223 0.0437185 0 -0.0290366 0.999543 0.00715697 0 -0.0439092 0.00587765 -0.999018 0 -0.19716 -0.363908 0.478412 1 
-0.998643 -0.0293879 0.0427583 0 -0.0290401 0.99953 0.00873209 0 -0.0429957 0.00747869 -0.999047 0 -0.195885 -0.363797 0.476534 1 
-0.998673 -0.0298628 0.0417253 0 -0.0294487 0.999501 0.0105036 0 -0.042019 0.00926107 -0.999074 0 -0.194443 -0.363636 0.474364 1 
-0.998685 -0.0302961 0.0411339 0 -0.029848 0.999479 0.0114651 0 -0.0414606 0.0102225 -0.999088 0 -0.193047 -0.3636 0.472329 1 
-0.998694 -0.030626 0.0406522 0 -0.0301538 0.999461 0.012178 0 -0.0410041 0.0109365 -0.999099 0 -0.19152 -0.363589 0.470015 1 
-0.998708 -0.0304082 0.0404738 0 -0.0299329 0.999467 0.0122987 0 -0.040827 0.0110715 -0.999105 0 -0.189923 -0.36366 0.467602 1 
-0.998717 -0.0304933 0.0401783 0 -0.030008 0.99946 0.0126251 0 -0.0405423 0.0114035 -0.999113 0 -0.188104 -0.363668 0.465094 1 
-0.998707 -0.0309725 0.040068 0 -0.0304902 0.999446 0.0125929 0 -0.0404366 0.0113551 -0.999118 0 -0.186141 -0.36366 0.462487 1 
-0.998694 -0.0312475 0.0401822 0 -0.0307845 0.999443 0.0120893 0 -0.0405384 0.0108367 -0.999119 0 -0.184143 -0.363664 0.459728 1 
-0.998685 -0.0315716 0.0401535 0 -0.0311194 0.999436 0.0118372 0 -0.0405054 0.0105722 -0.999123 0 -0.182104 -0.363502 0.456864 1 
-0.998713 -0.0313033 0.0396516 0 -0.0308291 0.999437 0.0125148 0 -0.0400218 0.0112765 -0.999135 0 -0.180039 -0.363045 0.453679 1 
-0.998722 -0.0312867 0.0394509 0 -0.030809 0.999435 0.0126596 0 -0.0398255 0.0114282 -0.999141 0 -0.178197 -0.362701 0.450524 1 
-0.99873 -0.0315095 0.0390757 0 -0.0310166 0.999423 0.0131569 0 -0.0394685 0.0119285 -0.99915 0 -0.176346 -0.362161 0.447071 1 
-0.99873 -0.0315847 0.0390073 0 -0.0311008 0.999423 0.0129489 0 -0.0393945 0.0117195 -0.999155 0 -0.174667 -0.361619 0.443549 1 
-0.998717 -0.0318241 0.0391393 0 -0.031361 0.999422 0.012388 0 -0.0395117 0.0111449 -0.999157 0 -0.173185 -0.360971 0.440126 1 
-0.99873 -0.0318311 0.0388092 0 -0.0313576 0.999417 0.0127478 0 -0.0391931 0.0115148 -0.999165 0 -0.171687 -0.35996 0.436188 1 
-0.998741 -0.031784 0.0385718 0 -0.0313065 0.999417 0.0129206 0 -0.0389607 0.011697 -0.999172 0 -0.170276 -0.358755 0.431725 1 
-0.99875 -0.0319288 0.0382118 0 -0.0314368 0.999406 0.0134088 0 -0.038618 0.0121911 -0.99918 0 -0.169077 -0.357529 0.427037 1 
-0.998756 -0.0319092 0.0380755 0 -0.0314243 0.999408 0.0132654 0 -0.038477 0.0120526 -0.999187 0 -0.168063 -0.356409 0.422231 1 
-0.998767 -0.0317413 0.037919 0 -0.0312612 0.999415 0.0131858 0 -0.0383161 0.0119844 -0.999194 0 -0.167149 -0.355251 0.417496 1 
-0.998776 -0.0318176 0.0376246 0 -0.0313349 0.99941 0.0133493 0 -0.0380278 0.0121543 -0.999203 0 -0.166182 -0.353885 0.412331 1 
-0.998775 -0.0318857 0.0375817 0 -0.0314192 0.999413 0.0129387 0 -0.0379729 0.0117423 -0.99921 0 -0.16535 -0.352684 0.40729 1 
-0.998785 -0.0318084 0.0373943 0 -0.0313484 0.999417 0.0128242 0 -0.0377812 0.0116365 -0.999218 0 -0.164542 -0.35141 0.401934 1 
-0.998796 -0.0318128 0.0370791 0 -0.0313506 0.999415 0.0129813 0 -0.037471 0.0118035 -0.999228 0 -0.163736 -0.350072 0.396052 1 
-0.998801 -0.0318489 0.0369162 0 -0.0313967 0.999416 0.012765 0 -0.0373019 0.0115908 -0.999237 0 -0.163043 -0.348892 0.389988 1 
-0.998805 -0.0319377 0.0367236 0 -0.0314943 0.999415 0.0125897 0 -0.0371049 0.0114183 -0.999246 0 -0.162363 -0.347748 0.383641 1 
-0.998811 -0.0319356 0.0365643 0 -0.0315038 0.999418 0.0123232 0 -0.0369373 0.0111568 -0.999255 0 -0.161742 -0.346722 0.377421 1 
-0.998809 -0.0319391 0.0366305 0 -0.031532 0.999425 0.0116376 0 -0.0369819 0.0104689 -0.999261 0 -0.161175 -0.345855 0.371075 1 
-0.998808 -0.0320063 0.0365998 0 -0.0316121 0.999427 0.0112975 0 -0.0369411 0.0101272 -0.999266 0 -0.160593 -0.344953 0.364569 1 
-0.998808 -0.0320593 0.0365558 0 -0.0316901 0.999432 0.0106345 0 -0.0368766 0.0094635 -0.999275 0 -0.159981 -0.344056 0.357637 1 
-0.998804 -0.0322025 0.0365321 0 -0.0318571 0.999433 0.00999726 0 -0.036834 0.00882167 -0.999282 0 -0.159379 -0.343213 0.351018 1 
-0.998802 -0.0323279 0.0364797 0 -0.0320093 0.999435 0.00928429 0 -0.0367599 0.00810563 -0.999291 0 -0.158744 -0.34239 0.344298 1 
-0.998803 -0.0324177 0.0363581 0 -0.0321189 0.999436 0.00877197 0 -0.0366227 0.00759383 -0.9993 0 -0.158036 -0.341495 0.337255 1 
-0.998814 -0.0320659 0.0363689 0 -0.0317989 0.999453 0.00789466 0 -0.0366029 0.00672893 -0.999307 0 -0.157358 -0.340729 0.330265 1 
-0.998829 -0.0317432 0.0362548 0 -0.0314892 0.999466 0.00755647 0 -0.036476 0.0064061 -0.999314 0 -0.156607 -0.339885 0.323149 1 
-0.998826 -0.0317766 0.036303 0 -0.0315498 0.999469 0.00680468 0 -0.0365006 0.00565145 -0.999318 0 -0.155796 -0.33916 0.315859 1 
-0.998821 -0.031874 0.0363579 0 -0.0316736 0.99947 0.00607644 0 -0.036533 0.00491778 -0.99932 0 -0.155084 -0.338556 0.309331 1 
-0.998827 -0.0318052 0.036254 0 -0.0316311 0.999476 0.00536786 0 -0.0364064 0.00421489 -0.999328 0 -0.154344 -0.337925 0.302621 1 
-0.998831 -0.0317609 0.0361778 0 -0.031612 0.99948 0.00467836 0 -0.0363083 0.0035293 -0.999334 0 -0.153657 -0.33746 0.296459 1 
-0.998833 -0.0319349 0.0359746 0 -0.0318024 0.999476 0.0042495 0 -0.0360921 0.00310053 -0.999344 0 -0.152977 -0.337115 0.290241 1 
-0.99883 -0.0321406 0.0358622 0 -0.0320377 0.999471 0.0034419 0 -0.0359545 0.00228898 -0.999351 0 -0.152321 -0.337057 0.28389 1 
-0.998826 -0.0321601 0.0359571 0 -0.0321004 0.999473 0.00223782 0 -0.0360108 0.00108098 -0.999351 0 -0.151689 -0.337203 0.277925 1 
-0.998832 -0.0320245 0.0359117 0 -0.031988 0.999477 0.00159071 0 -0.0359446 0.000440119 -0.999354 0 -0.151119 -0.337477 0.272432 1 
-0.998826 -0.0321477 0.035958 0 -0.0321451 0.999473 0.000651804 0 -0.0359608 -0.000504845 -0.999353 0 -0.150679 -0.338176 0.266805 1 
-0.998816 -0.0321318 0.0362549 0 -0.0321802 0.999472 -0.000749439 0 -0.0362124 -0.00191528 -0.999342 0 -0.15033 -0.339133 0.2618 1 
-0.998836 -0.0316694 0.0361164 0 -0.031729 0.999486 -0.00107666 0 -0.0360644 -0.00222139 -0.999347 0 -0.150053 -0.340322 0.256747 1 
-0.998813 -0.0316954 0.0367158 0 -0.0318133 0.999481 -0.00263089 0 -0.0366141 -0.00379589 -0.999322 0 -0.149993 -0.342043 0.252408 1 
-0.998797 -0.032283 0.0366614 0 -0.0324082 0.999461 -0.00282667 0 -0.036551 -0.00401148 -0.999324 0 -0.149966 -0.343898 0.248241 1 
-0.998756 -0.0326829 0.0374053 0 -0.0328898 0.999437 -0.00492864 0 -0.0372239 -0.00615288 -0.999288 0 -0.150234 -0.346351 0.244605 1 
-0.998733 -0.0333538 0.0374379 0 -0.0335779 0.999412 -0.0053712 0 -0.0372374 -0.0066216 -0.999285 0 -0.150589 -0.348922 0.240613 1 
-0.998704 -0.0337149 0.0378781 0 -0.033988 0.999391 -0.00658908 0 -0.0376336 -0.00786809 -0.999261 0 -0.151157 -0.351562 0.237564 1 
-0.998689 -0.0338232 0.0381729 0 -0.0341347 0.999379 -0.0075365 0 -0.0378951 -0.00882981 -0.999243 0 -0.15194 -0.354464 0.234369 1 
-0.998688 -0.0338633 0.0381654 0 -0.0341723 0.999378 -0.00747301 0 -0.0378893 -0.00876757 -0.999243 0 -0.152872 -0.35733 0.231242 1 
-0.998667 -0.0338535 0.0387116 0 -0.0342081 0.999369 -0.00853363 0 -0.038399 -0.00984669 -0.999214 0 -0.154021 -0.360443 0.228878 1 
-0.99865 -0.0338976 0.0391024 0 -0.0342846 0.99936 -0.00926743 0 -0.038764 -0.0105957 -0.999192 0 -0.155473 -0.364031 0.226164 1 
-0.998648 -0.0340255 0.0390629 0 -0.0343988 0.999359 -0.00892565 0 -0.0387349 -0.0102575 -0.999197 0 -0.156883 -0.367387 0.22376 1 
-0.998629 -0.0341717 0.0393985 0 -0.0345748 0.999346 -0.00959638 0 -0.0390456 -0.0109456 -0.999177 0 -0.158398 -0.371135 0.221732 1 
-0.998618 -0.0345858 0.0393264 0 -0.0349724 0.999336 -0.00918327 0 -0.0389834 -0.0105461 -0.999184 0 -0.159918 -0.375029 0.219605 1 
-0.998606 -0.0348239 0.0394281 0 -0.0352159 0.999327 -0.00929024 0 -0.0390788 -0.010666 -0.999179 0 -0.161475 -0.379125 0.217774 1 
-0.998577 -0.0349333 0.0400471 0 -0.0353868 0.999307 -0.0106708 0 -0.0396474 -0.012073 -0.999141 0 -0.163183 -0.383895 0.216227 1 
-0.99857 -0.035246 0.0399546 0 -0.0356859 0.9993 -0.0103519 0 -0.0395626 -0.0117631 -0.999148 0 -0.164663 -0.388359 0.214373 1 
-0.998562 -0.0356208 0.0398313 0 -0.0360398 0.999292 -0.00985099 0 -0.0394529 -0.0112726 -0.999158 0 -0.16611 -0.393006 0.212735 1 
-0.99854 -0.0359397 0.0400983 0 -0.0363778 0.999276 -0.0102503 0 -0.0397016 -0.0116942 -0.999143 0 -0.167585 -0.397935 0.2114 1 
-0.998534 -0.0358938 0.0402859 0 -0.0363427 0.999275 -0.0104664 0 -0.0398818 -0.0119153 -0.999133 0 -0.169003 -0.402878 0.210008 1 
-0.998544 -0.0355451 0.0403324 0 -0.0359879 0.999289 -0.0103042 0 -0.0399383 -0.011741 -0.999133 0 -0.170464 -0.408248 0.208429 1 
-0.998534 -0.0354029 0.0406999 0 -0.035871 0.999288 -0.0108273 0 -0.0402883 -0.0122716 -0.999113 0 -0.171917 -0.41364 0.207269 1 
-0.998525 -0.0353882 0.0409405 0 -0.0358651 0.999287 -0.0109746 0 -0.0405237 -0.012427 -0.999101 0 -0.173376 -0.41915 0.206028 1 
-0.998533 -0.0353973 0.0407396 0 -0.0358331 0.999298 -0.0100173 0 -0.0403572 -0.0114626 -0.99912 0 -0.174799 -0.424708 0.204384 1 
-0.998525 -0.0353803 0.0409395 0 -0.0358169 0.999299 -0.00998131 0 -0.0405585 -0.0114331 -0.999112 0 -0.176221 -0.430273 0.203185 1 
-0.998503 -0.0354398 0.0414233 0 -0.0359066 0.99929 -0.0105806 0 -0.0410196 -0.0120524 -0.999086 0 -0.17769 -0.436095 0.202201 1 
-0.998493 -0.0355528 0.0415704 0 -0.0360123 0.999288 -0.0103577 0 -0.0411734 -0.0118393 -0.999082 0 -0.179067 -0.44181 0.200746 1 
-0.998481 -0.0354526 0.0419526 0 -0.0359326 0.999287 -0.0107426 0 -0.0415426 -0.012234 -0.999062 0 -0.180429 -0.447665 0.199526 1 
-0.998451 -0.0354124 0.0426823 0 -0.0359521 0.999273 -0.0119435 0 -0.0422291 -0.0134598 -0.999017 0 -0.181759 -0.453744 0.198614 1 
-0.998432 -0.0354978 0.0430579 0 -0.036059 0.999264 -0.012327 0 -0.0425894 -0.0138606 -0.998997 0 -0.182888 -0.459456 0.197234 1 
-0.998425 -0.0351628 0.0435049 0 -0.0357564 0.999267 -0.012943 0 -0.0430187 -0.0144785 -0.998969 0 -0.183962 -0.465409 0.195818 1 
-0.998403 -0.0348944 0.04421 0 -0.0355522 0.999258 -0.0141813 0 -0.0436831 -0.0157307 -0.998922 0 -0.184943 -0.471462 0.194654 1 
-0.998377 -0.0350225 0.0446928 0 -0.035719 0.999241 -0.0148812 0 -0.0441386 -0.0164537 -0.99889 0 -0.185818 -0.477958 0.192901 1 
-0.998357 -0.0352982 0.0449188 0 -0.0360069 0.999228 -0.0150649 0 -0.0443533 -0.0166578 -0.998877 0 -0.18645 -0.483724 0.190985 1 
-0.99833 -0.0355309 0.0453374 0 -0.0362798 0.999207 -0.0158034 0 -0.0447408 -0.0174222 -0.998847 0 -0.187052 -0.489437 0.18936 1 
-0.998316 -0.035628 0.045569 0 -0.0363942 0.999198 -0.0160959 0 -0.0449599 -0.0177276 -0.998831 0 -0.187525 -0.495076 0.187353 1 
-0.998301 -0.0360117 0.0455995 0 -0.036765 0.99919 -0.0157908 0 -0.0449948 -0.0174408 -0.998835 0 -0.187816 -0.500454 0.185024 1 
-0.998282 -0.0361749 0.0458897 0 -0.0369512 0.999176 -0.0161824 0 -0.0452674 -0.0178506 -0.998815 0 -0.188094 -0.5058 0.183036 1 
-0.998281 -0.0360611 0.0459885 0 -0.0368333 0.999183 -0.0160567 0 -0.0453728 -0.0177233 -0.998813 0 -0.188285 -0.511055 0.180621 1 
-0.998277 -0.0361536 0.0460173 0 -0.0369101 0.999186 -0.0156978 0 -0.0454132 -0.0173696 -0.998817 0 -0.188403 -0.516333 0.177982 1 
-0.99826 -0.0361469 0.0463745 0 -0.0369339 0.999176 -0.0162286 0 -0.0457506 -0.0179135 -0.998792 0 -0.188604 -0.521666 0.175794 1 
-0.998245 -0.0363561 0.0465457 0 -0.0371485 0.999168 -0.0162722 0 -0.0459163 -0.0179731 -0.998784 0 -0.188786 -0.526729 0.17329 1 
-0.998224 -0.0364971 0.0468702 0 -0.0373146 0.999155 -0.0166874 0 -0.0462225 -0.0184071 -0.998762 0 -0.189004 -0.53155 0.171161 1 
-0.998188 -0.0367403 0.0474561 0 -0.0376227 0.999123 -0.0178372 0 -0.04676 -0.0195906 -0.998714 0 -0.189376 -0.536737 0.169241 1 
-0.998171 -0.0369043 0.0476833 0 -0.0378073 0.99911 -0.0181752 0 -0.046971 -0.0199451 -0.998697 0 -0.189672 -0.541803 0.167013 1 
-0.998148 -0.036546 0.048436 0 -0.0375389 0.99909 -0.0197506 0 -0.047671 -0.0215327 -0.998631 0 -0.19008 -0.547037 0.165481 1 
-0.998127 -0.0365027 0.0488904 0 -0.0375445 0.999074 -0.0205633 0 -0.0480954 -0.0223607 -0.998592 0 -0.19044 -0.55212 0.163498 1 
-0.998087 -0.0366587 0.049584 0 -0.037783 0.999036 -0.021931 0 -0.0487331 -0.023763 -0.998529 0 -0.190743 -0.557288 0.16208 1 
-0.998065 -0.0367341 0.0499839 0 -0.0379044 0.999015 -0.0226706 0 -0.0491028 -0.0245218 -0.998493 0 -0.191055 -0.562217 0.160385 1 
-0.998032 -0.0372601 0.0502359 0 -0.0384442 0.998991 -0.0228133 0 -0.0493361 -0.0247002 -0.998477 0 -0.191232 -0.566969 0.158806 1 
-0.998012 -0.0373989 0.0505321 0 -0.0386194 0.99897 -0.0233963 0 -0.049606 -0.0253018 -0.998448 0 -0.191456 -0.571519 0.157493 1 
-0.998015 -0.0375104 0.0504039 0 -0.0386825 0.998989 -0.0224827 0 -0.0495105 -0.0243883 -0.998476 0 -0.191524 -0.575871 0.155934 1 
-0.998005 -0.0373803 0.0506984 0 -0.0385743 0.998986 -0.0227803 0 -0.0497964 -0.024691 -0.998454 0 -0.19165 -0.580575 0.15467 1 
-0.997988 -0.0376287 0.0508465 0 -0.0388179 0.998981 -0.0226059 0 -0.049945 -0.0245346 -0.998451 0 -0.191721 -0.584883 0.153377 1 
-0.997963 -0.0378715 0.0511436 0 -0.0390923 0.998959 -0.0230831 0 -0.0502172 -0.0250359 -0.998424 0 -0.191789 -0.589165 0.152308 1 
-0.997959 -0.0376867 0.0513692 0 -0.0389096 0.998968 -0.023016 0 -0.0504497 -0.0249683 -0.998414 0 -0.191866 -0.593289 0.151442 1 
-0.997973 -0.0373603 0.0513378 0 -0.0385429 0.999 -0.0222411 0 -0.0504565 -0.0241752 -0.998434 0 -0.191854 -0.597092 0.150299 1 
-0.997966 -0.0371951 0.0515869 0 -0.0383796 0.999008 -0.0221627 0 -0.0507123 -0.024098 -0.998423 0 -0.191865 -0.600987 0.149905 1 
-0.997973 -0.0370644 0.0515525 0 -0.0382052 0.999033 -0.0213212 0 -0.0507133 -0.023248 -0.998443 0 -0.191835 -0.604451 0.149065 1 
-0.997963 -0.0370979 0.0517236 0 -0.0382301 0.999037 -0.0210758 0 -0.0508929 -0.0230107 -0.998439 0 -0.191801 -0.608002 0.148658 1 
-0.997951 -0.037222 0.0518562 0 -0.0383426 0.999039 -0.0207838 0 -0.0510337 -0.0227299 -0.998438 0 -0.191792 -0.611606 0.148414 1 
-0.997949 -0.0373415 0.0517996 0 -0.0384389 0.999044 -0.0203531 0 -0.050991 -0.0223029 -0.99845 0 -0.191723 -0.614605 0.147664 1 
-0.997928 -0.0374482 0.0521287 0 -0.0385868 0.999025 -0.0210084 0 -0.0512922 -0.0229768 -0.998419 0 -0.191699 -0.617809 0.147419 1 
-0.99792 -0.037749 0.0520808 0 -0.0388432 0.999032 -0.0201594 0 -0.0512704 -0.0221408 -0.998439 0 -0.191627 -0.620323 0.146959 1 
-0.997926 -0.0379797 0.0517838 0 -0.0389943 0.999054 -0.0187262 0 -0.0510246 -0.0207071 -0.998483 0 -0.191582 -0.62261 0.145971 1 
-0.997929 -0.0381068 0.0516287 0 -0.0390692 0.999069 -0.0177618 0 -0.0509048 -0.0197425 -0.998508 0 -0.191611 -0.624804 0.145042 1 
-0.997933 -0.0380766 0.0515786 0 -0.039016 0.999079 -0.0173304 0 -0.0508722 -0.0193073 -0.998519 0 -0.191702 -0.626728 0.144275 1 
-0.997946 -0.0381828 0.051248 0 -0.0390495 0.999099 -0.0160182 0 -0.0505912 -0.0179869 -0.998557 0 -0.191805 -0.628214 0.143053 1 
-0.997963 -0.038241 0.0508687 0 -0.0390344 0.99912 -0.0146973 0 -0.0502629 -0.0166533 -0.998597 0 -0.19193 -0.629347 0.14131 1 
-0.997982 -0.0381836 0.0505507 0 -0.038916 0.999141 -0.0135837 0 -0.0499895 -0.0155238 -0.998629 0 -0.192101 -0.630102 0.13953 1 
-0.998011 -0.0380293 0.0500835 0 -0.0386734 0.999171 -0.0119545 0 -0.0495883 -0.0138679 -0.998673 0 -0.192297 -0.630493 0.137624 1 
-0.998059 -0.0377377 0.0493399 0 -0.038255 0.999212 -0.00958268 0 -0.0489403 -0.0114518 -0.998736 0 -0.192452 -0.630466 0.135436 1 
-0.998116 -0.0374847 0.0483714 0 -0.0378463 0.999252 -0.00658267 0 -0.0480894 -0.00840111 -0.998808 0 -0.192534 -0.630024 0.132835 1 
-0.998175 -0.0371674 0.0473952 0 -0.0373798 0.999285 -0.00360399 0 -0.0472283 -0.00536914 -0.99887 0 -0.192627 -0.629295 0.129971 1 
-0.998234 -0.0367381 0.0464732 0 -0.0368209 0.999312 -0.000926676 0 -0.0464081 -0.00263627 -0.998919 0 -0.192767 -0.628467 0.127176 1 
-0.998285 -0.0362113 0.0457811 0 -0.0362044 0.999334 0.000980022 0 -0.045787 -0.000679147 -0.998951 0 -0.193003 -0.627648 0.124521 1 
-0.998341 -0.0355039 0.0451109 0 -0.03541 0.999359 0.00287826 0 -0.0451851 0.00127613 -0.998978 0 -0.193333 -0.626712 0.122004 1 
-0.998401 -0.0346301 0.04446 0 -0.0344567 0.999386 0.00466071 0 -0.0445949 0.00312138 -0.999 0 -0.193744 -0.625661 0.119558 1 
-0.99846 -0.0336428 0.0438917 0 -0.0334068 0.999414 0.00609998 0 -0.044072 0.0046244 -0.999018 0 -0.194214 -0.624519 0.117145 1 
-0.998504 -0.0326339 0.0436539 0 -0.0323643 0.999443 0.00686874 0 -0.0438546 0.00544574 -0.999023 0 -0.194796 -0.623364 0.114846 1 
-0.998541 -0.0316175 0.0435616 0 -0.0313239 0.999472 0.00740594 0 -0.0437736 0.00603073 -0.999023 0 -0.195425 -0.622077 0.112611 1 
-0.998583 -0.0306056 0.0433224 0 -0.0302698 0.999497 0.00838722 0 -0.0435581 0.00706411 -0.999026 0 -0.196006 -0.620564 0.110513 1 
-0.998623 -0.0296756 0.0430323 0 -0.0292885 0.999515 0.00959978 0 -0.0432971 0.00832637 -0.999028 0 -0.196566 -0.61876 0.108458 1 
-0.99866 -0.0288272 0.0427494 0 -0.0284005 0.999531 0.0105542 0 -0.0430345 0.00932613 -0.99903 0 -0.197109 -0.616876 0.106569 1 
-0.998696 -0.0280102 0.0424594 0 -0.0275553 0.999547 0.0112618 0 -0.0427564 0.0100774 -0.999035 0 -0.197593 -0.61494 0.104722 1 
-0.99873 -0.0272289 0.0421729 0 -0.026743 0.99956 0.0120431 0 -0.042483 0.0109002 -0.999038 0 -0.198039 -0.612935 0.102834 1 
-0.998754 -0.0265369 0.0420388 0 -0.0260422 0.999576 0.0122725 0 -0.0423475 0.0111627 -0.999041 0 -0.198462 -0.611057 0.101022 1 
-0.998765 -0.0259239 0.0421555 0 -0.0254578 0.999599 0.0115564 0 -0.042439 0.0104691 -0.999044 0 -0.198876 -0.609332 0.0992482 1 
-0.998779 -0.0254478 0.0421237 0 -0.0249928 0.999614 0.0112911 0 -0.0423956 0.0102248 -0.999049 0 -0.199121 -0.607607 0.0974768 1 
-0.998798 -0.0250639 0.0418976 0 -0.0245962 0.99962 0.0116398 0 -0.0421742 0.0105955 -0.999054 0 -0.199213 -0.605916 0.0957251 1 
-0.998806 -0.0247929 0.0418675 0 -0.0243377 0.99963 0.0113463 0 -0.0421341 0.010314 -0.999059 0 -0.199278 -0.604398 0.0940028 1 
-0.99881 -0.0246118 0.041873 0 -0.0241687 0.999637 0.011055 0 -0.0421307 0.0100301 -0.999062 0 -0.199317 -0.602997 0.0923415 1 
-0.998814 -0.02455 0.0418098 0 -0.0241025 0.999637 0.0111732 0 -0.0420697 0.0101524 -0.999063 0 -0.199324 -0.601589 0.0907128 1 
-0.998811 -0.0245755 0.0418629 0 -0.0241345 0.999638 0.0110083 0 -0.0421191 0.00998507 -0.999063 0 -0.199327 -0.60029 0.08917 1 
-0.998809 -0.0244451 0.0419892 0 -0.0240338 0.999649 0.0102718 0 -0.0422264 0.00925057 -0.999065 0 -0.199309 -0.59911 0.0877174 1 
-0.998806 -0.0244768 0.0420423 0 -0.0240787 0.999651 0.00994831 0 -0.0422719 0.00892428 -0.999066 0 -0.199283 -0.597881 0.0862907 1 
-0.998804 -0.0245882 0.0420301 0 -0.0241873 0.999648 0.0100207 0 -0.0422625 0.00899228 -0.999066 0 -0.199294 -0.596668 0.0849359 1 
-0.998812 -0.0244184 0.0419513 0 -0.0240193 0.999652 0.00999009 0 -0.0421814 0.00897075 -0.99907 0 -0.199339 -0.595544 0.0837247 1 
-0.998812 -0.0243903 0.0419495 0 -0.0239983 0.999654 0.00982259 0 -0.0421754 0.00880437 -0.999071 0 -0.199428 -0.594437 0.0825275 1 
-0.998806 -0.0245105 0.0420384 0 -0.0241312 0.999654 0.0095063 0 -0.0422577 0.00848067 -0.999071 0 -0.199601 -0.593432 0.0814176 1 
-0.998811 -0.0244457 0.0419508 0 -0.0240571 0.999653 0.0097434 0 -0.0421752 0.00872277 -0.999072 0 -0.199768 -0.592441 0.0804412 1 
-0.998815 -0.0243293 0.0419208 0 -0.0239406 0.999656 0.00975106 0 -0.0421444 0.00873607 -0.999073 0 -0.199936 -0.591523 0.0795294 1 
-0.998816 -0.0242015 0.0419667 0 -0.0238186 0.999661 0.00959848 0 -0.0421856 0.00858769 -0.999073 0 -0.200125 -0.590712 0.0787041 1 
-0.998807 -0.0241831 0.0422033 0 -0.0238256 0.999666 0.00895197 0 -0.0424065 0.00793592 -0.999069 0 -0.200345 -0.59008 0.0779807 1 
-0.998806 -0.0240973 0.0422798 0 -0.0237507 0.999671 0.00868071 0 -0.0424759 0.00766632 -0.999068 0 -0.20048 -0.589322 0.0771696 1 
-0.998804 -0.0240808 0.042321 0 -0.0237433 0.999673 0.00846094 0 -0.0425118 0.00744613 -0.999068 0 -0.200495 -0.588626 0.0763926 1 
-0.998805 -0.0241934 0.0422486 0 -0.0238488 0.999669 0.00864214 0 -0.0424445 0.00762438 -0.99907 0 -0.20039 -0.587861 0.0755451 1 
-0.998812 -0.0242583 0.0420331 0 -0.0238985 0.999664 0.00904096 0 -0.0422391 0.00802585 -0.999075 0 -0.200176 -0.587041 0.074604 1 
-0.99882 -0.024429 0.0417466 0 -0.0240495 0.999655 0.00956809 0 -0.0419668 0.00855298 -0.999082 0 -0.199869 -0.586227 0.0735892 1 
-0.998822 -0.0246531 0.0415683 0 -0.0242677 0.999648 0.00974895 0 -0.0417948 0.00872886 -0.999088 0 -0.19956 -0.585505 0.0725431 1 
-0.998818 -0.0248875 0.0415216 0 -0.0245107 0.999644 0.00955921 0 -0.0417456 0.00853035 -0.999092 0 -0.199282 -0.584823 0.0714393 1 
-0.998808 -0.0251501 0.0415931 0 -0.0247828 0.99964 0.00932108 0 -0.0418134 0.00827934 -0.999091 0 -0.199085 -0.58416 0.0703339 1 
-0.998803 -0.0253369 0.0416171 0 -0.0249711 0.999635 0.00928611 0 -0.041838 0.00823593 -0.99909 0 -0.198943 -0.583405 0.0691265 1 
-0.998802 -0.0254349 0.0415846 0 -0.0250606 0.999631 0.0094974 0 -0.0418117 0.00844405 -0.99909 0 -0.198868 -0.582616 0.0679171 1 
-0.998797 -0.0254675 0.0416718 0 -0.0250981 0.999632 0.00936399 0 -0.0418957 0.00830701 -0.999087 0 -0.198891 -0.581895 0.0667318 1 
-0.998784 -0.0255397 0.0419508 0 -0.0251981 0.999635 0.00865093 0 -0.0421573 0.00758347 -0.999082 0 -0.199027 -0.581271 0.0655658 1 
-0.998766 -0.025617 0.0423101 0 -0.0253121 0.99964 0.00772624 0 -0.0424936 0.00664587 -0.999075 0 -0.199261 -0.580647 0.0643821 1 
-0.998751 -0.0257525 0.0425889 0 -0.025463 0.999639 0.00732607 0 -0.042763 0.0062326 -0.999066 0 -0.199591 -0.57989 0.0631415 1 
-0.998739 -0.025916 0.0427632 0 -0.0256213 0.999635 0.00742442 0 -0.0429408 0.00631954 -0.999058 0 -0.200035 -0.57907 0.061876 1 
-0.998731 -0.0260669 0.0428564 0 -0.0257603 0.999629 0.00769082 0 -0.0430418 0.00657719 -0.999052 0 -0.200537 -0.578299 0.0606551 1 
-0.99873 -0.0261306 0.0428483 0 -0.0258149 0.999626 0.00790366 0 -0.0430396 0.00678763 -0.99905 0 -0.2011 -0.577567 0.0594153 1 
-0.998717 -0.0264197 0.0429733 0 -0.0261189 0.999621 0.00754571 0 -0.0431572 0.00641374 -0.999048 0 -0.201758 -0.577069 0.0582807 1 
-0.998704 -0.0267529 0.0430634 0 -0.0264664 0.999614 0.00721004 0 -0.0432405 0.00606108 -0.999046 0 -0.202414 -0.576718 0.0572516 1 
-0.998696 -0.026911 0.0431555 0 -0.0266473 0.999613 0.00667397 0 -0.0433192 0.0055154 -0.999046 0 -0.203093 -0.576475 0.0562268 1 
-0.998694 -0.0270806 0.043098 0 -0.0268185 0.999609 0.00664843 0 -0.043262 0.00548403 -0.999049 0 -0.203694 -0.576135 0.0551653 1 
-0.998694 -0.0274045 0.042906 0 -0.0271286 0.999598 0.00699977 0 -0.0430814 0.00582676 -0.999055 0 -0.20419 -0.575743 0.0541326 1 
-0.998687 -0.0279093 0.0427381 0 -0.0276228 0.999582 0.00727916 0 -0.0429242 0.00608917 -0.99906 0 -0.204645 -0.575371 0.05304 1 
-0.998687 -0.0282022 0.042545 0 -0.0279045 0.999572 0.00757282 0 -0.0427412 0.0063758 -0.999066 0 -0.205025 -0.575002 0.0518676 1 
-0.99869 -0.0282931 0.0424015 0 -0.0279881 0.999568 0.00777053 0 -0.0426038 0.00657375 -0.99907 0 -0.205283 -0.574712 0.0508229 1 
-0.998691 -0.028407 0.0423146 0 -0.0281034 0.999565 0.00775273 0 -0.0425172 0.00655352 -0.999074 0 -0.205478 -0.574488 0.0498199 1 
-0.998691 -0.0283682 0.0423346 0 -0.0280777 0.999568 0.00744102 0 -0.0425283 0.00624274 -0.999076 0 -0.205601 -0.574373 0.0489254 1 
-0.99869 -0.0284157 0.0423355 0 -0.0281361 0.999569 0.00718436 0 -0.0425222 0.00598391 -0.999078 0 -0.205663 -0.574268 0.0480347 1 
-0.998688 -0.0284669 0.0423456 0 -0.0281969 0.999569 0.00695909 0 -0.0425263 0.00575606 -0.999079 0 -0.205679 -0.574196 0.0473086 1 
-0.998685 -0.0285137 0.0423811 0 -0.0282564 0.999569 0.0066592 0 -0.0425535 0.00545301 -0.999079 0 -0.205671 -0.574158 0.0466503 1 
-0.998681 -0.0285997 0.0424044 0 -0.0283538 0.999568 0.00638976 0 -0.0425696 0.00517911 -0.99908 0 -0.205624 -0.574131 0.0460145 1 
-0.998681 -0.0286514 0.0423689 0 -0.0284077 0.999567 0.00634341 0 -0.0425331 0.00513154 -0.999082 0 -0.205582 -0.574066 0.0454584 1 
-0.998684 -0.0286732 0.0422881 0 -0.0284246 0.999565 0.00646995 0 -0.0424561 0.00525951 -0.999084 0 -0.205559 -0.573959 0.0449234 1 
-0.998688 -0.0286748 0.0422048 0 -0.0284201 0.999565 0.00662159 0 -0.0423771 0.00541354 -0.999087 0 -0.205552 -0.573853 0.044454 1 
-0.998691 -0.0286527 0.042133 0 -0.0283946 0.999565 0.00671289 0 -0.0423078 0.00550787 -0.999089 0 -0.205569 -0.573745 0.0439654 1 
-0.998696 -0.0286372 0.0420454 0 -0.0283723 0.999564 0.00688324 0 -0.042225 0.00568144 -0.999092 0 -0.205594 -0.573626 0.0435283 1 
-0.998698 -0.0286883 0.0419474 0 -0.0284155 0.999561 0.0070866 0 -0.0421331 0.00588554 -0.999095 0 -0.205629 -0.573499 0.0431048 1 
-0.998702 -0.0286891 0.0418526 0 -0.0284088 0.99956 0.00727753 0 -0.0420438 0.00607922 -0.999097 0 -0.20569 -0.573367 0.0426821 1 
-0.998707 -0.0286546 0.0417601 0 -0.0283672 0.99956 0.00745963 0 -0.0419563 0.00626549 -0.9991 0 -0.205751 -0.573235 0.0422567 1 
-0.99871 -0.028702 0.0416632 0 -0.0284072 0.999558 0.00765126 0 -0.0418652 0.00645798 -0.999102 0 -0.205821 -0.573097 0.0418295 1 
-0.998711 -0.0287962 0.0415713 0 -0.0284938 0.999554 0.00784934 0 -0.0417796 0.00665482 -0.999105 0 -0.205879 -0.572968 0.0414446 1 
-0.99871 -0.0288936 0.0415137 0 -0.0285877 0.99955 0.00794438 0 -0.0417254 0.00674748 -0.999106 0 -0.205926 -0.572875 0.0410923 1 
-0.99871 -0.0289296 0.0414975 0 -0.0286246 0.999549 0.00792618 0 -0.0417089 0.00672824 -0.999107 0 -0.205968 -0.572815 0.0407718 1 
-0.99871 -0.028917 0.0415008 0 -0.0286161 0.99955 0.0078274 0 -0.0417093 0.00662985 -0.999108 0 -0.206002 -0.57278 0.0404708 1 
-0.998708 -0.0289314 0.0415379 0 -0.0286387 0.999551 0.00762615 0 -0.0417407 0.00642683 -0.999108 0 -0.206029 -0.572765 0.0401695 1 
-0.998706 -0.0289715 0.0415697 0 -0.0286864 0.999551 0.00743747 0 -0.0417673 0.00623548 -0.999108 0 -0.206034 -0.572751 0.0398725 1 
-0.998701 -0.0290675 0.0416223 0 -0.0287927 0.99955 0.00718661 0 -0.0418133 0.00597897 -0.999108 0 -0.206023 -0.572764 0.0396013 1 
-0.998698 -0.0291446 0.0416336 0 -0.0288745 0.999548 0.00707481 0 -0.0418218 0.00586356 -0.999108 0 -0.206002 -0.572753 0.0393656 1 
-0.998698 -0.0291903 0.041599 0 -0.0289193 0.999547 0.00710247 0 -0.0417883 0.00589032 -0.999109 0 -0.205972 -0.572718 0.0391476 1 
-0.998698 -0.0292124 0.0415838 0 -0.0289415 0.999546 0.00710288 0 -0.0417732 0.00589025 -0.99911 0 -0.205958 -0.572697 0.0389941 1 
-0.998698 -0.029219 0.0415812 0 -0.0289487 0.999546 0.00708831 0 -0.0417703 0.00587547 -0.99911 0 -0.205957 -0.572681 0.0388832 1 
-0.998699 -0.0292484 0.0415517 0 -0.0289763 0.999545 0.00713605 0 -0.0417424 0.00592286 -0.999111 0 -0.205936 -0.572662 0.038793 1 
-0.998699 -0.029282 0.0415211 0 -0.029007 0.999544 0.00721048 0 -0.0417141 0.00599682 -0.999112 0 -0.205913 -0.572641 0.0387299 1 
-0.998699 -0.0292998 0.0415048 0 -0.0290234 0.999543 0.00724754 0 -0.041699 0.00603361 -0.999112 0 -0.205901 -0.572632 0.0386941 1 
-0.998699 -0.0293182 0.0414815 0 -0.0290403 0.999542 0.00728721 0 -0.0416769 0.00607322 -0.999113 0 -0.205881 -0.572623 0.0386666 1 
-0.998698 -0.0293848 0.0414616 0 -0.0291058 0.99954 0.00731637 0 -0.0416583 0.00610019 -0.999113 0 -0.205839 -0.572627 0.0386415 1 
-0.998697 -0.0294595 0.0414403 0 -0.0291784 0.999537 0.00737152 0 -0.0416391 0.00615287 -0.999114 0 -0.205792 -0.572625 0.0386061 1 
-0.998696 -0.0295338 0.0414147 0 -0.0292503 0.999535 0.00743466 0 -0.0416158 0.00621369 -0.999114 0 -0.205746 -0.57262 0.0385674 1 
-0.998695 -0.0296212 0.041377 0 -0.0293346 0.999532 0.0075159 0 -0.0415811 0.00629243 -0.999115 0 -0.205686 -0.572614 0.0385094 1 
-0.998695 -0.0296859 0.041329 0 -0.0293951 0.999529 0.00762681 0 -0.0415367 0.0064021 -0.999116 0 -0.205636 -0.572593 0.0384336 1 
-0.998696 -0.029709 0.0412804 0 -0.0294128 0.999528 0.00776334 0 -0.0414923 0.00653917 -0.999117 0 -0.205615 -0.572555 0.0383411 1 
-0.9987 -0.0296841 0.0412143 0 -0.0293804 0.999527 0.00795495 0 -0.0414318 0.00673384 -0.999119 0 -0.205618 -0.57249 0.038211 1 
-0.998703 -0.029679 0.0411349 0 -0.0293669 0.999526 0.00817183 0 -0.0413587 0.00695336 -0.99912 0 -0.205604 -0.57242 0.0380599 1 
-0.998707 -0.0296723 0.0410414 0 -0.0293504 0.999524 0.00842481 0 -0.0412726 0.00720948 -0.999122 0 -0.205586 -0.572335 0.0378646 1 
-0.99871 -0.029653 0.0409909 0 -0.029326 0.999524 0.00855411 0 -0.0412258 0.00734112 -0.999123 0 -0.205584 -0.572275 0.0376724 1 
-0.998713 -0.02962 0.0409332 0 -0.0292881 0.999524 0.00868382 0 -0.0411717 0.00747393 -0.999124 0 -0.205589 -0.572204 0.0374464 1 
-0.998714 -0.0295568 0.0409657 0 -0.0292291 0.999526 0.00857541 0 -0.0412006 0.00736713 -0.999124 0 -0.205629 -0.572183 0.0372705 1 
-0.998713 -0.0294584 0.041045 0 -0.0291416 0.999531 0.0082942 0 -0.0412709 0.00708755 -0.999123 0 -0.205697 -0.5722 0.0371621 1 
-0.998715 -0.029348 0.0410765 0 -0.0290362 0.999535 0.00816543 0 -0.0412979 0.00696237 -0.999123 0 -0.205761 -0.572183 0.0370519 1 
-0.998718 -0.029252 0.0410704 0 -0.0289404 0.999538 0.00816146 0 -0.041291 0.00696254 -0.999123 0 -0.205816 -0.572142 0.0369323 1 
-0.998722 -0.0291894 0.0410153 0 -0.0288733 0.999539 0.00827902 0 -0.0412388 0.00708433 -0.999124 0 -0.205837 -0.572082 0.0367861 1 
-0.998724 -0.0291729 0.0409776 0 -0.0288532 0.999539 0.00837249 0 -0.0412037 0.00717961 -0.999125 0 -0.205835 -0.572036 0.0366386 1 
-0.998725 -0.0291813 0.0409694 0 -0.0288618 0.999539 0.00836669 0 -0.0411954 0.00717371 -0.999125 0 -0.205831 -0.572012 0.0364927 1 
-0.998725 -0.0291483 0.0409798 0 -0.0288317 0.99954 0.00829368 0 -0.0412035 0.00710173 -0.999126 0 -0.205845 -0.571994 0.0363387 1 
-0.998725 -0.0291123 0.0409982 0 -0.0288003 0.999542 0.00818025 0 -0.0412183 0.0069892 -0.999126 0 -0.205865 -0.571976 0.0361449 1 
