-0.998928 -0.0183281 0.0422697 0 -0.0170971 0.999415 0.0293006 0 -0.0427828 0.0285471 -0.998676 0 -0.149731 -0.307845 0.554353 1 
-0.998929 -0.0183173 0.0422619 0 -0.0170868 0.999415 0.029297 0 -0.0427747 0.0285441 -0.998677 0 -0.149738 -0.307842 0.554353 1 
-0.998928 -0.0183323 0.042268 0 -0.0171013 0.999415 0.0293036 0 -0.0427813 0.0285499 -0.998676 0 -0.149729 -0.307844 0.554352 1 
-0.998929 -0.0183263 0.0422684 0 -0.0170956 0.999415 0.029296 0 -0.0427814 0.0285425 -0.998677 0 -0.149731 -0.307844 0.554355 1 
-0.998929 -0.0183267 0.0422674 0 -0.017096 0.999415 0.0292979 0 -0.0427805 0.0285444 -0.998677 0 -0.149732 -0.307844 0.554353 1 
-0.998929 -0.0183297 0.0422641 0 -0.0170989 0.999415 0.0293026 0 -0.0427773 0.0285491 -0.998677 0 -0.149732 -0.307843 0.554352 1 
-0.998928 -0.0183367 0.0422685 0 -0.0171057 0.999415 0.0293018 0 -0.0427819 0.0285479 -0.998676 0 -0.149731 -0.307844 0.554353 1 
-0.998929 -0.0183291 0.0422637 0 -0.0170982 0.999415 0.0293033 0 -0.0427769 0.0285499 -0.998677 0 -0.149732 -0.307843 0.554352 1 
-0.998928 -0.0183281 0.0422698 0 -0.0170975 0.999415 0.0292926 0 -0.0427828 0.0285391 -0.998677 0 -0.149732 -0.307845 0.554355 1 
-0.998929 -0.0183268 0.0422679 0 -0.0170961 0.999415 0.0292971 0 -0.0427809 0.0285436 -0.998677 0 -0.149731 -0.307843 0.554354 1 
-0.998929 -0.0183323 0.0422671 0 -0.0171015 0.999415 0.0293008 0 -0.0427804 0.0285472 -0.998677 0 -0.149731 -0.307844 0.554352 1 
-0.998928 -0.018332 0.0422701 0 -0.0171012 0.999415 0.0292984 0 -0.0427833 0.0285447 -0.998677 0 -0.149733 -0.307843 0.554355 1 
-0.998929 -0.0183284 0.0422653 0 -0.0170975 0.999415 0.0293019 0 -0.0427784 0.0285485 -0.998677 0 -0.149732 -0.307843 0.554352 1 
-0.998929 -0.0183287 0.0422653 0 -0.0170979 0.999415 0.0293004 0 -0.0427785 0.0285469 -0.998677 0 -0.149732 -0.307845 0.554352 1 
-0.998929 -0.018328 0.0422686 0 -0.0170973 0.999415 0.0292966 0 -0.0427817 0.0285431 -0.998677 0 -0.149732 -0.307844 0.554354 1 
-0.998929 -0.0183263 0.0422685 0 -0.0170952 0.999415 0.0293054 0 -0.0427816 0.0285519 -0.998676 0 -0.149732 -0.307844 0.554352 1 
-0.998928 -0.0183328 0.0422672 0 -0.0171019 0.999415 0.0293019 0 -0.0427805 0.0285483 -0.998677 0 -0.149731 -0.307843 0.554353 1 
-0.998929 -0.018327 0.0422677 0 -0.0170962 0.999415 0.0292992 0 -0.0427807 0.0285457 -0.998677 0 -0.149732 -0.307844 0.554352 1 
-0.998929 -0.018329 0.0422675 0 -0.0170982 0.999415 0.0292989 0 -0.0427806 0.0285454 -0.998677 0 -0.149732 -0.307845 0.554353 1 
-0.998929 -0.0183244 0.0422661 0 -0.0170934 0.999415 0.0293034 0 -0.0427791 0.02855 -0.998677 0 -0.149732 -0.307844 0.554352 1 
-0.998928 -0.0183303 0.0422683 0 -0.0170995 0.999415 0.0292969 0 -0.0427814 0.0285432 -0.998677 0 -0.149731 -0.307844 0.554353 1 
-0.998929 -0.0183321 0.0422665 0 -0.0171013 0.999415 0.0292995 0 -0.0427797 0.0285458 -0.998677 0 -0.149732 -0.307844 0.554353 1 
-0.998929 -0.0183174 0.0422663 0 -0.0170868 0.999415 0.0292945 0 -0.042779 0.0285415 -0.998677 0 -0.149735 -0.307843 0.554354 1 
-0.998929 -0.0183225 0.042267 0 -0.0170919 0.999415 0.0292943 0 -0.0427798 0.028541 -0.998677 0 -0.149732 -0.307845 0.554354 1 
-0.998928 -0.0183308 0.0422685 0 -0.0170999 0.999415 0.0293023 0 -0.0427817 0.0285486 -0.998676 0 -0.149729 -0.307845 0.554352 1 
-0.998929 -0.0183235 0.042266 0 -0.0170926 0.999415 0.0293013 0 -0.042779 0.0285481 -0.998677 0 -0.149733 -0.307844 0.554351 1 
-0.998928 -0.0183327 0.0422714 0 -0.0171019 0.999415 0.0292959 0 -0.0427845 0.0285422 -0.998677 0 -0.14973 -0.307845 0.554354 1 
-0.998929 -0.0183261 0.0422686 0 -0.0170954 0.999415 0.0292968 0 -0.0427815 0.0285434 -0.998677 0 -0.149732 -0.307844 0.554353 1 
-0.998929 -0.0183226 0.0422693 0 -0.0170917 0.999415 0.0293005 0 -0.0427823 0.0285472 -0.998676 0 -0.149732 -0.307843 0.554352 1 
-0.998929 -0.0183219 0.0422644 0 -0.0170911 0.999415 0.0293017 0 -0.0427774 0.0285485 -0.998677 0 -0.149733 -0.307844 0.554351 1 
-0.998929 -0.0183257 0.0422653 0 -0.0170947 0.999415 0.0293055 0 -0.0427785 0.0285522 -0.998677 0 -0.149731 -0.307844 0.55435 1 
-0.998929 -0.0183243 0.0422679 0 -0.0170936 0.999415 0.0292982 0 -0.0427809 0.0285448 -0.998677 0 -0.149733 -0.307844 0.554353 1 
-0.998929 -0.0183309 0.0422679 0 -0.0171002 0.999415 0.0292967 0 -0.042781 0.0285431 -0.998677 0 -0.149732 -0.307844 0.554353 1 
-0.998929 -0.018332 0.0422659 0 -0.017101 0.999415 0.0293056 0 -0.0427793 0.028552 -0.998676 0 -0.14973 -0.307844 0.55435 1 
-0.998929 -0.0183276 0.0422686 0 -0.0170965 0.999415 0.0293037 0 -0.0427818 0.0285502 -0.998676 0 -0.149732 -0.307843 0.554352 1 
-0.998928 -0.0183295 0.0422703 0 -0.0170989 0.999415 0.0292936 0 -0.0427834 0.02854 -0.998677 0 -0.149731 -0.307845 0.554355 1 
-0.998929 -0.0183316 0.042265 0 -0.0171007 0.999415 0.0293042 0 -0.0427783 0.0285506 -0.998677 0 -0.149731 -0.307844 0.55435 1 
-0.998928 -0.0183314 0.0422695 0 -0.0171005 0.999415 0.0292992 0 -0.0427827 0.0285456 -0.998677 0 -0.149731 -0.307845 0.554353 1 
-0.998929 -0.0183267 0.0422672 0 -0.0170958 0.999415 0.029301 0 -0.0427802 0.0285476 -0.998677 0 -0.149732 -0.307845 0.554352 1 
-0.998929 -0.0183254 0.042266 0 -0.0170944 0.999415 0.0293041 0 -0.0427791 0.0285507 -0.998677 0 -0.14973 -0.307844 0.554352 1 
-0.998929 -0.0183217 0.0422633 0 -0.0170908 0.999415 0.029304 0 -0.0427763 0.0285508 -0.998677 0 -0.149732 -0.307844 0.554351 1 
-0.998928 -0.0183335 0.0422687 0 -0.0171026 0.999415 0.029301 0 -0.042782 0.0285472 -0.998677 0 -0.14973 -0.307846 0.554353 1 
-0.998928 -0.018336 0.0422708 0 -0.017105 0.999415 0.0293018 0 -0.0427842 0.0285479 -0.998676 0 -0.149729 -0.307846 0.554353 1 
-0.998929 -0.0183279 0.0422679 0 -0.0170972 0.999415 0.0292976 0 -0.042781 0.0285441 -0.998677 0 -0.149732 -0.307843 0.554353 1 
-0.998929 -0.0183262 0.0422667 0 -0.0170955 0.999415 0.0292973 0 -0.0427797 0.0285439 -0.998677 0 -0.149732 -0.307843 0.554353 1 
-0.998928 -0.0183325 0.0422682 0 -0.0171016 0.999415 0.0293014 0 -0.0427814 0.0285477 -0.998677 0 -0.149732 -0.307844 0.554352 1 
-0.998929 -0.0183269 0.0422635 0 -0.0170962 0.999415 0.0293005 0 -0.0427766 0.0285471 -0.998677 0 -0.149734 -0.307844 0.554351 1 
-0.998929 -0.0183248 0.0422668 0 -0.017094 0.999415 0.0292995 0 -0.0427798 0.0285461 -0.998677 0 -0.149731 -0.307844 0.554352 1 
-0.998929 -0.0183287 0.0422685 0 -0.0170977 0.999415 0.0293027 0 -0.0427817 0.0285491 -0.998676 0 -0.149731 -0.307845 0.554351 1 
-0.998929 -0.0183287 0.0422679 0 -0.0170978 0.999415 0.0293014 0 -0.0427811 0.0285478 -0.998677 0 -0.149732 -0.307844 0.554353 1 
-0.998928 -0.0183253 0.0422715 0 -0.0170944 0.999415 0.0292979 0 -0.0427845 0.0285444 -0.998676 0 -0.149733 -0.307843 0.554354 1 
-0.998929 -0.0183238 0.0422642 0 -0.0170929 0.999415 0.0293037 0 -0.0427772 0.0285504 -0.998677 0 -0.149731 -0.307843 0.554351 1 
-0.998929 -0.0183262 0.0422681 0 -0.0170954 0.999415 0.029297 0 -0.0427811 0.0285436 -0.998677 0 -0.149732 -0.307844 0.554353 1 
-0.998929 -0.0183319 0.0422649 0 -0.017101 0.999415 0.0293021 0 -0.0427782 0.0285485 -0.998677 0 -0.149731 -0.307845 0.554351 1 
-0.998928 -0.0183327 0.0422689 0 -0.0171018 0.999415 0.0292994 0 -0.0427822 0.0285457 -0.998677 0 -0.149731 -0.307844 0.554353 1 
-0.998928 -0.0183305 0.0422682 0 -0.0170996 0.999415 0.0293008 0 -0.0427814 0.0285472 -0.998677 0 -0.149732 -0.307845 0.554352 1 
-0.998929 -0.0183277 0.0422685 0 -0.0170968 0.999415 0.0293004 0 -0.0427816 0.0285469 -0.998677 0 -0.149731 -0.307844 0.554352 1 
-0.998929 -0.0183273 0.0422656 0 -0.0170964 0.999415 0.029303 0 -0.0427788 0.0285496 -0.998677 0 -0.149732 -0.307843 0.554352 1 
-0.998928 -0.0183283 0.0422706 0 -0.0170974 0.999415 0.0292986 0 -0.0427836 0.0285451 -0.998676 0 -0.149732 -0.307845 0.554353 1 
-0.998927 -0.0183403 0.0422897 0 -0.0171099 0.999415 0.0292757 0 -0.0428027 0.0285213 -0.998676 0 -0.149732 -0.307849 0.554363 1 
-0.998928 -0.0183399 0.0422845 0 -0.0171091 0.999415 0.0292889 0 -0.0427977 0.0285346 -0.998676 0 -0.149729 -0.307848 0.554356 1 
-0.998927 -0.0183566 0.0422965 0 -0.0171262 0.999415 0.0292691 0 -0.0428099 0.0285139 -0.998676 0 -0.149723 -0.307854 0.554367 1 
-0.998927 -0.0183458 0.0422962 0 -0.0171153 0.999415 0.0292721 0 -0.0428093 0.0285173 -0.998676 0 -0.14973 -0.30785 0.554365 1 
-0.998928 -0.0183225 0.0422888 0 -0.0170925 0.999416 0.0292646 0 -0.0428011 0.028511 -0.998677 0 -0.149734 -0.307848 0.554367 1 
-0.998928 -0.0183153 0.0422847 0 -0.0170854 0.999416 0.029266 0 -0.0427968 0.0285127 -0.998677 0 -0.149738 -0.307846 0.554366 1 
-0.998928 -0.0183224 0.0422897 0 -0.017092 0.999416 0.0292754 0 -0.0428022 0.0285218 -0.998676 0 -0.149734 -0.307847 0.554364 1 
-0.998927 -0.018348 0.0422915 0 -0.0171175 0.999415 0.0292761 0 -0.0428047 0.0285213 -0.998676 0 -0.149727 -0.307849 0.554364 1 
-0.998928 -0.0183375 0.0422876 0 -0.0171067 0.999415 0.029285 0 -0.0428007 0.0285307 -0.998676 0 -0.149729 -0.307847 0.554361 1 
-0.998927 -0.0183339 0.0422914 0 -0.0171037 0.999416 0.0292671 0 -0.0428041 0.0285129 -0.998677 0 -0.14973 -0.307848 0.554367 1 
-0.998927 -0.0183572 0.0422931 0 -0.0171265 0.999415 0.0292807 0 -0.0428067 0.0285255 -0.998676 0 -0.149722 -0.307852 0.554363 1 
-0.998927 -0.0183437 0.0423058 0 -0.017114 0.999416 0.0292491 0 -0.0428184 0.0284942 -0.998676 0 -0.149726 -0.307851 0.554377 1 
-0.998926 -0.0183126 0.0423337 0 -0.0170857 0.999419 0.0291629 0 -0.042844 0.0284088 -0.998678 0 -0.149734 -0.307839 0.554413 1 
-0.998926 -0.0182945 0.0423501 0 -0.0170694 0.999421 0.0291113 0 -0.0428589 0.0283577 -0.998679 0 -0.149742 -0.307834 0.554435 1 
-0.998927 -0.0182773 0.0423354 0 -0.0170513 0.99942 0.0291422 0 -0.0428443 0.0283896 -0.998678 0 -0.14975 -0.307835 0.554422 1 
-0.998928 -0.018233 0.0423118 0 -0.0170056 0.99942 0.0291896 0 -0.0428203 0.0284394 -0.998678 0 -0.149773 -0.307829 0.554401 1 
-0.998932 -0.0181244 0.0422781 0 -0.0168972 0.999421 0.029205 0 -0.0427837 0.02846 -0.998679 0 -0.149826 -0.307811 0.554389 1 
-0.998934 -0.0180675 0.0422409 0 -0.0168412 0.999422 0.0292072 0 -0.042745 0.0284653 -0.99868 0 -0.14985 -0.307805 0.554383 1 
-0.998932 -0.0181131 0.0422776 0 -0.0168866 0.999422 0.0291894 0 -0.0427827 0.0284449 -0.998679 0 -0.149827 -0.30781 0.554395 1 
-0.99893 -0.0181388 0.0423062 0 -0.0169133 0.999422 0.0291487 0 -0.0428113 0.0284026 -0.998679 0 -0.149812 -0.30781 0.554414 1 
-0.998934 -0.0180867 0.042242 0 -0.0168594 0.999421 0.0292332 0 -0.0427471 0.0284904 -0.99868 0 -0.149835 -0.307802 0.554372 1 
-0.998936 -0.0181021 0.0421891 0 -0.0168709 0.999417 0.0293595 0 -0.0426968 0.0286171 -0.998678 0 -0.149833 -0.307815 0.554317 1 
-0.998935 -0.0181993 0.0421813 0 -0.0169642 0.999412 0.0294564 0 -0.0426934 0.02871 -0.998676 0 -0.149796 -0.307835 0.554281 1 
-0.998933 -0.0182452 0.0421869 0 -0.0170087 0.999411 0.0294852 0 -0.0427008 0.0287368 -0.998675 0 -0.149775 -0.307847 0.554271 1 
-0.998934 -0.01827 0.0421591 0 -0.0170318 0.999409 0.0295442 0 -0.0426748 0.0287952 -0.998674 0 -0.149769 -0.307852 0.554245 1 
-0.998936 -0.018292 0.0421136 0 -0.0170505 0.999405 0.0296529 0 -0.0426317 0.0289038 -0.998673 0 -0.149761 -0.307868 0.554199 1 
-0.998937 -0.0183782 0.0420418 0 -0.017131 0.999398 0.0298342 0 -0.0425656 0.0290829 -0.99867 0 -0.149731 -0.307899 0.554121 1 
-0.99894 -0.0184697 0.041938 0 -0.0172114 0.999387 0.0301681 0 -0.0424703 0.0294149 -0.998665 0 -0.149709 -0.307932 0.553981 1 
-0.998943 -0.0184864 0.0418667 0 -0.0172225 0.999381 0.0303521 0 -0.0424027 0.0295995 -0.998662 0 -0.149709 -0.307951 0.553907 1 
-0.998942 -0.0185162 0.0418682 0 -0.0172524 0.999381 0.0303481 0 -0.042405 0.0295943 -0.998662 0 -0.149699 -0.307959 0.553909 1 
-0.998941 -0.0185321 0.0418716 0 -0.0172676 0.99938 0.030363 0 -0.0424092 0.0296084 -0.998662 0 -0.149695 -0.307964 0.553905 1 
-0.998944 -0.0185041 0.0418195 0 -0.0172383 0.999379 0.0304293 0 -0.0423574 0.0296768 -0.998662 0 -0.14971 -0.30796 0.553872 1 
-0.998937 -0.0185033 0.0419948 0 -0.0172499 0.999391 0.0300149 0 -0.0425254 0.0292592 -0.998667 0 -0.149785 -0.308102 0.553809 1 
-0.998921 -0.0187203 0.0422651 0 -0.0174816 0.999403 0.0294884 0 -0.0427927 0.0287183 -0.998671 0 -0.149832 -0.30839 0.55361 1 
-0.998913 -0.0193336 0.0421781 0 -0.0180857 0.999383 0.0297708 0 -0.0427285 0.0289762 -0.998666 0 -0.149743 -0.30871 0.553108 1 
-0.998917 -0.019984 0.0417798 0 -0.0187098 0.999345 0.0306693 0 -0.0423661 0.0298549 -0.998656 0 -0.149576 -0.309059 0.552334 1 
-0.998933 -0.0203916 0.0412132 0 -0.0190805 0.999297 0.0319612 0 -0.0418368 0.0311413 -0.998639 0 -0.149398 -0.309466 0.551288 1 
-0.998945 -0.0211346 0.0405441 0 -0.0197855 0.999237 0.0333925 0 -0.0412196 0.0325557 -0.99862 0 -0.149213 -0.310067 0.549939 1 
-0.998956 -0.0219625 0.0398057 0 -0.0205965 0.999186 0.034408 0 -0.0405298 0.0335529 -0.998615 0 -0.149038 -0.310992 0.548259 1 
-0.998956 -0.0226149 0.0394514 0 -0.0212552 0.999167 0.0345482 0 -0.0402006 0.0336742 -0.998624 0 -0.148963 -0.312258 0.54636 1 
-0.99893 -0.0232755 0.0397296 0 -0.021944 0.999184 0.0336255 0 -0.0404807 0.0327183 -0.998644 0 -0.149153 -0.314032 0.544041 1 
-0.998904 -0.0239824 0.0399652 0 -0.0226599 0.999182 0.0332199 0 -0.0407299 0.0322785 -0.998649 0 -0.149576 -0.315961 0.541143 1 
-0.998888 -0.0243968 0.0401122 0 -0.0230801 0.99918 0.0329654 0 -0.0408843 0.0320036 -0.998651 0 -0.150257 -0.317854 0.538046 1 
-0.998873 -0.0244838 0.0404259 0 -0.0231854 0.9992 0.0322818 0 -0.0411847 0.0313087 -0.998661 0 -0.151374 -0.320151 0.534454 1 
-0.99887 -0.0239235 0.0408204 0 -0.0226464 0.999239 0.0314669 0 -0.0415429 0.0305075 -0.998671 0 -0.152904 -0.322768 0.530299 1 
-0.998879 -0.0229556 0.0411671 0 -0.0216867 0.999274 0.03101 0 -0.0418499 0.030083 -0.998671 0 -0.154796 -0.325515 0.525689 1 
-0.998878 -0.0222524 0.041583 0 -0.0209875 0.999301 0.0306111 0 -0.042236 0.0297046 -0.998666 0 -0.157071 -0.328346 0.520837 1 
-0.998867 -0.0213646 0.0422866 0 -0.0201143 0.999345 0.0297745 0 -0.0428958 0.0288907 -0.998662 0 -0.159759 -0.331165 0.515961 1 
-0.998874 -0.0204295 0.042596 0 -0.0191663 0.999361 0.0298543 0 -0.0431795 0.0290048 -0.998646 0 -0.162838 -0.333997 0.510781 1 
-0.998866 -0.019786 0.0430768 0 -0.0185135 0.999377 0.0297415 0 -0.0436393 0.0289108 -0.998629 0 -0.166245 -0.336866 0.505656 1 
-0.99884 -0.0194268 0.0438406 0 -0.0181467 0.999393 0.0294104 0 -0.0443862 0.0285812 -0.998606 0 -0.170156 -0.339621 0.500566 1 
-0.998825 -0.0198252 0.0439969 0 -0.0185248 0.999375 0.0297705 0 -0.0445605 0.028921 -0.998588 0 -0.174414 -0.342448 0.49524 1 
-0.998795 -0.0197951 0.0446905 0 -0.0185095 0.999398 0.0289993 0 -0.0452385 0.0281377 -0.99858 0 -0.178975 -0.345279 0.49028 1 
-0.998762 -0.020306 0.0451946 0 -0.0190158 0.999395 0.0287986 0 -0.0457529 0.0279041 -0.998563 0 -0.184182 -0.347913 0.485347 1 
-0.99873 -0.0207804 0.0456952 0 -0.0195044 0.999403 0.0281934 0 -0.0462547 0.0272668 -0.998557 0 -0.189884 -0.350781 0.48022 1 
-0.998716 -0.0205764 0.0460774 0 -0.0193054 0.999416 0.0278621 0 -0.0466246 0.0269373 -0.998549 0 -0.19583 -0.353304 0.475391 1 
-0.998685 -0.0207131 0.0466883 0 -0.0194535 0.999429 0.0272733 0 -0.0472274 0.0263297 -0.998537 0 -0.202363 -0.355928 0.470553 1 
-0.998659 -0.0213528 0.0469552 0 -0.0200934 0.99942 0.0271326 0 -0.0475083 0.0261532 -0.998528 0 -0.209019 -0.358316 0.465838 1 
-0.998629 -0.0213903 0.0475793 0 -0.0201568 0.999442 0.0262546 0 -0.0481153 0.0252601 -0.998522 0 -0.215832 -0.360494 0.461449 1 
-0.998617 -0.0213674 0.0478359 0 -0.0201333 0.999446 0.0261324 0 -0.0483687 0.0251337 -0.998513 0 -0.223082 -0.362676 0.456588 1 
-0.998587 -0.0209902 0.0486126 0 -0.0197776 0.999475 0.025291 0 -0.0491189 0.0242943 -0.998497 0 -0.230555 -0.364507 0.452226 1 
-0.998567 -0.0212575 0.0489157 0 -0.0200464 0.999474 0.0251167 0 -0.0494249 0.0241006 -0.998487 0 -0.238105 -0.366397 0.447476 1 
-0.998559 -0.0206184 0.0493431 0 -0.0193972 0.999487 0.0251008 0 -0.0498362 0.024108 -0.998466 0 -0.245861 -0.36785 0.44296 1 
-0.998529 -0.0202872 0.0500827 0 -0.0190868 0.999512 0.02433 0 -0.0505528 0.0233387 -0.998449 0 -0.253599 -0.369301 0.438843 1 
-0.998515 -0.0206617 0.0502063 0 -0.0194522 0.999502 0.0244603 0 -0.0506877 0.0234478 -0.998439 0 -0.261473 -0.370645 0.434388 1 
-0.998499 -0.0203106 0.0506692 0 -0.0191067 0.999517 0.0241323 0 -0.0511359 0.0231284 -0.998424 0 -0.269128 -0.371838 0.430546 1 
-0.998491 -0.019963 0.0509764 0 -0.0187595 0.999527 0.0239788 0 -0.051432 0.0229867 -0.998412 0 -0.276506 -0.372949 0.426976 1 
-0.998482 -0.020484 0.0509385 0 -0.0192621 0.999508 0.0243641 0 -0.0514135 0.0233464 -0.998405 0 -0.28396 -0.374216 0.42299 1 
-0.998461 -0.0202592 0.0514316 0 -0.0190447 0.999521 0.0239943 0 -0.0518941 0.0229783 -0.998388 0 -0.291245 -0.375463 0.419519 1 
-0.998441 -0.0204658 0.0517426 0 -0.0192495 0.999519 0.0238959 0 -0.0522078 0.0228631 -0.998374 0 -0.298097 -0.376935 0.416083 1 
-0.998462 -0.020596 0.0512937 0 -0.0193441 0.999496 0.0247852 0 -0.0517793 0.0237553 -0.998376 0 -0.304745 -0.37845 0.412368 1 
-0.998413 -0.0211143 0.0520326 0 -0.0198832 0.999503 0.0240643 0 -0.0525159 0.022992 -0.998355 0 -0.311417 -0.380214 0.409046 1 
-0.998406 -0.0216564 0.0519381 0 -0.0204135 0.999486 0.0243431 0 -0.0524396 0.0232445 -0.998354 0 -0.317456 -0.382109 0.405471 1 
-0.998428 -0.0216846 0.0514952 0 -0.0204156 0.999468 0.0250425 0 -0.0520118 0.0239523 -0.998359 0 -0.323303 -0.384221 0.401651 1 
-0.998411 -0.0220112 0.0516908 0 -0.020739 0.999462 0.0250195 0 -0.0522147 0.0239082 -0.99835 0 -0.329269 -0.386591 0.397985 1 
-0.998385 -0.0223747 0.0520304 0 -0.0211097 0.999461 0.0247361 0 -0.0525569 0.0235983 -0.998339 0 -0.335077 -0.389363 0.39408 1 
-0.998404 -0.0226765 0.0515441 0 -0.0213962 0.999442 0.0252559 0 -0.052089 0.0241132 -0.998351 0 -0.340174 -0.392102 0.389767 1 
-0.998392 -0.0232166 0.0515286 0 -0.0219319 0.999428 0.0253588 0 -0.0520889 0.0241884 -0.998349 0 -0.344937 -0.395004 0.385779 1 
-0.998357 -0.0244569 0.051639 0 -0.0231823 0.999405 0.0251402 0 -0.0522242 0.0239023 -0.998349 0 -0.349507 -0.398257 0.381711 1 
-0.998375 -0.0251882 0.0509292 0 -0.0238931 0.99937 0.0258791 0 -0.05155 0.0246207 -0.998367 0 -0.35377 -0.401586 0.377014 1 
-0.998343 -0.0258682 0.0512121 0 -0.0245854 0.999362 0.0255232 0 -0.0518407 0.0242223 -0.998362 0 -0.357919 -0.405168 0.372559 1 
-0.998318 -0.0265324 0.0513603 0 -0.0252504 0.999347 0.0254508 0 -0.0520031 0.0241116 -0.998356 0 -0.361818 -0.40881 0.368024 1 
-0.99831 -0.0272221 0.0511568 0 -0.025935 0.999325 0.0256574 0 -0.0518217 0.0242878 -0.998361 0 -0.365553 -0.412695 0.36293 1 
-0.998327 -0.0279429 0.0504327 0 -0.026632 0.999285 0.0264814 0 -0.0511376 0.0250944 -0.998376 0 -0.369127 -0.416746 0.357423 1 
-0.99832 -0.0285054 0.0502619 0 -0.0271987 0.999269 0.0264932 0 -0.0509813 0.0250821 -0.998385 0 -0.372394 -0.420788 0.352085 1 
-0.998297 -0.0293064 0.050259 0 -0.0280118 0.999253 0.0262725 0 -0.0509924 0.0248204 -0.998391 0 -0.375544 -0.424981 0.346615 1 
-0.998291 -0.030349 0.0497488 0 -0.029054 0.999216 0.0265509 0 -0.0505166 0.0250606 -0.998409 0 -0.378646 -0.429342 0.340422 1 
-0.998324 -0.031407 0.0484073 0 -0.0300927 0.999155 0.0276452 0 -0.0492356 0.0261427 -0.998445 0 -0.381157 -0.433091 0.334264 1 
-0.998302 -0.0326306 0.0480511 0 -0.0313411 0.999125 0.0273491 0 -0.0489024 0.0257971 -0.99847 0 -0.383744 -0.437234 0.328081 1 
-0.998291 -0.0338452 0.0474471 0 -0.0325855 0.999092 0.0270767 0 -0.0483214 0.0254848 -0.998507 0 -0.386078 -0.441379 0.321727 1 
-0.99833 -0.0346186 0.0460382 0 -0.0333697 0.999052 0.0276232 0 -0.0469517 0.0260413 -0.998558 0 -0.387927 -0.445205 0.315 1 
-0.998368 -0.0353107 0.0446596 0 -0.0340685 0.99901 0.0282766 0 -0.0456147 0.0267095 -0.998602 0 -0.389526 -0.449113 0.308034 1 
-0.998356 -0.0358635 0.0444938 0 -0.0346658 0.999014 0.0274037 0 -0.0454336 0.0258167 -0.998634 0 -0.390984 -0.453324 0.301344 1 
-0.998409 -0.0357734 0.043367 0 -0.0345987 0.999012 0.0275418 0 -0.0443103 0.0259981 -0.998679 0 -0.39206 -0.457517 0.293814 1 
-0.998492 -0.035657 0.0415007 0 -0.0344938 0.998991 0.0284145 0 -0.0424728 0.0269406 -0.998734 0 -0.392547 -0.461492 0.285872 1 
-0.998556 -0.0349577 0.0405509 0 -0.0338222 0.999016 0.0283571 0 -0.0415031 0.0269452 -0.998775 0 -0.392725 -0.465344 0.278653 1 
-0.998615 -0.0342121 0.0397203 0 -0.0330926 0.999036 0.0285074 0 -0.0406581 0.027154 -0.998804 0 -0.392564 -0.469351 0.270914 1 
-0.998685 -0.0336921 0.0383956 0 -0.0325706 0.999025 0.0294677 0 -0.0393518 0.028179 -0.998828 0 -0.391934 -0.473 0.263104 1 
-0.998721 -0.0328824 0.0381664 0 -0.0317739 0.999056 0.0292953 0 -0.0390944 0.0280457 -0.998842 0 -0.391173 -0.47662 0.256025 1 
-0.998764 -0.0323046 0.0375291 0 -0.0311964 0.999061 0.0297468 0 -0.0384555 0.0285398 -0.998853 0 -0.390149 -0.480084 0.248298 1 
-0.998781 -0.0325157 0.0368701 0 -0.0314086 0.99904 0.0302191 0 -0.037818 0.0290248 -0.998863 0 -0.388783 -0.483277 0.241306 1 
-0.998809 -0.0323899 0.0362379 0 -0.0312883 0.999033 0.0305624 0 -0.0371935 0.0293928 -0.998876 0 -0.387092 -0.486574 0.233985 1 
-0.998849 -0.0320074 0.0354536 0 -0.0309072 0.999027 0.0311573 0 -0.0364171 0.0300262 -0.998885 0 -0.385116 -0.489565 0.227059 1 
-0.998886 -0.0314794 0.034872 0 -0.0303828 0.999031 0.0315442 0 -0.0358319 0.0304502 -0.998894 0 -0.383015 -0.492616 0.219948 1 
-0.99893 -0.0310914 0.0339663 0 -0.0299924 0.999015 0.0323968 0 -0.0349408 0.031344 -0.998898 0 -0.380748 -0.495437 0.21311 1 
-0.998935 -0.0309886 0.0338931 0 -0.0299029 0.999028 0.0320849 0 -0.0348551 0.0310378 -0.99891 0 -0.378379 -0.498507 0.206407 1 
-0.998961 -0.0306619 0.0334341 0 -0.0295805 0.999028 0.032373 0 -0.0343949 0.031351 -0.998916 0 -0.375624 -0.501497 0.20013 1 
-0.998979 -0.0307299 0.0328136 0 -0.0296513 0.99901 0.032866 0 -0.0337917 0.0318601 -0.998921 0 -0.37258 -0.504598 0.19334 1 
-0.998987 -0.0303824 0.032917 0 -0.0293158 0.999035 0.0324143 0 -0.0338707 0.0314171 -0.998932 0 -0.369785 -0.507524 0.187952 1 
-0.99902 -0.0298177 0.0324011 0 -0.0287547 0.999039 0.0327921 0 -0.0333483 0.0318289 -0.998937 0 -0.366621 -0.510358 0.18178 1 
-0.999037 -0.0293397 0.0323393 0 -0.0282852 0.999059 0.0325945 0 -0.0332658 0.031649 -0.998945 0 -0.363188 -0.513377 0.176359 1 
-0.999076 -0.0285186 0.0318647 0 -0.0274645 0.999067 0.0330426 0 -0.0327779 0.0321375 -0.998946 0 -0.359603 -0.516216 0.171031 1 
-0.999099 -0.0281703 0.0314524 0 -0.0271187 0.999065 0.0333752 0 -0.0323638 0.0324928 -0.998948 0 -0.356057 -0.518935 0.165587 1 
-0.999091 -0.0279462 0.0318843 0 -0.0269115 0.999102 0.0324326 0 -0.0327627 0.0315457 -0.998965 0 -0.352492 -0.521886 0.160915 1 
-0.999113 -0.0277844 0.0313492 0 -0.0267473 0.999087 0.0330281 0 -0.0322389 0.0321609 -0.998963 0 -0.348517 -0.524562 0.156027 1 
-0.999132 -0.02753 0.0309562 0 -0.0264939 0.999081 0.033395 0 -0.0318478 0.0325465 -0.998963 0 -0.34438 -0.527268 0.150963 1 
-0.999155 -0.0269749 0.0307101 0 -0.0259413 0.99909 0.0335706 0 -0.0315883 0.0327462 -0.998964 0 -0.340401 -0.529835 0.14672 1 
-0.999154 -0.0272112 0.0305301 0 -0.0261808 0.999081 0.033654 0 -0.0314184 0.0328268 -0.998967 0 -0.336139 -0.532526 0.142548 1 
-0.999159 -0.0271716 0.0303917 0 -0.0261439 0.99908 0.0337155 0 -0.0312805 0.0328932 -0.998969 0 -0.331955 -0.535008 0.138346 1 
-0.999171 -0.02688 0.0302435 0 -0.0258548 0.999085 0.0337919 0 -0.0311248 0.0329826 -0.998971 0 -0.327703 -0.537424 0.13434 1 
-0.999172 -0.026881 0.0302212 0 -0.0258607 0.999089 0.0336587 0 -0.031099 0.03285 -0.998976 0 -0.323376 -0.539893 0.130792 1 
-0.999183 -0.0267152 0.0300094 0 -0.0256933 0.999084 0.0339369 0 -0.0308891 0.0331388 -0.998973 0 -0.31892 -0.542277 0.127233 1 
-0.999197 -0.0267416 0.0295233 0 -0.0257131 0.999058 0.0346828 0 -0.0304235 0.0338964 -0.998962 0 -0.314518 -0.544389 0.123647 1 
-0.999206 -0.0264156 0.0295155 0 -0.0253901 0.999069 0.0345955 0 -0.0304025 0.0338193 -0.998965 0 -0.310195 -0.546547 0.120491 1 
-0.999197 -0.0265295 0.0296998 0 -0.02551 0.99908 0.034195 0 -0.0305803 0.0334105 -0.998974 0 -0.305736 -0.548761 0.117745 1 
-0.999214 -0.0261677 0.0294665 0 -0.0251434 0.999075 0.0346125 0 -0.0303456 0.0338451 -0.998966 0 -0.301194 -0.550679 0.115117 1 
-0.999239 -0.0257513 0.0289652 0 -0.0247163 0.999053 0.0355394 0 -0.0298535 0.0347971 -0.998948 0 -0.297003 -0.552156 0.112713 1 
-0.999249 -0.025756 0.0286095 0 -0.0247151 0.999031 0.03616 0 -0.0295136 0.0354265 -0.998936 0 -0.292776 -0.553598 0.110493 1 
-0.999266 -0.025376 0.0283695 0 -0.0243294 0.999022 0.0366481 0 -0.0292723 0.0359317 -0.998925 0 -0.28846 -0.554931 0.108502 1 
-0.999281 -0.0249308 0.0282187 0 -0.0238809 0.999022 0.0369526 0 -0.029113 0.0362529 -0.998918 0 -0.284059 -0.556097 0.106715 1 
-0.999304 -0.0244845 0.02781 0 -0.0234261 0.999002 0.0377662 0 -0.0287074 0.0370892 -0.9989 0 -0.279631 -0.556909 0.105153 1 
-0.999319 -0.0240806 0.027628 0 -0.0230161 0.998995 0.0382202 0 -0.0285211 0.0375589 -0.998887 0 -0.275246 -0.557709 0.103834 1 
-0.999319 -0.0240922 0.0275895 0 -0.0230267 0.998991 0.0383077 0 -0.0284851 0.037647 -0.998885 0 -0.2709 -0.558513 0.102627 1 
-0.999321 -0.023758 0.0278056 0 -0.0226981 0.999017 0.0378302 0 -0.0286775 0.0371741 -0.998897 0 -0.266762 -0.559259 0.10147 1 
-0.999316 -0.0236504 0.0280832 0 -0.0225947 0.999038 0.0373311 0 -0.0289396 0.0366718 -0.998908 0 -0.262755 -0.559912 0.100339 1 
-0.999305 -0.0240863 0.0281163 0 -0.0230313 0.999031 0.0372584 0 -0.028987 0.0365857 -0.99891 0 -0.258523 -0.560479 0.0991393 1 
-0.999313 -0.0239224 0.027975 0 -0.0228646 0.999024 0.0375382 0 -0.0288463 0.0368735 -0.998904 0 -0.254598 -0.560824 0.0979272 1 
-0.999322 -0.023598 0.0279072 0 -0.0225364 0.999023 0.0377622 0 -0.0287716 0.0371084 -0.998897 0 -0.251097 -0.561039 0.096719 1 
-0.999317 -0.0237478 0.0279728 0 -0.0226907 0.999029 0.0375216 0 -0.0288372 0.0368619 -0.998904 0 -0.247422 -0.561245 0.0952854 1 
-0.999303 -0.0242854 0.0280245 0 -0.0232344 0.999027 0.0372388 0 -0.0289021 0.0365624 -0.998913 0 -0.244291 -0.561435 0.0939978 1 
-0.999311 -0.024058 0.0279075 0 -0.0230069 0.999026 0.0373916 0 -0.0287804 0.0367244 -0.998911 0 -0.241076 -0.561515 0.0926379 1 
-0.999321 -0.023672 0.0278845 0 -0.0226222 0.999035 0.0373804 0 -0.028743 0.0367249 -0.998912 0 -0.237902 -0.561507 0.0912207 1 
-0.999325 -0.0233536 0.0280323 0 -0.0223135 0.999062 0.0368619 0 -0.0288674 0.0362122 -0.998927 0 -0.235194 -0.561505 0.0899133 1 
-0.999327 -0.0230572 0.0281814 0 -0.0220276 0.999088 0.0363134 0 -0.0289935 0.0356688 -0.998943 0 -0.232477 -0.561423 0.0884941 1 
-0.999334 -0.0226946 0.0282251 0 -0.0216671 0.9991 0.0361889 0 -0.0290216 0.035554 -0.998946 0 -0.229823 -0.561248 0.0871023 1 
-0.999339 -0.0225537 0.0281612 0 -0.0215273 0.999102 0.0362352 0 -0.0289537 0.0356057 -0.998946 0 -0.227199 -0.561102 0.0857801 1 
-0.999339 -0.022506 0.0282 0 -0.0214885 0.999115 0.0358813 0 -0.0289832 0.0352523 -0.998958 0 -0.224528 -0.561076 0.0844926 1 
-0.999343 -0.0222503 0.0282611 0 -0.0212408 0.999133 0.0355343 0 -0.0290278 0.0349113 -0.998969 0 -0.222144 -0.561059 0.0833517 1 
-0.99935 -0.0220351 0.0281863 0 -0.0210291 0.999139 0.0355031 0 -0.0289449 0.0348879 -0.998972 0 -0.219697 -0.560972 0.0821141 1 
-0.999367 -0.0215684 0.0279604 0 -0.0205565 0.999131 0.0359884 0 -0.0287129 0.0353915 -0.998961 0 -0.217183 -0.560819 0.0807559 1 
-0.999371 -0.0214617 0.0278837 0 -0.0204508 0.999131 0.0360442 0 -0.0286336 0.035452 -0.998961 0 -0.214961 -0.560796 0.0795613 1 
-0.999366 -0.021527 0.0280231 0 -0.0205277 0.99915 0.0354701 0 -0.0287634 0.034873 -0.998978 0 -0.212776 -0.560899 0.0783839 1 
-0.999359 -0.0216194 0.0281976 0 -0.0206339 0.999172 0.0347841 0 -0.0289268 0.0341806 -0.998997 0 -0.210663 -0.561011 0.0772233 1 
-0.999346 -0.0220506 0.0283216 0 -0.0210773 0.999183 0.0342136 0 -0.0290534 0.0335949 -0.999013 0 -0.208691 -0.56111 0.0760426 1 
-0.999347 -0.0220055 0.0283357 0 -0.0210351 0.999187 0.034103 0 -0.0290637 0.0334853 -0.999017 0 -0.206871 -0.561174 0.0748518 1 
-0.999343 -0.0220877 0.028401 0 -0.021115 0.999185 0.0341068 0 -0.0291317 0.0334853 -0.999015 0 -0.205318 -0.561228 0.0736621 1 
-0.99934 -0.0222315 0.0284072 0 -0.0212589 0.999183 0.0340924 0 -0.0291425 0.0334666 -0.999015 0 -0.203971 -0.561326 0.0724314 1 
-0.999328 -0.022422 0.0286777 0 -0.021461 0.999202 0.0333893 0 -0.029404 0.032752 -0.999031 0 -0.203055 -0.561623 0.0713172 1 
-0.999317 -0.0226468 0.028859 0 -0.0216955 0.999215 0.0328599 0 -0.0295811 0.032212 -0.999043 0 -0.202497 -0.561877 0.0702216 1 
-0.999305 -0.0228578 0.0291032 0 -0.0219251 0.999239 0.0319748 0 -0.0298124 0.0313152 -0.999065 0 -0.202217 -0.562173 0.0690509 1 
-0.999298 -0.023012 0.0292451 0 -0.0220901 0.999251 0.0314661 0 -0.0299479 0.0307985 -0.999077 0 -0.20217 -0.562396 0.0677729 1 
-0.999299 -0.0230138 0.0292113 0 -0.0220903 0.999248 0.0315527 0 -0.029916 0.0308859 -0.999075 0 -0.202274 -0.562495 0.066323 1 
-0.999303 -0.0228438 0.0291997 0 -0.0219187 0.99925 0.0316197 0 -0.0299007 0.0309582 -0.999073 0 -0.202501 -0.562572 0.0646817 1 
-0.99931 -0.0225969 0.0291522 0 -0.0216718 0.999254 0.0316664 0 -0.0298466 0.0310134 -0.999073 0 -0.202763 -0.562645 0.0629526 1 
-0.999309 -0.0223959 0.0293329 0 -0.0214841 0.999278 0.031039 0 -0.0300074 0.030388 -0.999088 0 -0.203062 -0.562866 0.0613038 1 
-0.999301 -0.0223095 0.02968 0 -0.0214191 0.999311 0.029988 0 -0.0303292 0.0293319 -0.999109 0 -0.203342 -0.563189 0.059743 1 
-0.999292 -0.0222825 0.0299963 0 -0.021411 0.999338 0.0290676 0 -0.0306247 0.0284053 -0.999127 0 -0.20359 -0.563515 0.0582153 1 
-0.999289 -0.0223205 0.0300633 0 -0.0214505 0.999341 0.0289567 0 -0.0306904 0.0282918 -0.999128 0 -0.203778 -0.563725 0.0565468 1 
-0.999293 -0.0223456 0.0299241 0 -0.0214677 0.999329 0.0293432 0 -0.0305603 0.0286805 -0.999121 0 -0.203905 -0.563853 0.0548409 1 
-0.999295 -0.0224912 0.0297369 0 -0.0216064 0.999314 0.029748 0 -0.0303862 0.0290851 -0.999115 0 -0.203928 -0.564011 0.0531238 1 
-0.999294 -0.0227173 0.0296147 0 -0.0218303 0.999304 0.0299407 0 -0.0302748 0.0292736 -0.999113 0 -0.203906 -0.564279 0.0517478 1 
-0.999287 -0.0230242 0.0295899 0 -0.0221393 0.999298 0.0298918 0 -0.030258 0.029216 -0.999115 0 -0.203886 -0.56477 0.050342 1 
-0.99928 -0.0231957 0.0297183 0 -0.0223194 0.999306 0.0294867 0 -0.0303822 0.0288027 -0.999123 0 -0.203895 -0.565379 0.0492927 1 
-0.999274 -0.0233951 0.0297625 0 -0.0225213 0.999305 0.0293622 0 -0.0304294 0.0286711 -0.999126 0 -0.203898 -0.5659 0.0484878 1 
-0.999275 -0.0234376 0.0296867 0 -0.0225584 0.999297 0.0296131 0 -0.0303604 0.0289225 -0.99912 0 -0.203864 -0.566447 0.0475727 1 
-0.999279 -0.023378 0.0296042 0 -0.0224927 0.99929 0.0298927 0 -0.0302826 0.0292058 -0.999115 0 -0.203804 -0.566902 0.0467918 1 
-0.99928 -0.0233944 0.0295287 0 -0.0225026 0.999282 0.0301785 0 -0.0302141 0.0294929 -0.999108 0 -0.203705 -0.567306 0.0460881 1 
-0.999282 -0.023415 0.0294495 0 -0.0225168 0.999272 0.0304697 0 -0.0301421 0.0297853 -0.999102 0 -0.203553 -0.567742 0.0453464 1 
-0.999285 -0.0233318 0.0294302 0 -0.0224297 0.99927 0.0306161 0 -0.0301236 0.0299346 -0.999098 0 -0.203414 -0.568117 0.0447884 1 
-0.999286 -0.0232606 0.0294468 0 -0.0223573 0.999271 0.0306404 0 -0.0301386 0.0299608 -0.999097 0 -0.20327 -0.56852 0.0443282 1 
-0.999289 -0.023101 0.0294739 0 -0.0221965 0.999274 0.0306561 0 -0.0301613 0.0299807 -0.999095 0 -0.203093 -0.56885 0.0439936 1 
-0.999288 -0.0230543 0.0295536 0 -0.0221506 0.999278 0.0305481 0 -0.0302371 0.0298723 -0.999096 0 -0.20297 -0.569125 0.0438416 1 
-0.999284 -0.023052 0.0296744 0 -0.0221529 0.999286 0.0302801 0 -0.0303518 0.0296016 -0.999101 0 -0.202961 -0.569352 0.0438621 1 
-0.999281 -0.0230252 0.0298071 0 -0.0221325 0.999297 0.0299388 0 -0.0304761 0.0292581 -0.999107 0 -0.203026 -0.569525 0.0439858 1 
-0.999277 -0.0229164 0.0300091 0 -0.0220295 0.999311 0.0295591 0 -0.0306664 0.0288772 -0.999112 0 -0.20317 -0.569688 0.044149 1 
-0.999277 -0.022691 0.0301928 0 -0.0218108 0.999327 0.0291688 0 -0.0308349 0.0284897 -0.999118 0 -0.20338 -0.569846 0.0442972 1 
-0.999281 -0.022361 0.0303081 0 -0.0214856 0.999342 0.0289057 0 -0.0309351 0.0282343 -0.999123 0 -0.203625 -0.56991 0.0443988 1 
-0.999284 -0.0220596 0.0304173 0 -0.0211851 0.999352 0.028778 0 -0.031033 0.0281136 -0.999123 0 -0.203873 -0.569906 0.0444536 1 
-0.999288 -0.021744 0.0305187 0 -0.0208667 0.999358 0.0287756 0 -0.0311254 0.0281189 -0.99912 0 -0.204152 -0.569833 0.0444601 1 
-0.999292 -0.0214539 0.0305936 0 -0.0205708 0.999361 0.0288906 0 -0.0311944 0.0282414 -0.999114 0 -0.204424 -0.569712 0.0444134 1 
-0.999294 -0.0212494 0.030659 0 -0.0203589 0.99936 0.0290723 0 -0.0312578 0.0284282 -0.999107 0 -0.204653 -0.569586 0.0443244 1 
-0.999298 -0.0210868 0.030665 0 -0.0201865 0.999355 0.0293781 0 -0.0312654 0.028739 -0.999098 0 -0.204828 -0.569437 0.0441535 1 
-0.999303 -0.0209458 0.0305888 0 -0.0200354 0.999346 0.0297738 0 -0.0311931 0.0291407 -0.999088 0 -0.204943 -0.569275 0.0439114 1 
-0.999311 -0.0208175 0.0304257 0 -0.0198952 0.999333 0.030306 0 -0.0310369 0.0296804 -0.999077 0 -0.204997 -0.569084 0.043578 1 
-0.999318 -0.0207636 0.0302033 0 -0.0198285 0.999315 0.0309381 0 -0.0308256 0.0303187 -0.999065 0 -0.204982 -0.568886 0.0431599 1 
-0.999323 -0.0208112 0.0300036 0 -0.0198645 0.999296 0.0315118 0 -0.0306389 0.0308951 -0.999053 0 -0.20493 -0.568732 0.0426511 1 
-0.999326 -0.0209052 0.0298642 0 -0.0199522 0.999284 0.0318588 0 -0.0305094 0.0312421 -0.999046 0 -0.204871 -0.568667 0.0421399 1 
-0.999328 -0.0209678 0.029754 0 -0.0200105 0.999274 0.0321133 0 -0.0304063 0.0314969 -0.999041 0 -0.204833 -0.568633 0.0415911 1 
-0.999328 -0.0210139 0.0297168 0 -0.0200559 0.999271 0.032177 0 -0.0303719 0.03156 -0.99904 0 -0.20484 -0.56868 0.0410646 1 
-0.999327 -0.021034 0.0297153 0 -0.0200763 0.999271 0.0321661 0 -0.0303708 0.0315485 -0.999041 0 -0.204891 -0.568817 0.0405691 1 
-0.999327 -0.0210406 0.0297323 0 -0.0200833 0.999272 0.0321357 0 -0.0303873 0.0315176 -0.999041 0 -0.204966 -0.569012 0.0401028 1 
-0.999326 -0.0210552 0.0297599 0 -0.0200992 0.999274 0.032067 0 -0.0304141 0.0314478 -0.999043 0 -0.205058 -0.569262 0.0396404 1 
-0.999323 -0.0210838 0.0298139 0 -0.02013 0.999277 0.0319383 0 -0.0304663 0.0313172 -0.999045 0 -0.205157 -0.569566 0.0391984 1 
-0.999322 -0.0211006 0.0298549 0 -0.0201479 0.99928 0.0318607 0 -0.0305062 0.0312382 -0.999046 0 -0.205256 -0.569861 0.0388138 1 
-0.999321 -0.0211482 0.0298512 0 -0.0201946 0.999278 0.0318922 0 -0.0305046 0.0312683 -0.999045 0 -0.205326 -0.570124 0.0384312 1 
-0.999319 -0.0212532 0.0298314 0 -0.0202983 0.999274 0.0319538 0 -0.0304895 0.0313271 -0.999044 0 -0.205349 -0.570377 0.038056 1 
-0.999316 -0.021398 0.0298273 0 -0.0204421 0.999269 0.0319928 0 -0.0304907 0.0313618 -0.999043 0 -0.205353 -0.570637 0.0377116 1 
-0.999313 -0.0215226 0.0298349 0 -0.0205659 0.999266 0.0320105 0 -0.0305025 0.0313756 -0.999042 0 -0.205363 -0.570871 0.0374146 1 
-0.999311 -0.0216306 0.0298412 0 -0.0206736 0.999264 0.032015 0 -0.0305123 0.0313766 -0.999042 0 -0.205371 -0.571088 0.0371547 1 
-0.99931 -0.021685 0.0298353 0 -0.0207271 0.999262 0.0320497 0 -0.0305089 0.0314098 -0.999041 0 -0.205381 -0.571231 0.0369471 1 
-0.99931 -0.0216755 0.0298429 0 -0.020717 0.999262 0.0320602 0 -0.0305164 0.0314204 -0.99904 0 -0.205431 -0.571338 0.0367932 1 
-0.999311 -0.0216425 0.0298387 0 -0.0206825 0.99926 0.032117 0 -0.0305123 0.0314783 -0.999039 0 -0.20548 -0.571399 0.0366459 1 
-0.999313 -0.0215979 0.0297853 0 -0.0206345 0.999256 0.0322815 0 -0.030461 0.0316453 -0.999035 0 -0.205504 -0.571384 0.0364845 1 
-0.999317 -0.0215819 0.0296896 0 -0.0206132 0.999248 0.0325527 0 -0.0303704 0.031919 -0.999029 0 -0.205492 -0.5713 0.0363066 1 
-0.99932 -0.0215712 0.0295949 0 -0.0205976 0.999239 0.0328171 0 -0.0302809 0.0321858 -0.999023 0 -0.205476 -0.57122 0.0361272 1 
-0.999323 -0.0215593 0.0294903 0 -0.0205803 0.99923 0.0331069 0 -0.0301819 0.0324782 -0.999017 0 -0.205453 -0.571131 0.0359396 1 
-0.999326 -0.0215574 0.0293877 0 -0.0205733 0.999221 0.0333885 0 -0.0300852 0.032762 -0.99901 0 -0.205426 -0.571047 0.0357528 1 
-0.999329 -0.0215328 0.0292985 0 -0.0205438 0.999213 0.0336488 0 -0.0300006 0.033025 -0.999004 0 -0.205412 -0.570962 0.0355699 1 
-0.999332 -0.021503 0.0292196 0 -0.0205103 0.999206 0.0338598 0 -0.029925 0.0332385 -0.998999 0 -0.205411 -0.570888 0.035398 1 
-0.999335 -0.0214911 0.0291331 0 -0.0204944 0.999199 0.0340896 0 -0.029843 0.0334705 -0.998994 0 -0.205397 -0.570811 0.0352312 1 
-0.999336 -0.0214946 0.0290769 0 -0.0204952 0.999194 0.0342431 0 -0.0297901 0.0336251 -0.99899 0 -0.205377 -0.57076 0.0350894 1 
-0.999337 -0.0214768 0.0290545 0 -0.0204764 0.999192 0.0343021 0 -0.0297683 0.0336851 -0.998989 0 -0.205379 -0.570726 0.0349645 1 
-0.999339 -0.0214537 0.0290213 0 -0.020452 0.99919 0.0343824 0 -0.029736 0.0337668 -0.998987 0 -0.20538 -0.570683 0.034836 1 
-0.99934 -0.021445 0.0289846 0 -0.0204417 0.999187 0.0344761 0 -0.0297009 0.0338615 -0.998985 0 -0.205374 -0.570641 0.0347119 1 
-0.999342 -0.0214275 0.0289385 0 -0.0204217 0.999182 0.0346181 0 -0.0296572 0.034005 -0.998982 0 -0.205376 -0.570588 0.0345787 1 
-0.999345 -0.0213561 0.0288987 0 -0.0203477 0.999179 0.0347493 0 -0.0296177 0.0341392 -0.998978 0 -0.205409 -0.570521 0.0344355 1 
-0.999348 -0.0213145 0.0288086 0 -0.0203023 0.999172 0.0349829 0 -0.0295309 0.0343758 -0.998973 0 -0.205409 -0.570432 0.0342299 1 
-0.999351 -0.0213053 0.0287256 0 -0.0202892 0.999164 0.0352129 0 -0.0294523 0.0346079 -0.998967 0 -0.205395 -0.570343 0.0339844 1 
-0.999353 -0.0212495 0.0286987 0 -0.0202324 0.999163 0.0352754 0 -0.0294248 0.0346726 -0.998965 0 -0.20542 -0.570265 0.033679 1 
-0.999352 -0.0212101 0.028742 0 -0.0201984 0.999172 0.0350434 0 -0.029462 0.0344408 -0.998972 0 -0.205444 -0.570245 0.0333264 1 
-0.99935 -0.0212366 0.0287967 0 -0.0202303 0.99918 0.0347969 0 -0.0295127 0.0341924 -0.998979 0 -0.205437 -0.570219 0.0328614 1 
-0.99935 -0.0212058 0.0288106 0 -0.0202023 0.999184 0.0346846 0 -0.0295231 0.0340807 -0.998983 0 -0.205451 -0.570142 0.0323253 1 
-0.999355 -0.0211018 0.0287352 0 -0.0200968 0.999182 0.0348254 0 -0.0294472 0.0342261 -0.99898 0 -0.205493 -0.569989 0.0317403 1 
-0.999361 -0.0210057 0.0285857 0 -0.019996 0.999172 0.0351613 0 -0.0293012 0.0345679 -0.998973 0 -0.205513 -0.569772 0.0310121 1 
-0.999365 -0.0209448 0.0284856 0 -0.0199332 0.999167 0.0353436 0 -0.0292027 0.034754 -0.998969 0 -0.205517 -0.569595 0.03028 1 
-0.999366 -0.0208793 0.0285143 0 -0.0198737 0.999176 0.0351072 0 -0.0292244 0.0345189 -0.998977 0 -0.20555 -0.569512 0.029616 1 
-0.999365 -0.0208192 0.0285694 0 -0.0198211 0.999189 0.0347839 0 -0.029271 0.0341962 -0.998986 0 -0.20559 -0.569443 0.028917 1 
-0.999363 -0.0208486 0.0286444 0 -0.0198583 0.9992 0.034431 0 -0.0293399 0.0338409 -0.998996 0 -0.2056 -0.569404 0.0282104 1 
-0.999355 -0.0209101 0.0288662 0 -0.0199361 0.999226 0.0336246 0 -0.0295475 0.033028 -0.999018 0 -0.205612 -0.569493 0.0275818 1 
-0.999347 -0.0209919 0.0290937 0 -0.0200338 0.99925 0.0328397 0 -0.0297619 0.032236 -0.999037 0 -0.20562 -0.569554 0.0269768 1 
-0.999343 -0.0210603 0.029183 0 -0.0201092 0.999259 0.0325103 0 -0.0298466 0.0319027 -0.999045 0 -0.205612 -0.56951 0.0263404 1 
-0.999339 -0.0210755 0.0292785 0 -0.0201322 0.999271 0.0321449 0 -0.0299352 0.0315348 -0.999054 0 -0.205627 -0.569473 0.0257354 1 
-0.999335 -0.0210881 0.0294161 0 -0.0201565 0.999287 0.0316159 0 -0.0300624 0.0310025 -0.999067 0 -0.205649 -0.569477 0.0251793 1 
-0.999332 -0.0211253 0.0295093 0 -0.0202028 0.999299 0.031217 0 -0.0301487 0.0306006 -0.999077 0 -0.205642 -0.569458 0.0246145 1 
-0.999331 -0.0211436 0.0295269 0 -0.0202251 0.999303 0.0310664 0 -0.0301638 0.030449 -0.999081 0 -0.205632 -0.569383 0.02403 1 
-0.999329 -0.0211803 0.0295524 0 -0.020266 0.999307 0.0309025 0 -0.0301871 0.0302835 -0.999085 0 -0.205623 -0.569333 0.023486 1 
-0.999327 -0.0212186 0.029584 0 -0.0203082 0.999311 0.030744 0 -0.0302166 0.0301231 -0.999089 0 -0.20562 -0.569309 0.0229265 1 
-0.999327 -0.0212345 0.0295818 0 -0.020327 0.999314 0.0306475 0 -0.0302129 0.0300261 -0.999092 0 -0.205619 -0.569289 0.0223391 1 
-0.999327 -0.0212673 0.0295688 0 -0.0203609 0.999314 0.0306244 0 -0.0302004 0.0300023 -0.999093 0 -0.205621 -0.569253 0.0217285 1 
-0.999325 -0.0213572 0.0295666 0 -0.0204501 0.999311 0.0306504 0 -0.0302014 0.0300256 -0.999093 0 -0.205617 -0.56923 0.0211235 1 
