-0.999868 0.0134305 -0.0080757 0 0.0134153 0.999898 0.00194184 0 0.00810112 0.00183328 -0.999966 0 -0.16235 -0.32877 0.460787 1 
-0.999867 0.0134384 -0.00807914 0 0.0134231 0.999898 0.0019418 0 0.00810457 0.00183313 -0.999965 0 -0.162351 -0.32877 0.460787 1 
-0.999867 0.0134343 -0.00807879 0 0.013419 0.999898 0.00194762 0 0.00810429 0.00183899 -0.999965 0 -0.162348 -0.32877 0.460785 1 
-0.999867 0.0134348 -0.00807744 0 0.0134195 0.999898 0.00194299 0 0.00810288 0.00183438 -0.999965 0 -0.16235 -0.32877 0.460786 1 
-0.999867 0.0134435 -0.00807892 0 0.0134282 0.999898 0.00194551 0 0.00810441 0.0018368 -0.999965 0 -0.162351 -0.328769 0.460785 1 
-0.999867 0.0134394 -0.00807697 0 0.0134241 0.999898 0.0019431 0 0.00810242 0.00183445 -0.999965 0 -0.162351 -0.328769 0.460786 1 
-0.999867 0.0134391 -0.00808059 0 0.0134238 0.999898 0.0019475 0 0.00810609 0.0018388 -0.999965 0 -0.162352 -0.328769 0.460784 1 
-0.999868 0.0134345 -0.00807422 0 0.0134192 0.999898 0.00194556 0 0.0080997 0.00183699 -0.999966 0 -0.162349 -0.32877 0.460786 1 
-0.999867 0.0134365 -0.0080772 0 0.0134212 0.999898 0.00194391 0 0.00810266 0.00183528 -0.999965 0 -0.162349 -0.328771 0.460786 1 
-0.999867 0.0134379 -0.00807904 0 0.0134226 0.999898 0.00194593 0 0.00810453 0.00183727 -0.999965 0 -0.16235 -0.32877 0.460785 1 
-0.999867 0.0134419 -0.00808102 0 0.0134266 0.999898 0.00194763 0 0.00810653 0.00183891 -0.999965 0 -0.162352 -0.328769 0.460784 1 
-0.999867 0.0134379 -0.00807653 0 0.0134226 0.999898 0.00194075 0 0.00810195 0.00183212 -0.999966 0 -0.16235 -0.328769 0.460787 1 
-0.999867 0.013436 -0.00807794 0 0.0134207 0.999898 0.00194464 0 0.0081034 0.001836 -0.999965 0 -0.162349 -0.32877 0.460785 1 
-0.999867 0.0134394 -0.00807986 0 0.0134241 0.999898 0.00194292 0 0.00810531 0.00183423 -0.999965 0 -0.162351 -0.32877 0.460786 1 
-0.999868 0.0134334 -0.00807466 0 0.0134182 0.999898 0.00194326 0 0.00810011 0.00183469 -0.999966 0 -0.162349 -0.32877 0.460787 1 
-0.999867 0.0134377 -0.00807917 0 0.0134224 0.999898 0.00194665 0 0.00810466 0.00183799 -0.999965 0 -0.162351 -0.328769 0.460784 1 
-0.999868 0.0134334 -0.00807875 0 0.013418 0.999898 0.00194705 0 0.00810424 0.00183843 -0.999965 0 -0.16235 -0.32877 0.460785 1 
-0.999867 0.0134391 -0.00807681 0 0.0134238 0.999898 0.00194113 0 0.00810223 0.00183248 -0.999965 0 -0.162351 -0.328769 0.460787 1 
-0.999867 0.0134429 -0.00808247 0 0.0134276 0.999898 0.00194623 0 0.00810796 0.00183748 -0.999965 0 -0.162351 -0.328769 0.460784 1 
-0.999868 0.0134315 -0.00807877 0 0.0134161 0.999898 0.00194927 0 0.00810428 0.00184066 -0.999965 0 -0.16235 -0.328771 0.460784 1 
-0.999868 0.0134341 -0.00807631 0 0.0134188 0.999898 0.00194432 0 0.00810176 0.00183573 -0.999965 0 -0.162349 -0.32877 0.460786 1 
-0.999867 0.0134347 -0.00807731 0 0.0134193 0.999898 0.0019465 0 0.00810279 0.00183789 -0.999965 0 -0.162349 -0.32877 0.460785 1 
-0.999868 0.0134327 -0.00807696 0 0.0134174 0.999898 0.00194337 0 0.0081024 0.00183478 -0.999965 0 -0.162349 -0.32877 0.460786 1 
-0.999867 0.0134418 -0.0080821 0 0.0134265 0.999898 0.00194899 0 0.00810764 0.00184026 -0.999965 0 -0.162351 -0.328769 0.460783 1 
-0.999867 0.013439 -0.00807917 0 0.0134237 0.999898 0.00194586 0 0.00810465 0.00183718 -0.999965 0 -0.16235 -0.32877 0.460785 1 
-0.999868 0.0134329 -0.00807735 0 0.0134176 0.999898 0.00194445 0 0.00810281 0.00183585 -0.999965 0 -0.162349 -0.32877 0.460786 1 
-0.999868 0.0134322 -0.00807682 0 0.0134169 0.999898 0.0019448 0 0.00810228 0.00183621 -0.999965 0 -0.16235 -0.32877 0.460786 1 
-0.999867 0.0134346 -0.00807756 0 0.0134193 0.999898 0.00194628 0 0.00810304 0.00183766 -0.999965 0 -0.162349 -0.328771 0.460785 1 
-0.999867 0.0134369 -0.00807872 0 0.0134216 0.999898 0.00194579 0 0.0081042 0.00183714 -0.999965 0 -0.162351 -0.328769 0.460785 1 
-0.999868 0.0134293 -0.00807393 0 0.0134141 0.999899 0.00194462 0 0.00809938 0.00183609 -0.999966 0 -0.162349 -0.328771 0.460786 1 
-0.999867 0.0134411 -0.00807922 0 0.0134258 0.999898 0.0019437 0 0.00810468 0.00183501 -0.999965 0 -0.162351 -0.328769 0.460785 1 
-0.999867 0.0134354 -0.00807928 0 0.0134201 0.999898 0.00194366 0 0.00810473 0.00183502 -0.999965 0 -0.162351 -0.328769 0.460786 1 
-0.999867 0.0134383 -0.00807712 0 0.013423 0.999898 0.00194212 0 0.00810255 0.00183348 -0.999965 0 -0.162352 -0.328769 0.460787 1 
-0.999867 0.0134377 -0.00807951 0 0.0134224 0.999898 0.00194257 0 0.00810495 0.0018339 -0.999965 0 -0.162351 -0.32877 0.460786 1 
-0.999868 0.0134309 -0.00808017 0 0.0134156 0.999898 0.00194786 0 0.00810567 0.00183923 -0.999965 0 -0.16235 -0.32877 0.460785 1 
-0.999868 0.0134351 -0.0080756 0 0.0134199 0.999898 0.00194248 0 0.00810103 0.00183389 -0.999966 0 -0.16235 -0.32877 0.460787 1 
-0.999868 0.0134308 -0.00807664 0 0.0134155 0.999898 0.00194439 0 0.00810209 0.00183582 -0.999965 0 -0.16235 -0.32877 0.460786 1 
-0.999867 0.0134351 -0.0080785 0 0.0134198 0.999898 0.0019408 0 0.00810391 0.00183217 -0.999965 0 -0.16235 -0.328769 0.460787 1 
-0.999867 0.0134382 -0.00807918 0 0.013423 0.999898 0.0019438 0 0.00810464 0.00183513 -0.999965 0 -0.162351 -0.328769 0.460786 1 
-0.999867 0.0134383 -0.00807781 0 0.013423 0.999898 0.00194715 0 0.00810331 0.0018385 -0.999965 0 -0.16235 -0.32877 0.460785 1 
-0.999867 0.0134442 -0.00807946 0 0.0134289 0.999898 0.00194656 0 0.00810497 0.00183784 -0.999965 0 -0.162352 -0.328769 0.460785 1 
-0.999867 0.0134361 -0.0080771 0 0.0134208 0.999898 0.0019429 0 0.00810254 0.00183427 -0.999965 0 -0.16235 -0.32877 0.460786 1 
-0.999867 0.0134383 -0.00807964 0 0.0134229 0.999898 0.00194864 0 0.00810516 0.00183997 -0.999965 0 -0.162351 -0.328769 0.460784 1 
-0.999867 0.0134361 -0.00807967 0 0.0134208 0.999898 0.00194384 0 0.00810512 0.00183518 -0.999965 0 -0.16235 -0.32877 0.460786 1 
-0.999867 0.0134386 -0.00807852 0 0.0134233 0.999898 0.00194406 0 0.00810398 0.00183539 -0.999965 0 -0.16235 -0.32877 0.460786 1 
-0.999867 0.0134393 -0.00807724 0 0.013424 0.999898 0.00194452 0 0.0081027 0.00183587 -0.999965 0 -0.16235 -0.32877 0.460786 1 
-0.999867 0.0134382 -0.0080794 0 0.0134229 0.999898 0.00194498 0 0.00810487 0.00183631 -0.999965 0 -0.162351 -0.328769 0.460785 1 
-0.999867 0.0134374 -0.00807785 0 0.0134222 0.999898 0.0019433 0 0.0081033 0.00183465 -0.999965 0 -0.16235 -0.328769 0.460786 1 
-0.999867 0.0134405 -0.00807812 0 0.0134252 0.999898 0.00194612 0 0.00810361 0.00183745 -0.999965 0 -0.162351 -0.328769 0.460785 1 
-0.999867 0.0134411 -0.00808092 0 0.0134258 0.999898 0.00194771 0 0.00810644 0.00183899 -0.999965 0 -0.162351 -0.328769 0.460784 1 
-0.999868 0.0134336 -0.00807654 0 0.0134183 0.999898 0.0019442 0 0.008102 0.00183561 -0.999965 0 -0.162349 -0.328771 0.460786 1 
-0.999867 0.0134374 -0.00807811 0 0.0134221 0.999898 0.00194506 0 0.00810358 0.00183642 -0.999965 0 -0.16235 -0.32877 0.460785 1 
-0.999868 0.0134331 -0.00807603 0 0.0134178 0.999898 0.00193921 0 0.00810141 0.00183062 -0.999966 0 -0.16235 -0.32877 0.460788 1 
-0.999867 0.0134354 -0.00807767 0 0.0134201 0.999898 0.00194415 0 0.00810312 0.00183552 -0.999965 0 -0.16235 -0.328769 0.460786 1 
-0.999893 0.0120745 0.00700887 0 0.0118927 0.999596 -0.0254341 0 -0.00731329 -0.0253485 -0.999652 0 -0.21522 -0.307651 0.508515 1 
-0.999893 0.0120826 0.00700347 0 0.0119009 0.999596 -0.0254293 0 -0.00730804 -0.0253437 -0.999652 0 -0.215222 -0.307648 0.508512 1 
-0.999893 0.0120788 0.00700762 0 0.0118969 0.999596 -0.0254345 0 -0.00731215 -0.0253489 -0.999652 0 -0.215219 -0.307651 0.508514 1 
-0.999893 0.0120714 0.00700579 0 0.0118897 0.999596 -0.0254275 0 -0.00731005 -0.025342 -0.999652 0 -0.215218 -0.307651 0.508512 1 
-0.999893 0.0120866 0.00700356 0 0.0119049 0.999596 -0.0254324 0 -0.00730826 -0.0253468 -0.999652 0 -0.215221 -0.307649 0.508513 1 
-0.999893 0.0120798 0.00700863 0 0.0118979 0.999596 -0.0254334 0 -0.00731317 -0.0253477 -0.999652 0 -0.215222 -0.307649 0.508515 1 
-0.999893 0.0120827 0.00700468 0 0.0119009 0.999596 -0.0254295 0 -0.00730925 -0.0253439 -0.999652 0 -0.215219 -0.30765 0.508513 1 
-0.999893 0.0120763 0.00700426 0 0.0118945 0.999596 -0.025431 0 -0.00730868 -0.0253454 -0.999652 0 -0.215219 -0.30765 0.508513 1 
-0.999893 0.0120737 0.00700884 0 0.0118918 0.999596 -0.02543 0 -0.00731319 -0.0253444 -0.999652 0 -0.215218 -0.307652 0.508514 1 
-0.999893 0.0120758 0.00700427 0 0.0118941 0.999596 -0.0254299 0 -0.00730867 -0.0253444 -0.999652 0 -0.215217 -0.307651 0.508513 1 
-0.999893 0.0120764 0.00700586 0 0.0118947 0.999596 -0.0254265 0 -0.00731023 -0.0253409 -0.999652 0 -0.215219 -0.30765 0.508512 1 
-0.999893 0.0120763 0.0070066 0 0.0118945 0.999596 -0.0254329 0 -0.00731105 -0.0253473 -0.999652 0 -0.215219 -0.307651 0.508513 1 
-0.999893 0.0120751 0.00700613 0 0.0118933 0.999596 -0.0254343 0 -0.00731056 -0.0253487 -0.999652 0 -0.215218 -0.30765 0.508514 1 
-0.999893 0.0120749 0.0070115 0 0.011893 0.999596 -0.0254313 0 -0.00731589 -0.0253457 -0.999652 0 -0.215219 -0.30765 0.508515 1 
-0.999893 0.0120888 0.00700285 0 0.011907 0.999596 -0.0254356 0 -0.00730765 -0.02535 -0.999652 0 -0.215224 -0.307647 0.508514 1 
-0.999893 0.01209 0.00700662 0 0.0119081 0.999596 -0.0254391 0 -0.00731149 -0.0253534 -0.999652 0 -0.215224 -0.307647 0.508516 1 
-0.999893 0.012079 0.0070056 0 0.0118972 0.999596 -0.0254302 0 -0.00731008 -0.0253447 -0.999652 0 -0.215221 -0.307649 0.508513 1 
-0.999893 0.0120838 0.00701027 0 0.0119019 0.999596 -0.0254362 0 -0.00731495 -0.0253506 -0.999652 0 -0.215221 -0.307649 0.508516 1 
-0.999893 0.0120882 0.00700797 0 0.0119064 0.999596 -0.0254364 0 -0.00731276 -0.0253507 -0.999652 0 -0.215223 -0.307647 0.508515 1 
-0.999893 0.0120828 0.00700543 0 0.011901 0.999596 -0.0254348 0 -0.00731006 -0.0253492 -0.999652 0 -0.215221 -0.307649 0.508514 1 
-0.999893 0.0120799 0.00700882 0 0.011898 0.999596 -0.0254333 0 -0.00731336 -0.0253476 -0.999652 0 -0.21522 -0.307649 0.508514 1 
-0.999893 0.0120834 0.00700909 0 0.0119015 0.999596 -0.0254386 0 -0.00731379 -0.025353 -0.999652 0 -0.21522 -0.30765 0.508516 1 
-0.999893 0.0120803 0.00700898 0 0.0118984 0.999596 -0.0254335 0 -0.00731354 -0.0253479 -0.999652 0 -0.215221 -0.307649 0.508514 1 
-0.999893 0.0120721 0.0070114 0 0.0118901 0.999596 -0.0254395 0 -0.00731582 -0.0253539 -0.999652 0 -0.215217 -0.307652 0.508517 1 
-0.999893 0.0120707 0.00700835 0 0.0118888 0.999596 -0.0254348 0 -0.00731268 -0.0253493 -0.999652 0 -0.215218 -0.307652 0.508514 1 
-0.999893 0.0120792 0.00701558 0 0.0118971 0.999596 -0.0254398 0 -0.00732018 -0.0253541 -0.999652 0 -0.21522 -0.307651 0.508516 1 
-0.999893 0.0120808 0.00701006 0 0.0118989 0.999596 -0.0254383 0 -0.00731469 -0.0253526 -0.999652 0 -0.215222 -0.30765 0.508516 1 
-0.999893 0.0120719 0.00701116 0 0.01189 0.999596 -0.0254333 0 -0.00731549 -0.0253477 -0.999652 0 -0.215218 -0.307653 0.508514 1 
-0.999893 0.0120741 0.00701493 0 0.0118921 0.999596 -0.0254426 0 -0.00731943 -0.025357 -0.999652 0 -0.215218 -0.307652 0.508517 1 
-0.999893 0.0120818 0.00701686 0 0.0118996 0.999596 -0.0254445 0 -0.00732158 -0.0253588 -0.999652 0 -0.215222 -0.30765 0.508518 1 
-0.999893 0.0120852 0.00701158 0 0.0119032 0.999596 -0.0254411 0 -0.00731634 -0.0253554 -0.999652 0 -0.215223 -0.307649 0.508516 1 
-0.999893 0.0120817 0.00701269 0 0.0118997 0.999596 -0.0254393 0 -0.00731735 -0.0253537 -0.999652 0 -0.215223 -0.30765 0.508516 1 
-0.999893 0.0120905 0.00701501 0 0.0119083 0.999596 -0.0254494 0 -0.00732 -0.0253637 -0.999651 0 -0.215225 -0.307648 0.50852 1 
-0.999893 0.0120944 0.00700925 0 0.0119125 0.999596 -0.0254444 0 -0.00731429 -0.0253587 -0.999652 0 -0.215227 -0.307646 0.508517 1 
-0.999893 0.0121048 0.00701454 0 0.0119227 0.999595 -0.0254521 0 -0.00731993 -0.0253662 -0.999651 0 -0.21523 -0.307646 0.508519 1 
-0.999892 0.0121113 0.00701501 0 0.0119291 0.999595 -0.0254597 0 -0.00732066 -0.0253737 -0.999651 0 -0.215234 -0.307642 0.508523 1 
-0.999892 0.0121219 0.00701724 0 0.0119395 0.999595 -0.0254637 0 -0.00732321 -0.0253777 -0.999651 0 -0.215236 -0.307641 0.508524 1 
-0.999892 0.0121026 0.00701881 0 0.0119203 0.999595 -0.0254621 0 -0.00732427 -0.0253762 -0.999651 0 -0.21523 -0.307645 0.508524 1 
-0.999893 0.0120902 0.00702305 0 0.0119078 0.999595 -0.0254602 0 -0.00732817 -0.0253743 -0.999651 0 -0.215228 -0.307648 0.508523 1 
-0.999892 0.0121107 0.00701594 0 0.0119284 0.999595 -0.0254631 0 -0.00732161 -0.0253771 -0.999651 0 -0.215232 -0.307644 0.508524 1 
-0.999892 0.0121121 0.00701448 0 0.0119298 0.999595 -0.025468 0 -0.00732025 -0.025382 -0.999651 0 -0.215235 -0.307642 0.508525 1 
-0.999893 0.0120845 0.00702365 0 0.011902 0.999595 -0.0254586 0 -0.0073286 -0.0253728 -0.999651 0 -0.215225 -0.307649 0.508524 1 
-0.999893 0.0120599 0.00703188 0 0.0118773 0.999596 -0.0254576 0 -0.0073362 -0.0253718 -0.999651 0 -0.215215 -0.307657 0.508525 1 
-0.999892 0.012097 0.00703562 0 0.0119142 0.999595 -0.0254798 0 -0.00734114 -0.0253937 -0.999651 0 -0.215225 -0.307646 0.508534 1 
-0.999892 0.0121019 0.00702744 0 0.0119192 0.999595 -0.0254775 0 -0.00733306 -0.0253915 -0.999651 0 -0.215228 -0.307644 0.508531 1 
-0.999893 0.0120845 0.00703456 0 0.0119017 0.999595 -0.025473 0 -0.00733968 -0.025387 -0.999651 0 -0.215226 -0.307647 0.508531 1 
-0.999893 0.0120707 0.00704557 0 0.0118876 0.999595 -0.025482 0 -0.00735044 -0.025396 -0.99965 0 -0.215215 -0.307651 0.508536 1 
-0.999892 0.0120986 0.00703286 0 0.0119158 0.999595 -0.0254791 0 -0.00733841 -0.0253931 -0.999651 0 -0.215227 -0.307643 0.508533 1 
-0.999892 0.0121167 0.00702402 0 0.0119341 0.999595 -0.0254777 0 -0.00733002 -0.0253917 -0.999651 0 -0.215232 -0.307641 0.508531 1 
-0.999892 0.0121024 0.00702819 0 0.0119198 0.999595 -0.025475 0 -0.00733379 -0.025389 -0.999651 0 -0.21523 -0.307642 0.508531 1 
-0.999892 0.0121006 0.00703374 0 0.0119178 0.999595 -0.0254715 0 -0.00733925 -0.0253854 -0.999651 0 -0.215228 -0.307644 0.508531 1 
-0.999892 0.012112 0.00702265 0 0.0119294 0.999595 -0.0254747 0 -0.00732849 -0.0253887 -0.999651 0 -0.215232 -0.30764 0.50853 1 
-0.999892 0.0121227 0.00702429 0 0.0119402 0.999595 -0.0254721 0 -0.00733038 -0.025386 -0.999651 0 -0.215235 -0.307639 0.508529 1 
-0.999892 0.0121143 0.00700992 0 0.0119322 0.999595 -0.0254593 0 -0.00731564 -0.0253734 -0.999651 0 -0.215233 -0.30764 0.508523 1 
-0.999892 0.0121123 0.00701609 0 0.01193 0.999595 -0.0254609 0 -0.00732178 -0.0253749 -0.999651 0 -0.215234 -0.307639 0.508525 1 
-0.999892 0.0121281 0.00701147 0 0.0119459 0.999595 -0.0254674 0 -0.00731764 -0.0253814 -0.999651 0 -0.215237 -0.307636 0.508526 1 
-0.999892 0.0121254 0.00701246 0 0.0119433 0.999595 -0.025459 0 -0.00731846 -0.025373 -0.999651 0 -0.215237 -0.307636 0.508524 1 
-0.999892 0.0121193 0.00701282 0 0.0119372 0.999595 -0.0254573 0 -0.00731865 -0.0253713 -0.999651 0 -0.215235 -0.30764 0.508524 1 
-0.999892 0.0121301 0.00701158 0 0.0119479 0.999595 -0.0254582 0 -0.00731769 -0.0253722 -0.999651 0 -0.21524 -0.307637 0.508523 1 
-0.999892 0.012147 0.00701041 0 0.0119648 0.999594 -0.0254667 0 -0.00731705 -0.0253805 -0.999651 0 -0.215247 -0.307634 0.508524 1 
-0.999892 0.0121335 0.00700879 0 0.0119514 0.999595 -0.0254613 0 -0.00731502 -0.0253753 -0.999651 0 -0.215241 -0.307638 0.508523 1 
-0.999892 0.0121269 0.00701147 0 0.0119447 0.999595 -0.025459 0 -0.00731751 -0.025373 -0.999651 0 -0.215239 -0.307641 0.508522 1 
-0.999892 0.012143 0.00700359 0 0.0119611 0.999595 -0.0254551 0 -0.00731 -0.0253691 -0.999651 0 -0.215243 -0.307636 0.508521 1 
-0.999892 0.0121407 0.00700152 0 0.0119589 0.999595 -0.0254554 0 -0.00730787 -0.0253694 -0.999651 0 -0.215243 -0.307635 0.50852 1 
-0.999892 0.0121437 0.00699436 0 0.0119622 0.999595 -0.0254423 0 -0.00730064 -0.0253564 -0.999652 0 -0.215245 -0.307636 0.508514 1 
-0.999892 0.0121346 0.00699843 0 0.011953 0.999595 -0.0254381 0 -0.00730442 -0.0253522 -0.999652 0 -0.215245 -0.307636 0.508513 1 
-0.999892 0.0121295 0.00700065 0 0.0119478 0.999595 -0.025433 0 -0.00730645 -0.0253471 -0.999652 0 -0.215243 -0.30764 0.508511 1 
-0.999893 0.0121087 0.00699893 0 0.0119271 0.999596 -0.0254226 0 -0.00730408 -0.0253369 -0.999652 0 -0.215238 -0.307645 0.508508 1 
-0.999893 0.0120923 0.0070016 0 0.0119108 0.999596 -0.0254163 0 -0.00730625 -0.0253307 -0.999652 0 -0.215232 -0.307649 0.508506 1 
-0.999893 0.0121117 0.00699662 0 0.0119303 0.999596 -0.0254214 0 -0.00730183 -0.0253357 -0.999652 0 -0.215237 -0.307643 0.508507 1 
-0.999892 0.0121197 0.00698972 0 0.0119385 0.999596 -0.0254123 0 -0.00729503 -0.0253266 -0.999653 0 -0.215241 -0.307643 0.508503 1 
-0.999893 0.0121107 0.00697639 0 0.01193 0.999597 -0.0253878 0 -0.00728118 -0.0253023 -0.999653 0 -0.215235 -0.307644 0.508492 1 
-0.999893 0.0121115 0.00696571 0 0.0119311 0.999597 -0.0253782 0 -0.00727041 -0.0252928 -0.999654 0 -0.215236 -0.307645 0.508485 1 
-0.999893 0.0121152 0.00697166 0 0.0119346 0.999597 -0.0253872 0 -0.00727656 -0.0253017 -0.999653 0 -0.215238 -0.307645 0.508489 1 
-0.999893 0.0121131 0.00697445 0 0.0119325 0.999597 -0.0253865 0 -0.00727928 -0.0253011 -0.999653 0 -0.215238 -0.307645 0.50849 1 
-0.999893 0.0121158 0.00696525 0 0.0119354 0.999597 -0.0253781 0 -0.00727005 -0.0252927 -0.999654 0 -0.215237 -0.307643 0.508486 1 
-0.999893 0.0121039 0.00696786 0 0.0119234 0.999597 -0.0253833 0 -0.00727243 -0.025298 -0.999654 0 -0.215232 -0.307649 0.508487 1 
-0.999893 0.0120938 0.00696077 0 0.0119137 0.999598 -0.0253634 0 -0.00726485 -0.0252782 -0.999654 0 -0.215229 -0.307649 0.50848 1 
-0.999893 0.0120615 0.00695828 0 0.0118816 0.999598 -0.0253481 0 -0.00726137 -0.0252632 -0.999654 0 -0.215217 -0.30766 0.508474 1 
-0.999894 0.0120523 0.00693615 0 0.0118731 0.999599 -0.0253125 0 -0.00723859 -0.0252279 -0.999656 0 -0.215212 -0.307662 0.508459 1 
-0.999893 0.012009 0.00714337 0 0.0118227 0.999593 -0.0255791 0 -0.00744779 -0.0254923 -0.999647 0 -0.21523 -0.307723 0.508509 1 
-0.999887 0.0119676 0.00796721 0 0.0117505 0.999563 -0.0267521 0 -0.00828405 -0.0266559 -0.99961 0 -0.215364 -0.307961 0.50876 1 
-0.999885 0.011807 0.00848964 0 0.0115694 0.999545 -0.0275014 0 -0.00881065 -0.0274006 -0.999586 0 -0.215381 -0.308114 0.509052 1 
-0.999887 0.0113809 0.00880537 0 0.0111309 0.999538 -0.0279361 0 -0.00911942 -0.0278354 -0.999571 0 -0.215278 -0.308268 0.509306 1 
-0.999892 0.0106759 0.00909144 0 0.0104142 0.999534 -0.0283603 0 -0.00939016 -0.0282631 -0.999556 0 -0.215073 -0.308494 0.509551 1 
-0.999895 0.0102432 0.0092912 0 0.0099726 0.999528 -0.0287132 0 -0.00958112 -0.028618 -0.999545 0 -0.214768 -0.308774 0.509747 1 
-0.9999 0.00965342 0.00938226 0 0.00937878 0.999529 -0.0288879 0 -0.0096569 -0.0287976 -0.999539 0 -0.214378 -0.309081 0.509843 1 
-0.999906 0.00904184 0.00930002 0 0.0087703 0.999536 -0.028835 0 -0.00955661 -0.0287513 -0.999541 0 -0.213865 -0.309449 0.509813 1 
-0.999914 0.00843385 0.0090167 0 0.00817218 0.999546 -0.0286742 0 -0.00925462 -0.0285986 -0.999548 0 -0.213258 -0.309908 0.509705 1 
-0.99992 0.00806966 0.00867346 0 0.00782091 0.999558 -0.0283401 0 -0.0088985 -0.0282705 -0.999561 0 -0.212614 -0.310412 0.509524 1 
-0.999927 0.00768198 0.0082821 0 0.00744797 0.999573 -0.027925 0 -0.00849324 -0.0278618 -0.999576 0 -0.211944 -0.310968 0.509274 1 
-0.999931 0.00755509 0.00786699 0 0.00733502 0.999581 -0.0276365 0 -0.00807265 -0.0275775 -0.999587 0 -0.211173 -0.311721 0.508928 1 
-0.999936 0.00729659 0.00746536 0 0.00708994 0.999591 -0.0273416 0 -0.00766195 -0.0272875 -0.999598 0 -0.210353 -0.312619 0.508433 1 
-0.999938 0.00732782 0.00715304 0 0.00713203 0.9996 -0.0270246 0 -0.00734835 -0.0269725 -0.999609 0 -0.209597 -0.313574 0.507816 1 
-0.999935 0.0079737 0.00687354 0 0.00778694 0.999601 -0.0267816 0 -0.00708449 -0.0267268 -0.999618 0 -0.208798 -0.314722 0.506992 1 
-0.999939 0.00794372 0.00630438 0 0.00777642 0.999619 -0.026131 0 -0.00650968 -0.0260809 -0.999639 0 -0.207875 -0.315943 0.505907 1 
-0.999944 0.00775403 0.0057642 0 0.00760503 0.999638 -0.0254356 0 -0.00595945 -0.0253908 -0.99966 0 -0.206958 -0.31724 0.504658 1 
-0.999947 0.00758978 0.00537236 0 0.00745334 0.999651 -0.0249763 0 -0.00556015 -0.0249354 -0.999674 0 -0.206017 -0.318799 0.50316 1 
-0.999949 0.00747936 0.0051499 0 0.00734951 0.999656 -0.0247876 0 -0.00533363 -0.0247489 -0.999679 0 -0.205135 -0.320545 0.501473 1 
-0.999946 0.00792026 0.00505477 0 0.00779262 0.999653 -0.0247902 0 -0.00524946 -0.02475 -0.99968 0 -0.204231 -0.32253 0.499572 1 
-0.999948 0.00780304 0.00489324 0 0.00768004 0.999657 -0.0246699 0 -0.00508416 -0.0246315 -0.999684 0 -0.203307 -0.32459 0.497599 1 
-0.999949 0.00775386 0.00474389 0 0.00763481 0.999658 -0.0246199 0 -0.00493326 -0.0245829 -0.999686 0 -0.202337 -0.326774 0.495575 1 
-0.999949 0.00759327 0.00505358 0 0.00746282 0.999641 -0.0253505 0 -0.00524436 -0.025312 -0.999666 0 -0.20148 -0.329063 0.493655 1 
-0.999945 0.00800958 0.00521078 0 0.00787232 0.999625 -0.0258497 0 -0.00541597 -0.0258078 -0.999652 0 -0.20054 -0.331499 0.491551 1 
-0.999946 0.0080606 0.00488339 0 0.00793366 0.999634 -0.0254775 0 -0.00508707 -0.0254379 -0.999663 0 -0.199437 -0.333941 0.489291 1 
-0.999949 0.00793152 0.00455923 0 0.00781446 0.999644 -0.0251423 0 -0.00475711 -0.0251058 -0.999673 0 -0.198265 -0.336644 0.486854 1 
-0.99995 0.00787467 0.00427172 0 0.00776608 0.999651 -0.0248673 0 -0.00446613 -0.0248334 -0.999682 0 -0.196957 -0.339552 0.484291 1 
-0.999953 0.00755989 0.00408516 0 0.00745648 0.999656 -0.0247618 0 -0.00427103 -0.0247306 -0.999685 0 -0.195596 -0.342581 0.48167 1 
-0.999954 0.00736075 0.00435879 0 0.00724764 0.999641 -0.0254197 0 -0.00454442 -0.0253874 -0.999667 0 -0.194323 -0.345598 0.479275 1 
-0.999954 0.0074578 0.00416116 0 0.00735038 0.999644 -0.02526 0 -0.00434815 -0.0252287 -0.999672 0 -0.192752 -0.348692 0.476715 1 
-0.999954 0.00769434 0.00381053 0 0.00759713 0.999651 -0.0249003 0 -0.00400087 -0.0248707 -0.999683 0 -0.191083 -0.351961 0.474037 1 
-0.999951 0.00808836 0.00358707 0 0.00799716 0.999652 -0.0247482 0 -0.00378607 -0.0247188 -0.999687 0 -0.189564 -0.355263 0.471368 1 
-0.999948 0.00852392 0.00351168 0 0.0084343 0.999647 -0.0247915 0 -0.00372183 -0.0247611 -0.999686 0 -0.187984 -0.35861 0.468753 1 
-0.99995 0.00815668 0.00377346 0 0.00805794 0.999633 -0.025481 0 -0.00397999 -0.0254499 -0.999668 0 -0.186125 -0.362234 0.466197 1 
-0.999951 0.00807612 0.00354334 0 0.0079839 0.999638 -0.0253106 0 -0.00374654 -0.0252816 -0.999673 0 -0.184212 -0.365665 0.463589 1 
-0.999948 0.00854581 0.00332907 0 0.0084594 0.999638 -0.0251576 0 -0.00354293 -0.0251286 -0.999678 0 -0.182296 -0.369452 0.460624 1 
-0.999946 0.00879942 0.00337432 0 0.00871088 0.999629 -0.0254115 0 -0.00359674 -0.0253812 -0.999671 0 -0.180202 -0.373334 0.457793 1 
-0.999942 0.00923992 0.00349214 0 0.00914612 0.999611 -0.0259835 0 -0.00373094 -0.0259505 -0.999656 0 -0.178082 -0.377096 0.455251 1 
-0.999943 0.00913927 0.00340985 0 0.00904708 0.999608 -0.0261374 0 -0.00364746 -0.0261056 -0.999653 0 -0.17604 -0.380985 0.452364 1 
-0.99994 0.0094757 0.00335206 0 0.00938487 0.999604 -0.0261461 0 -0.00359856 -0.0261135 -0.999653 0 -0.173815 -0.385161 0.44916 1 
-0.999938 0.00959702 0.00341537 0 0.00950286 0.999592 -0.0265946 0 -0.00366928 -0.0265611 -0.99964 0 -0.171449 -0.389289 0.446184 1 
-0.999934 0.0101943 0.00304972 0 0.0101113 0.999598 -0.026107 0 -0.0033147 -0.026075 -0.999654 0 -0.169258 -0.393199 0.442981 1 
-0.999936 0.00992691 0.0031022 0 0.00984167 0.999594 -0.0263803 0 -0.00336288 -0.0263486 -0.999647 0 -0.166954 -0.397573 0.439435 1 
-0.999935 0.0100449 0.00315994 0 0.00995689 0.999583 -0.026741 0 -0.0034273 -0.0267083 -0.999637 0 -0.164542 -0.401778 0.436076 1 
-0.999931 0.0105134 0.00280787 0 0.0104364 0.999594 -0.0261618 0 -0.00308184 -0.0261312 -0.999654 0 -0.162312 -0.405806 0.432403 1 
-0.999929 0.0107077 0.00291323 0 0.0106267 0.999582 -0.0265276 0 -0.00319612 -0.0264952 -0.999644 0 -0.159959 -0.410181 0.428598 1 
-0.999929 0.0106575 0.00301018 0 0.0105726 0.999572 -0.0269304 0 -0.00329597 -0.0268972 -0.999633 0 -0.157473 -0.414448 0.424812 1 
-0.999929 0.0107139 0.00282781 0 0.0106353 0.999583 -0.0264838 0 -0.00311044 -0.0264524 -0.999645 0 -0.155296 -0.418528 0.420724 1 
-0.999929 0.0106163 0.00315415 0 0.0105274 0.999571 -0.0269723 0 -0.00343921 -0.0269377 -0.999631 0 -0.15304 -0.422744 0.416898 1 
-0.999933 0.0102207 0.00319007 0 0.010131 0.999576 -0.0269587 0 -0.00346432 -0.0269251 -0.999631 0 -0.150834 -0.427018 0.412712 1 
-0.999932 0.0102503 0.00332122 0 0.0101557 0.999565 -0.0273284 0 -0.00359997 -0.0272934 -0.999621 0 -0.148818 -0.431571 0.408188 1 
-0.999933 0.0101137 0.00350121 0 0.0100145 0.999568 -0.0272966 0 -0.00377584 -0.0272602 -0.999621 0 -0.147197 -0.435586 0.403997 1 
-0.999938 0.00952765 0.00373698 0 0.00941994 0.999558 -0.0278508 0 -0.00400076 -0.0278144 -0.999605 0 -0.145842 -0.439533 0.399793 1 
-0.999942 0.00901833 0.00384527 0 0.0089072 0.999559 -0.0279981 0 -0.00409615 -0.0279627 -0.999601 0 -0.144627 -0.443142 0.395751 1 
-0.999944 0.00887801 0.00372389 0 0.00877262 0.999576 -0.0274214 0 -0.00396584 -0.0273877 -0.999617 0 -0.143682 -0.447058 0.390735 1 
-0.999943 0.00889237 0.00390084 0 0.00878097 0.999568 -0.0277029 0 -0.00414558 -0.0276676 -0.999609 0 -0.143015 -0.450639 0.386307 1 
-0.999944 0.00886917 0.00376339 0 0.0087647 0.99959 -0.0269208 0 -0.00400068 -0.0268869 -0.99963 0 -0.142558 -0.454001 0.381445 1 
-0.999946 0.00850456 0.00394873 0 0.0083944 0.999587 -0.0271245 0 -0.00417786 -0.0270904 -0.999624 0 -0.142282 -0.457409 0.376841 1 
-0.999948 0.00842325 0.00373955 0 0.00832323 0.999618 -0.0260012 0 -0.00395721 -0.0259692 -0.999655 0 -0.142117 -0.460681 0.371577 1 
-0.999945 0.00858897 0.00406522 0 0.0084779 0.999601 -0.026592 0 -0.00429208 -0.0265566 -0.999638 0 -0.142259 -0.464258 0.366337 1 
-0.999946 0.00849653 0.00396953 0 0.00839157 0.999624 -0.0257491 0 -0.00418689 -0.0257149 -0.999661 0 -0.142474 -0.467379 0.360932 1 
-0.999943 0.00880854 0.00420182 0 0.00869635 0.999614 -0.0260098 0 -0.00442939 -0.0259723 -0.999653 0 -0.142909 -0.470374 0.356067 1 
-0.99994 0.00908359 0.00417698 0 0.00897481 0.999628 -0.0253622 0 -0.00440589 -0.0253237 -0.99967 0 -0.143428 -0.473317 0.350552 1 
-0.999934 0.00957826 0.0044975 0 0.00945862 0.99961 -0.0259082 0 -0.00474399 -0.0258645 -0.999654 0 -0.144102 -0.476079 0.345845 1 
-0.999932 0.0098387 0.00442481 0 0.00972488 0.999629 -0.0250496 0 -0.00466971 -0.0250054 -0.999676 0 -0.1448 -0.47879 0.340315 1 
-0.999928 0.0100501 0.00483725 0 0.00992189 0.999607 -0.0258367 0 -0.00509511 -0.0257873 -0.999654 0 -0.145627 -0.481527 0.335283 1 
-0.999928 0.0100787 0.00473614 0 0.00995808 0.999632 -0.0248327 0 -0.00498478 -0.0247842 -0.99968 0 -0.146344 -0.483908 0.329848 1 
-0.999926 0.0102127 0.00499558 0 0.0100842 0.999624 -0.0251078 0 -0.00525022 -0.0250561 -0.999672 0 -0.14716 -0.486426 0.324689 1 
-0.999926 0.0102071 0.00503276 0 0.0100809 0.999639 -0.024505 0 -0.00528118 -0.0244529 -0.999687 0 -0.14789 -0.488883 0.318936 1 
-0.999924 0.0102339 0.00530097 0 0.0100997 0.999633 -0.024768 0 -0.0055526 -0.0247131 -0.999679 0 -0.148602 -0.491194 0.313918 1 
-0.999925 0.0102271 0.00520281 0 0.0101012 0.999659 -0.0236747 0 -0.00544326 -0.0236208 -0.999706 0 -0.149272 -0.493417 0.308068 1 
-0.999922 0.010263 0.00566926 0 0.0101211 0.999638 -0.024522 0 -0.005919 -0.0244632 -0.999683 0 -0.150059 -0.495939 0.30243 1 
-0.999922 0.0102903 0.00559896 0 0.0101558 0.999661 -0.0235505 0 -0.00583952 -0.0234923 -0.999707 0 -0.150704 -0.497977 0.296641 1 
-0.999918 0.0104671 0.00589627 0 0.0103234 0.999652 -0.023891 0 -0.00614441 -0.0238287 -0.999697 0 -0.151459 -0.500157 0.291147 1 
-0.999917 0.0106175 0.00588575 0 0.0104789 0.999668 -0.0231083 0 -0.00612926 -0.0230451 -0.999716 0 -0.152143 -0.502068 0.285286 1 
-0.999913 0.0108092 0.00611753 0 0.0106648 0.999665 -0.0231583 0 -0.00636592 -0.0230915 -0.999713 0 -0.152885 -0.504031 0.279707 1 
-0.999915 0.0107699 0.00595971 0 0.0106372 0.999695 -0.0218642 0 -0.00619349 -0.0217993 -0.999743 0 -0.153467 -0.505678 0.27382 1 
-0.999914 0.0105252 0.00642894 0 0.0103769 0.999679 -0.0226812 0 -0.00666573 -0.022613 -0.999722 0 -0.154159 -0.507629 0.268334 1 
-0.999918 0.0102581 0.00636465 0 0.0101184 0.999706 -0.0216131 0 -0.00658461 -0.0215473 -0.999746 0 -0.154718 -0.509246 0.262223 1 
-0.999918 0.00992743 0.00673344 0 0.00977654 0.999699 -0.0220842 0 -0.00695078 -0.022017 -0.999733 0 -0.155328 -0.510918 0.257027 1 
-0.999921 0.00959527 0.00685213 0 0.00944499 0.999712 -0.0216358 0 -0.00705789 -0.0215698 -0.999742 0 -0.15595 -0.512564 0.250778 1 
-0.99992 0.00939623 0.00721057 0 0.00923474 0.999703 -0.022111 0 -0.00741633 -0.0220431 -0.99973 0 -0.156595 -0.514119 0.245435 1 
-0.999922 0.0092937 0.00715823 0 0.00913992 0.999723 -0.0212228 0 -0.00735363 -0.0211561 -0.999749 0 -0.157148 -0.515367 0.23986 1 
-0.999919 0.00915957 0.00761913 0 0.00898923 0.999706 -0.0220986 0 -0.00781945 -0.0220287 -0.999727 0 -0.157813 -0.516841 0.234631 1 
-0.99992 0.00911267 0.00755726 0 0.00895097 0.999726 -0.0211614 0 -0.00774818 -0.0210924 -0.999748 0 -0.158381 -0.517887 0.228932 1 
-0.99992 0.00888856 0.00783971 0 0.0087187 0.999722 -0.0214404 0 -0.00802827 -0.0213707 -0.999739 0 -0.159009 -0.519048 0.22373 1 
-0.999921 0.00875238 0.00792193 0 0.00858413 0.999732 -0.0210294 0 -0.00810402 -0.0209601 -0.999747 0 -0.159596 -0.520037 0.218415 1 
-0.99992 0.00855044 0.0082265 0 0.0083732 0.999728 -0.0213429 0 -0.00840691 -0.0212727 -0.999738 0 -0.160249 -0.521061 0.213205 1 
-0.99992 0.00832007 0.00844824 0 0.00813799 0.999729 -0.0213625 0 -0.00862385 -0.0212924 -0.999736 0 -0.160944 -0.522015 0.208068 1 
-0.999921 0.00810682 0.00855609 0 0.0079253 0.999738 -0.0210399 0 -0.00872458 -0.0209708 -0.999742 0 -0.16168 -0.522853 0.203002 1 
-0.999917 0.00802951 0.00903618 0 0.00782926 0.999718 -0.0219821 0 -0.00921031 -0.0219099 -0.999718 0 -0.162507 -0.523866 0.198581 1 
-0.999919 0.00796225 0.00895308 0 0.0077729 0.99974 -0.0209891 0 -0.00911804 -0.0209182 -0.99974 0 -0.163305 -0.524514 0.193606 1 
-0.999916 0.0078014 0.00933999 0 0.007598 0.999728 -0.0216175 0 -0.00950627 -0.0215452 -0.999723 0 -0.164164 -0.525424 0.189547 1 
-0.999917 0.00771645 0.0093614 0 0.00751857 0.999742 -0.0209919 0 -0.00952115 -0.0209201 -0.999736 0 -0.16503 -0.526174 0.185211 1 
-0.999914 0.0075775 0.00971988 0 0.00736796 0.999734 -0.0214148 0 -0.00987975 -0.0213418 -0.999723 0 -0.166029 -0.527104 0.18101 1 
-0.999913 0.00732753 0.0100481 0 0.00710698 0.999727 -0.0218121 0 -0.0102054 -0.0217392 -0.999712 0 -0.16703 -0.528017 0.177295 1 
-0.999916 0.00693321 0.0100205 0 0.006721 0.999746 -0.0210583 0 -0.0101642 -0.0209896 -0.999728 0 -0.167964 -0.528759 0.173157 1 
-0.999915 0.00646904 0.0103907 0 0.00624323 0.999737 -0.0216194 0 -0.0105281 -0.0215531 -0.999712 0 -0.168968 -0.529752 0.169617 1 
-0.999917 0.00619485 0.0104553 0 0.00597152 0.999747 -0.0212587 0 -0.0105846 -0.0211949 -0.999719 0 -0.16993 -0.530583 0.166388 1 
-0.999916 0.00609412 0.0105553 0 0.00587142 0.999753 -0.0210018 0 -0.0106809 -0.0209385 -0.999724 0 -0.170979 -0.531464 0.162837 1 
-0.999914 0.00564512 0.0109891 0 0.00540434 0.999738 -0.021818 0 -0.0111096 -0.0217571 -0.999702 0 -0.172039 -0.532479 0.159807 1 
-0.999919 0.00469436 0.0110273 0 0.0044579 0.999752 -0.0213711 0 -0.0111251 -0.0213206 -0.999711 0 -0.172977 -0.533184 0.156782 1 
-0.999921 0.00415182 0.0110533 0 0.00392041 0.999765 -0.0208756 0 -0.0111376 -0.020831 -0.999721 0 -0.174002 -0.533896 0.153521 1 
-0.999919 0.00376108 0.0113437 0 0.00351904 0.999758 -0.021282 0 -0.0114212 -0.0212408 -0.999709 0 -0.175072 -0.534814 0.150836 1 
-0.999919 0.00355201 0.0114405 0 0.00330989 0.999762 -0.0211133 0 -0.011513 -0.0210741 -0.999712 0 -0.176085 -0.535569 0.148295 1 
-0.999921 0.00335252 0.0112951 0 0.00312422 0.999782 -0.02017 0 -0.0113605 -0.0201335 -0.999733 0 -0.177139 -0.536164 0.14539 1 
-0.999919 0.00322107 0.0114948 0 0.00298711 0.99978 -0.0203125 0 -0.0115579 -0.0202769 -0.999728 0 -0.178237 -0.536987 0.142961 1 
-0.999915 0.00320037 0.011847 0 0.00295121 0.999766 -0.020989 0 -0.0119116 -0.0209527 -0.99971 0 -0.179311 -0.537912 0.140949 1 
-0.999912 0.00332885 0.0120353 0 0.00307384 0.999762 -0.0211446 0 -0.0121031 -0.0211061 -0.999704 0 -0.180393 -0.538725 0.138579 1 
-0.99991 0.00326194 0.0122492 0 0.00299974 0.999758 -0.0213631 0 -0.0123162 -0.0213248 -0.999697 0 -0.181425 -0.53952 0.13624 1 
-0.999907 0.00341106 0.0124312 0 0.0031425 0.999753 -0.0215597 0 -0.0125019 -0.0215191 -0.99969 0 -0.18242 -0.540378 0.134288 1 
-0.999904 0.00380495 0.0125448 0 0.00353347 0.999751 -0.0215919 0 -0.0126241 -0.0215459 -0.999688 0 -0.183339 -0.54121 0.132603 1 
-0.999905 0.00419469 0.012414 0 0.00393517 0.999765 -0.0208564 0 -0.0124989 -0.0208059 -0.999705 0 -0.184295 -0.541974 0.130549 1 
-0.999904 0.00454341 0.0123581 0 0.004291 0.999774 -0.0203749 0 -0.0124481 -0.0203203 -0.999716 0 -0.185135 -0.542724 0.128793 1 
-0.9999 0.00484523 0.012501 0 0.00458807 0.999769 -0.0205178 0 -0.0125977 -0.0204588 -0.999711 0 -0.185971 -0.543616 0.12732 1 
-0.999896 0.00504044 0.0127462 0 0.00477261 0.999759 -0.0209567 0 -0.012849 -0.0208941 -0.999699 0 -0.186842 -0.544645 0.126 1 
-0.999895 0.00512643 0.0128179 0 0.00485792 0.99976 -0.0208924 0 -0.0129222 -0.0208283 -0.9997 0 -0.187642 -0.545599 0.124672 1 
-0.999895 0.00514956 0.0128282 0 0.004884 0.999765 -0.020647 0 -0.0129317 -0.0205826 -0.999705 0 -0.188385 -0.546547 0.12319 1 
-0.999894 0.00502285 0.0129475 0 0.00475447 0.999765 -0.0206762 0 -0.0130486 -0.0206128 -0.999702 0 -0.189141 -0.547667 0.121739 1 
-0.999894 0.00453808 0.0130923 0 0.00426504 0.999765 -0.0208078 0 -0.0131839 -0.0207501 -0.999698 0 -0.18983 -0.548793 0.120542 1 
-0.999895 0.0042238 0.013143 0 0.0039511 0.999768 -0.0207056 0 -0.0132277 -0.0206519 -0.999699 0 -0.190441 -0.549852 0.119302 1 
-0.999897 0.0039013 0.0131144 0 0.00363414 0.999777 -0.0203341 0 -0.0131911 -0.0202848 -0.999707 0 -0.190972 -0.550807 0.117792 1 
-0.999899 0.00351438 0.0130748 0 0.00325327 0.999786 -0.0199384 0 -0.0131423 -0.0198942 -0.999716 0 -0.191472 -0.551746 0.11616 1 
-0.999899 0.00342719 0.0130763 0 0.00316843 0.99979 -0.019758 0 -0.0131415 -0.019715 -0.999719 0 -0.191934 -0.552656 0.114693 1 
-0.999899 0.0033883 0.0130732 0 0.00313225 0.999794 -0.0195571 0 -0.0131371 -0.0195145 -0.999723 0 -0.192393 -0.553626 0.113301 1 
-0.999901 0.00337107 0.0129507 0 0.00312405 0.999804 -0.019047 0 -0.0130126 -0.019005 -0.999735 0 -0.192809 -0.554551 0.111776 1 
-0.999904 0.00344841 0.0127055 0 0.00321696 0.99982 -0.0181922 0 -0.0127662 -0.0181499 -0.999754 0 -0.193151 -0.555277 0.109932 1 
-0.999904 0.00352991 0.0126572 0 0.00330346 0.999825 -0.0178667 0 -0.0127183 -0.0178235 -0.99976 0 -0.193516 -0.55609 0.107979 1 
-0.999901 0.00357814 0.0128576 0 0.00334386 0.999819 -0.0181964 0 -0.0129206 -0.018152 -0.999752 0 -0.193955 -0.557026 0.106225 1 
-0.999899 0.00366499 0.0130152 0 0.00342475 0.999815 -0.0184326 0 -0.0130806 -0.0183865 -0.999745 0 -0.194416 -0.557902 0.104626 1 
-0.999897 0.00386299 0.0130949 0 0.00362155 0.999814 -0.0184119 0 -0.0131638 -0.018363 -0.999745 0 -0.194927 -0.558685 0.102662 1 
-0.999895 0.00409577 0.0132262 0 0.00384996 0.999811 -0.0185574 0 -0.0133 -0.0185048 -0.99974 0 -0.195424 -0.559404 0.100448 1 
-0.99989 0.00433384 0.0134862 0 0.00407626 0.9998 -0.0190686 0 -0.0135664 -0.0190119 -0.999727 0 -0.195917 -0.560104 0.0984279 1 
-0.999885 0.00461637 0.0137772 0 0.00434501 0.999788 -0.0196615 0 -0.0138653 -0.0195998 -0.999712 0 -0.196444 -0.560799 0.0964536 1 
-0.999884 0.00494768 0.0137511 0 0.00468084 0.999792 -0.0193699 0 -0.0138444 -0.0193037 -0.999718 0 -0.196933 -0.561241 0.0942626 1 
-0.999884 0.00537757 0.0135633 0 0.00512465 0.999804 -0.0186135 0 -0.013661 -0.0185422 -0.999735 0 -0.197372 -0.561491 0.0917214 1 
-0.999882 0.00585991 0.013478 0 0.00561308 0.999808 -0.018279 0 -0.0135828 -0.0182016 -0.999742 0 -0.19778 -0.561825 0.0893412 1 
-0.999877 0.00645071 0.0135709 0 0.00619601 0.999796 -0.018727 0 -0.0136892 -0.018641 -0.999733 0 -0.198219 -0.562332 0.087269 1 
-0.999874 0.00694688 0.0135831 0 0.00669062 0.999791 -0.0188209 0 -0.0137113 -0.018728 -0.999731 0 -0.19861 -0.562743 0.0853201 1 
-0.999871 0.00748946 0.0135021 0 0.00723544 0.999788 -0.0187644 0 -0.01364 -0.0186647 -0.999733 0 -0.198961 -0.563064 0.0831824 1 
-0.99987 0.00799321 0.0133337 0 0.00774704 0.999791 -0.0184126 0 -0.0134784 -0.0183073 -0.999742 0 -0.199269 -0.563331 0.0809284 1 
-0.999867 0.00843321 0.0132165 0 0.00819066 0.999789 -0.0182999 0 -0.0133683 -0.0181895 -0.999745 0 -0.199539 -0.563669 0.0790221 1 
-0.999865 0.00879335 0.0131752 0 0.008549 0.999783 -0.0184891 0 -0.0133352 -0.0183743 -0.999742 0 -0.199782 -0.564136 0.0772944 1 
-0.999863 0.0090107 0.0131491 0 0.00876624 0.99978 -0.0185321 0 -0.0133135 -0.0184146 -0.999742 0 -0.19998 -0.564589 0.0756411 1 
-0.999861 0.00915093 0.0132309 0 0.00890066 0.999773 -0.0188525 0 -0.0134007 -0.0187325 -0.999735 0 -0.200135 -0.565048 0.0740557 1 
-0.999859 0.00933326 0.013229 0 0.00908042 0.999768 -0.0190454 0 -0.0134039 -0.0189229 -0.999731 0 -0.200219 -0.565459 0.0723772 1 
-0.999858 0.00940673 0.0132529 0 0.00915065 0.999763 -0.0192527 0 -0.0134312 -0.0191291 -0.999727 0 -0.20025 -0.565852 0.0708766 1 
-0.999857 0.00947098 0.0133201 0 0.00920928 0.999756 -0.0195728 0 -0.0135025 -0.0194477 -0.99972 0 -0.200289 -0.566236 0.0696216 1 
-0.999856 0.00956337 0.0133283 0 0.00929923 0.999752 -0.0197408 0 -0.0135141 -0.0196144 -0.999716 0 -0.200323 -0.566637 0.0685139 1 
-0.999856 0.00965982 0.0132103 0 0.00940042 0.999755 -0.0195592 0 -0.0133963 -0.0194326 -0.999721 0 -0.20034 -0.56696 0.0674975 1 
-0.999858 0.00975061 0.0130051 0 0.00950111 0.999763 -0.0191106 0 -0.0131886 -0.0189847 -0.999733 0 -0.200363 -0.567199 0.0665169 1 
-0.999859 0.00992056 0.0127857 0 0.00968091 0.999769 -0.018671 0 -0.0129683 -0.0185449 -0.999744 0 -0.200383 -0.56738 0.0656117 1 
-0.99986 0.0100344 0.0126341 0 0.00980249 0.999775 -0.0182869 0 -0.012815 -0.0181608 -0.999753 0 -0.200418 -0.567541 0.0646629 1 
-0.999861 0.0100735 0.0125514 0 0.00984616 0.999779 -0.0180443 0 -0.0127306 -0.0179185 -0.999758 0 -0.200452 -0.567666 0.0638185 1 
-0.999861 0.0101104 0.0124884 0 0.00988622 0.999782 -0.0178808 0 -0.0126667 -0.0177552 -0.999762 0 -0.200472 -0.567745 0.0631169 1 
-0.999862 0.0101304 0.0124402 0 0.0099099 0.999785 -0.0176576 0 -0.0126167 -0.0175322 -0.999767 0 -0.200501 -0.567767 0.0624626 1 
-0.999862 0.0101566 0.0124109 0 0.00993843 0.999788 -0.0175132 0 -0.0125864 -0.0173877 -0.99977 0 -0.200535 -0.56779 0.0619799 1 
-0.999862 0.0101737 0.0123757 0 0.00995803 0.99979 -0.0173619 0 -0.01255 -0.0172366 -0.999773 0 -0.200558 -0.567809 0.0616265 1 
-0.999862 0.0101804 0.0123514 0 0.00996634 0.999792 -0.0172662 0 -0.0125249 -0.0171411 -0.999775 0 -0.200581 -0.567847 0.0613821 1 
-0.999862 0.0101622 0.012351 0 0.00994824 0.999792 -0.0172616 0 -0.0125241 -0.0171367 -0.999775 0 -0.200593 -0.567914 0.0612633 1 
-0.999862 0.010153 0.0123922 0 0.0099369 0.99979 -0.0173787 0 -0.0125663 -0.0172535 -0.999772 0 -0.200625 -0.568015 0.0612527 1 
-0.999861 0.0101798 0.0124808 0 0.00995904 0.999785 -0.0176234 0 -0.0126577 -0.017497 -0.999767 0 -0.200683 -0.56814 0.0613359 1 
-0.999858 0.010218 0.0126318 0 0.00998921 0.999778 -0.0180476 0 -0.0128136 -0.0179192 -0.999757 0 -0.200777 -0.568341 0.0614987 1 
-0.999856 0.0102576 0.0127852 0 0.01002 0.999769 -0.0185104 0 -0.0129724 -0.01838 -0.999747 0 -0.200877 -0.568561 0.061675 1 
-0.999854 0.0103075 0.0129369 0 0.0100614 0.99976 -0.0189468 0 -0.0131294 -0.0188142 -0.999737 0 -0.20098 -0.568769 0.0618394 1 
-0.999851 0.0103716 0.0130641 0 0.0101183 0.999753 -0.0193106 0 -0.0132614 -0.0191759 -0.999728 0 -0.201084 -0.568944 0.0619705 1 
-0.999849 0.0104115 0.0131826 0 0.0101514 0.999746 -0.0196471 0 -0.013384 -0.0195107 -0.99972 0 -0.201174 -0.569111 0.0620852 1 
-0.999848 0.0104177 0.0132517 0 0.0101536 0.999742 -0.0198431 0 -0.0134552 -0.0197059 -0.999715 0 -0.201221 -0.569224 0.0621413 1 
-0.999848 0.0103927 0.0132964 0 0.010126 0.99974 -0.0199702 0 -0.0135008 -0.019833 -0.999712 0 -0.201247 -0.569319 0.0621556 1 
-0.999849 0.0103069 0.0132971 0 0.0100404 0.999741 -0.0199561 0 -0.0134996 -0.01982 -0.999712 0 -0.201228 -0.569366 0.0621029 1 
-0.99985 0.0101972 0.0132617 0 0.00993347 0.999745 -0.019805 0 -0.0134606 -0.0196707 -0.999716 0 -0.201193 -0.569359 0.0619841 1 
