0.99858 -0.0422692 -0.0321384 0 -0.0432342 -0.998606 -0.0299465 0 -0.0308284 0.0312941 -0.999035 0 -0.265507 -0.655795 0.0224685 1 
0.998579 -0.0422718 -0.0321428 0 -0.0432367 -0.998606 -0.0299417 0 -0.0308329 0.0312895 -0.999035 0 -0.265514 -0.655794 0.0224728 1 
0.99858 -0.042272 -0.0321368 0 -0.0432368 -0.998606 -0.0299427 0 -0.0308268 0.0312903 -0.999035 0 -0.265509 -0.655795 0.022472 1 
0.998579 -0.0422838 -0.0321399 0 -0.0432486 -0.998606 -0.0299422 0 -0.0308296 0.0312903 -0.999035 0 -0.265517 -0.655792 0.0224716 1 
0.998579 -0.0422853 -0.0321459 0 -0.0432503 -0.998606 -0.0299418 0 -0.0308356 0.0312902 -0.999035 0 -0.26552 -0.655792 0.0224729 1 
0.998579 -0.0422772 -0.0321409 0 -0.0432423 -0.998606 -0.0299476 0 -0.0308306 0.0312955 -0.999035 0 -0.265517 -0.65579 0.0224706 1 
0.998579 -0.042279 -0.0321412 0 -0.043244 -0.998606 -0.0299456 0 -0.0308309 0.0312935 -0.999035 0 -0.265516 -0.655792 0.0224708 1 
0.99858 -0.0422687 -0.0321354 0 -0.0432335 -0.998606 -0.0299444 0 -0.0308255 0.0312918 -0.999035 0 -0.265505 -0.655796 0.0224695 1 
0.99858 -0.0422565 -0.0321345 0 -0.0432212 -0.998607 -0.0299448 0 -0.030825 0.0312917 -0.999035 0 -0.265501 -0.655798 0.0224685 1 
0.99858 -0.042263 -0.0321427 0 -0.0432277 -0.998607 -0.0299355 0 -0.0308334 0.031283 -0.999035 0 -0.265508 -0.655799 0.0224745 1 
0.99858 -0.0422685 -0.0321402 0 -0.0432332 -0.998607 -0.029939 0 -0.0308306 0.0312866 -0.999035 0 -0.26551 -0.655796 0.0224725 1 
0.99858 -0.0422605 -0.0321378 0 -0.0432252 -0.998607 -0.0299366 0 -0.0308285 0.0312838 -0.999035 0 -0.265501 -0.6558 0.0224725 1 
0.99858 -0.0422568 -0.0321384 0 -0.0432213 -0.998607 -0.0299317 0 -0.0308295 0.0312788 -0.999035 0 -0.265502 -0.655802 0.0224746 1 
0.99858 -0.0422581 -0.0321393 0 -0.0432224 -0.998608 -0.0299234 0 -0.0308307 0.0312706 -0.999035 0 -0.2655 -0.655806 0.0224804 1 
0.99858 -0.042259 -0.0321394 0 -0.0432235 -0.998607 -0.0299291 0 -0.0308305 0.0312764 -0.999035 0 -0.265503 -0.655803 0.0224764 1 
0.99858 -0.0422588 -0.0321386 0 -0.0432232 -0.998607 -0.0299269 0 -0.0308298 0.0312741 -0.999035 0 -0.2655 -0.655804 0.022479 1 
0.99858 -0.0422564 -0.0321383 0 -0.0432208 -0.998608 -0.0299279 0 -0.0308295 0.031275 -0.999035 0 -0.265499 -0.655804 0.0224782 1 
0.99858 -0.0422539 -0.0321386 0 -0.0432183 -0.998608 -0.0299314 0 -0.0308298 0.0312785 -0.999035 0 -0.2655 -0.655803 0.0224759 1 
0.99858 -0.042257 -0.0321378 0 -0.0432215 -0.998607 -0.0299308 0 -0.0308288 0.0312779 -0.999035 0 -0.265499 -0.655804 0.0224762 1 
0.99858 -0.0422628 -0.0321378 0 -0.0432274 -0.998607 -0.0299356 0 -0.0308285 0.0312829 -0.999035 0 -0.265503 -0.6558 0.0224736 1 
0.99858 -0.0422513 -0.0321367 0 -0.0432158 -0.998608 -0.0299321 0 -0.0308279 0.031279 -0.999035 0 -0.265498 -0.655803 0.0224757 1 
0.99858 -0.0422515 -0.0321361 0 -0.043216 -0.998608 -0.0299352 0 -0.0308271 0.0312821 -0.999035 0 -0.265498 -0.655802 0.0224736 1 
0.99858 -0.0422606 -0.0321404 0 -0.043225 -0.998607 -0.0299294 0 -0.0308314 0.0312768 -0.999035 0 -0.265501 -0.655803 0.0224776 1 
0.99858 -0.04226 -0.0321379 0 -0.0432245 -0.998607 -0.029931 0 -0.0308289 0.0312782 -0.999035 0 -0.265502 -0.655802 0.0224762 1 
0.99858 -0.0422571 -0.0321359 0 -0.0432216 -0.998607 -0.0299352 0 -0.0308268 0.0312822 -0.999035 0 -0.265502 -0.655801 0.0224733 1 
0.99858 -0.0422556 -0.0321383 0 -0.0432202 -0.998607 -0.0299366 0 -0.0308291 0.0312838 -0.999035 0 -0.265503 -0.6558 0.0224744 1 
0.99858 -0.042266 -0.0321347 0 -0.0432306 -0.998607 -0.0299404 0 -0.0308251 0.0312877 -0.999035 0 -0.265503 -0.655798 0.0224716 1 
0.99858 -0.0422614 -0.0321362 0 -0.0432262 -0.998607 -0.0299468 0 -0.0308265 0.031294 -0.999035 0 -0.265505 -0.655795 0.0224679 1 
0.99858 -0.0422607 -0.0321379 0 -0.0432256 -0.998607 -0.0299463 0 -0.0308281 0.0312936 -0.999035 0 -0.265503 -0.655797 0.0224691 1 
0.99858 -0.0422644 -0.0321377 0 -0.0432292 -0.998607 -0.0299457 0 -0.0308278 0.031293 -0.999035 0 -0.265503 -0.655797 0.0224701 1 
0.99858 -0.042254 -0.0321357 0 -0.0432189 -0.998607 -0.029947 0 -0.0308261 0.031294 -0.999035 0 -0.265501 -0.655798 0.0224686 1 
0.99858 -0.0422547 -0.032133 0 -0.0432198 -0.998607 -0.0299562 0 -0.030823 0.031303 -0.999035 0 -0.265498 -0.655795 0.0224615 1 
0.99858 -0.0422593 -0.0321353 0 -0.0432242 -0.998607 -0.0299484 0 -0.0308255 0.0312955 -0.999035 0 -0.2655 -0.655797 0.0224682 1 
0.99858 -0.0422586 -0.032138 0 -0.0432236 -0.998607 -0.0299497 0 -0.0308282 0.0312969 -0.999035 0 -0.265503 -0.655796 0.022467 1 
0.99858 -0.0422557 -0.0321367 0 -0.0432207 -0.998607 -0.0299481 0 -0.0308271 0.0312952 -0.999035 0 -0.265502 -0.655797 0.0224683 1 
0.99858 -0.0422537 -0.0321316 0 -0.0432185 -0.998607 -0.0299486 0 -0.030822 0.0312954 -0.999035 0 -0.265497 -0.655798 0.0224663 1 
0.99858 -0.0422558 -0.0321324 0 -0.0432206 -0.998607 -0.0299497 0 -0.0308227 0.0312966 -0.999035 0 -0.2655 -0.655796 0.0224663 1 
0.99858 -0.0422515 -0.0321385 0 -0.0432166 -0.998607 -0.0299501 0 -0.0308289 0.0312971 -0.999035 0 -0.265501 -0.655796 0.0224671 1 
0.998581 -0.0422512 -0.0321311 0 -0.043216 -0.998607 -0.02995 0 -0.0308215 0.0312967 -0.999035 0 -0.265496 -0.655797 0.0224658 1 
0.99858 -0.0422581 -0.0321351 0 -0.0432229 -0.998607 -0.0299431 0 -0.0308256 0.0312902 -0.999035 0 -0.265501 -0.655798 0.0224697 1 
0.99858 -0.042268 -0.0321385 0 -0.0432329 -0.998606 -0.0299474 0 -0.0308285 0.0312949 -0.999035 0 -0.265512 -0.655793 0.0224689 1 
0.998579 -0.0422754 -0.032143 0 -0.0432404 -0.998606 -0.029942 0 -0.030833 0.0312899 -0.999035 0 -0.265516 -0.655794 0.0224724 1 
0.99858 -0.0422658 -0.0321393 0 -0.0432308 -0.998607 -0.0299461 0 -0.0308295 0.0312936 -0.999035 0 -0.26551 -0.655794 0.0224686 1 
0.998579 -0.042276 -0.0321411 0 -0.043241 -0.998606 -0.0299457 0 -0.0308309 0.0312935 -0.999035 0 -0.265516 -0.655792 0.0224697 1 
0.998579 -0.0422866 -0.0321473 0 -0.0432518 -0.998606 -0.0299471 0 -0.0308367 0.0312956 -0.999034 0 -0.265524 -0.65579 0.0224704 1 
0.998579 -0.042288 -0.0321444 0 -0.0432531 -0.998606 -0.0299459 0 -0.0308339 0.0312943 -0.999035 0 -0.265521 -0.65579 0.0224705 1 
0.998579 -0.0422843 -0.0321449 0 -0.0432495 -0.998606 -0.0299474 0 -0.0308343 0.0312957 -0.999034 0 -0.265522 -0.65579 0.0224714 1 
0.998578 -0.04229 -0.0321474 0 -0.0432551 -0.998606 -0.029944 0 -0.0308368 0.0312926 -0.999034 0 -0.265526 -0.655789 0.0224728 1 
0.998579 -0.0422862 -0.0321472 0 -0.0432512 -0.998606 -0.0299416 0 -0.0308369 0.03129 -0.999035 0 -0.265526 -0.65579 0.022474 1 
0.998578 -0.0422918 -0.0321492 0 -0.0432569 -0.998606 -0.0299413 0 -0.0308387 0.03129 -0.999034 0 -0.265528 -0.65579 0.0224743 1 
0.998578 -0.0422989 -0.0321511 0 -0.0432642 -0.998605 -0.029946 0 -0.0308402 0.031295 -0.999034 0 -0.265534 -0.655786 0.0224723 1 
0.998578 -0.0423051 -0.0321509 0 -0.0432706 -0.998605 -0.0299514 0 -0.0308396 0.0313006 -0.999034 0 -0.265538 -0.655783 0.0224688 1 
0.998578 -0.0422939 -0.0321399 0 -0.0432595 -0.998605 -0.0299671 0 -0.0308282 0.0313154 -0.999034 0 -0.265528 -0.65578 0.0224584 1 
0.99858 -0.0422734 -0.0321324 0 -0.0432393 -0.998605 -0.0299817 0 -0.0308207 0.0313291 -0.999034 0 -0.265514 -0.65578 0.0224491 1 
0.998579 -0.0422813 -0.0321309 0 -0.0432473 -0.998605 -0.0299909 0 -0.0308186 0.0313385 -0.999034 0 -0.265514 -0.655776 0.0224472 1 
0.998579 -0.0422873 -0.0321262 0 -0.0432533 -0.998604 -0.0299946 0 -0.0308136 0.0313422 -0.999034 0 -0.265515 -0.655773 0.0224456 1 
0.99858 -0.0422704 -0.032114 0 -0.0432371 -0.998604 -0.0300284 0 -0.0308004 0.0313749 -0.999033 0 -0.265504 -0.655765 0.0224257 1 
0.998582 -0.0422525 -0.0320979 0 -0.0432197 -0.998604 -0.0300607 0 -0.0307835 0.0314059 -0.999033 0 -0.265487 -0.655758 0.0224049 1 
0.998581 -0.0422566 -0.032101 0 -0.0432241 -0.998603 -0.0300666 0 -0.0307863 0.031412 -0.999032 0 -0.265493 -0.655755 0.0224033 1 
0.998581 -0.04226 -0.0321012 0 -0.0432271 -0.998603 -0.0300569 0 -0.0307867 0.0314025 -0.999033 0 -0.265491 -0.655758 0.0224085 1 
0.998582 -0.0422421 -0.0320917 0 -0.0432093 -0.998604 -0.0300676 0 -0.0307774 0.0314123 -0.999033 0 -0.265476 -0.655759 0.0224009 1 
0.998582 -0.0422466 -0.0320903 0 -0.0432141 -0.998603 -0.030076 0 -0.0307755 0.0314207 -0.999032 0 -0.265477 -0.655757 0.0223954 1 
0.998581 -0.042267 -0.0320965 0 -0.0432347 -0.998602 -0.0300783 0 -0.0307809 0.0314239 -0.999032 0 -0.265494 -0.655749 0.0223963 1 
0.998582 -0.0422547 -0.0320934 0 -0.0432222 -0.998603 -0.0300753 0 -0.0307784 0.0314204 -0.999032 0 -0.265489 -0.655752 0.022397 1 
0.998583 -0.0422354 -0.032086 0 -0.0432028 -0.998604 -0.030081 0 -0.0307713 0.0314251 -0.999032 0 -0.265474 -0.655755 0.0223942 1 
0.998582 -0.0422558 -0.0320849 0 -0.0432237 -0.998602 -0.0300945 0 -0.0307689 0.0314392 -0.999032 0 -0.265486 -0.655746 0.0223869 1 
0.998583 -0.0422442 -0.0320806 0 -0.0432117 -0.998603 -0.0300894 0 -0.0307653 0.0314336 -0.999032 0 -0.265475 -0.655751 0.0223856 1 
0.998584 -0.0422008 -0.0320812 0 -0.0431681 -0.998605 -0.0300826 0 -0.0307675 0.0314255 -0.999032 0 -0.265448 -0.655764 0.0223905 1 
0.998583 -0.0422228 -0.032079 0 -0.0431901 -0.998604 -0.0300861 0 -0.0307645 0.0314296 -0.999032 0 -0.265457 -0.655759 0.0223916 1 
0.998583 -0.0422439 -0.0320697 0 -0.0432121 -0.998602 -0.0301221 0 -0.0307529 0.0314658 -0.999032 0 -0.265468 -0.655741 0.0223674 1 
0.998585 -0.0421972 -0.0320568 0 -0.0431653 -0.998604 -0.0301331 0 -0.0307411 0.0314749 -0.999032 0 -0.265438 -0.655748 0.0223614 1 
0.998589 -0.0421267 -0.0320452 0 -0.0430933 -0.998608 -0.0300952 0 -0.0307334 0.0314342 -0.999033 0 -0.265388 -0.65578 0.0223812 1 
0.998594 -0.042019 -0.0320315 0 -0.0429851 -0.998613 -0.0300954 0 -0.0307231 0.0314305 -0.999034 0 -0.265318 -0.655806 0.022379 1 
0.998602 -0.0418703 -0.0319713 0 -0.0428358 -0.998618 -0.0301339 0 -0.030666 0.0314619 -0.999034 0 -0.26521 -0.65583 0.0223469 1 
0.998617 -0.0416302 -0.0318062 0 -0.0425904 -0.998629 -0.0301314 0 -0.0305088 0.031445 -0.99904 0 -0.265007 -0.655892 0.0223226 1 
0.998641 -0.0411786 -0.0316399 0 -0.0421291 -0.998652 -0.0299855 0 -0.0303631 0.0312783 -0.999049 0 -0.264666 -0.656058 0.0223674 1 
0.998676 -0.0405055 -0.0313946 0 -0.0414405 -0.998689 -0.0297266 0 -0.0301499 0.0309889 -0.999065 0 -0.264141 -0.656324 0.0224965 1 
0.998719 -0.0394907 -0.0313207 0 -0.0404097 -0.998745 -0.0292745 0 -0.0301259 0.0305033 -0.999081 0 -0.263443 -0.656735 0.0227982 1 
0.998756 -0.038443 -0.0314411 0 -0.03935 -0.998802 -0.028756 0 -0.0302985 0.029958 -0.999092 0 -0.262762 -0.657182 0.0231923 1 
0.998782 -0.0376322 -0.0316029 0 -0.0385306 -0.998846 -0.0283189 0 -0.0305014 0.0295027 -0.999099 0 -0.262082 -0.657588 0.0235753 1 
0.998793 -0.0372098 -0.0317528 0 -0.0380992 -0.998875 -0.0278796 0 -0.0306803 0.0290563 -0.999107 0 -0.261351 -0.657997 0.0239426 1 
0.998812 -0.0365748 -0.0319046 0 -0.0374547 -0.998912 -0.0274331 0 -0.0308671 0.0285961 -0.999114 0 -0.260594 -0.658432 0.0243066 1 
0.998812 -0.0364119 -0.0321014 0 -0.037284 -0.99893 -0.0269997 0 -0.0310846 0.028165 -0.99912 0 -0.259837 -0.658861 0.0246602 1 
0.998788 -0.0368179 -0.0323683 0 -0.0376852 -0.998926 -0.026605 0 -0.0313546 0.0277931 -0.999122 0 -0.259162 -0.659251 0.0250512 1 
0.998775 -0.0370166 -0.0325535 0 -0.0378851 -0.998922 -0.0264801 0 -0.0315388 0.0276815 -0.999119 0 -0.258598 -0.659528 0.0254385 1 
0.998775 -0.0369698 -0.0325862 0 -0.0378384 -0.998924 -0.0264538 0 -0.0315738 0.0276549 -0.999119 0 -0.258027 -0.659751 0.025813 1 
0.998782 -0.0367837 -0.0325994 0 -0.037655 -0.998929 -0.0265318 0 -0.0315891 0.0277276 -0.999116 0 -0.257474 -0.65992 0.0262057 1 
0.99879 -0.0365671 -0.032584 0 -0.0374417 -0.998934 -0.02665 0 -0.0315754 0.0278383 -0.999114 0 -0.25693 -0.660051 0.0266186 1 
0.998798 -0.0363831 -0.0325434 0 -0.0372624 -0.998935 -0.0268352 0 -0.031533 0.0280161 -0.99911 0 -0.256388 -0.660143 0.0270339 1 
0.998806 -0.0362012 -0.0325103 0 -0.0370843 -0.998938 -0.0269847 0 -0.0314995 0.0281586 -0.999107 0 -0.255751 -0.660239 0.0275279 1 
0.99881 -0.0361279 -0.0324731 0 -0.0370172 -0.998934 -0.0272154 0 -0.0314559 0.0283856 -0.999102 0 -0.255109 -0.660296 0.0280538 1 
0.998814 -0.0360292 -0.0324471 0 -0.0369237 -0.998933 -0.0274037 0 -0.0314257 0.0285698 -0.999098 0 -0.254453 -0.660343 0.0285711 1 
0.998816 -0.0359958 -0.0324437 0 -0.0368948 -0.99893 -0.0275499 0 -0.0314179 0.0287149 -0.999094 0 -0.253729 -0.660355 0.0291131 1 
0.998811 -0.0361093 -0.0324511 0 -0.0370116 -0.998923 -0.0276496 0 -0.0314183 0.0288183 -0.999091 0 -0.253051 -0.660318 0.029643 1 
0.998816 -0.0360539 -0.0323558 0 -0.0369625 -0.998916 -0.0279364 0 -0.0313141 0.0290998 -0.999086 0 -0.252367 -0.660179 0.0300866 1 
0.998826 -0.0358863 -0.0322328 0 -0.0368044 -0.99891 -0.0283571 0 -0.0311806 0.0295107 -0.999078 0 -0.251684 -0.659993 0.0304063 1 
0.998829 -0.0359026 -0.0321208 0 -0.0368308 -0.998897 -0.0287888 0 -0.0310523 0.0299387 -0.999069 0 -0.251047 -0.659819 0.0306212 1 
0.998829 -0.0360076 -0.0320082 0 -0.036947 -0.998879 -0.0292581 0 -0.0309195 0.030407 -0.999059 0 -0.250502 -0.659627 0.0307489 1 
0.998831 -0.0360432 -0.0319041 0 -0.0369936 -0.998864 -0.0297164 0 -0.0307974 0.0308625 -0.999049 0 -0.250065 -0.65946 0.0307635 1 
0.99883 -0.0361338 -0.0318443 0 -0.0370944 -0.998848 -0.030111 0 -0.0307202 0.0312576 -0.999039 0 -0.249749 -0.659342 0.0306776 1 
0.998827 -0.0362785 -0.0317806 0 -0.0372481 -0.998832 -0.0304654 0 -0.0306388 0.0316141 -0.99903 0 -0.249523 -0.659259 0.0305074 1 
0.998825 -0.0363839 -0.0317034 0 -0.0373623 -0.998816 -0.0308331 0 -0.0305446 0.031982 -0.999022 0 -0.249407 -0.659139 0.0303034 1 
0.998819 -0.0365656 -0.0316873 0 -0.0375527 -0.9988 -0.0311392 0 -0.0305113 0.032293 -0.999013 0 -0.249409 -0.658979 0.0301133 1 
0.998811 -0.0367548 -0.031737 0 -0.0377524 -0.998783 -0.0314256 0 -0.0305439 0.0325869 -0.999002 0 -0.2495 -0.6588 0.0299325 1 
0.998805 -0.0368641 -0.0317935 0 -0.037871 -0.998771 -0.0316735 0 -0.0305874 0.0328404 -0.998992 0 -0.249579 -0.658637 0.0297505 1 
0.998796 -0.0370028 -0.0319055 0 -0.0380193 -0.998759 -0.0318664 0 -0.0306873 0.0330417 -0.998983 0 -0.24969 -0.658487 0.0295976 1 
0.998781 -0.0372133 -0.0321258 0 -0.0382393 -0.998749 -0.0319331 0 -0.0308978 0.0331233 -0.998974 0 -0.249888 -0.658371 0.02951 1 
0.998767 -0.0374209 -0.0323235 0 -0.0384568 -0.998737 -0.0320443 0 -0.0310841 0.0332485 -0.998964 0 -0.250084 -0.658271 0.029456 1 
0.998756 -0.0375842 -0.0324873 0 -0.0386278 -0.998728 -0.0321153 0 -0.0312396 0.0333309 -0.998956 0 -0.250244 -0.658201 0.0294195 1 
0.998742 -0.0377706 -0.0326811 0 -0.0388212 -0.99872 -0.0321317 0 -0.0314262 0.0333606 -0.998949 0 -0.250424 -0.65814 0.0294058 1 
0.998733 -0.0379128 -0.0328079 0 -0.0389703 -0.998711 -0.032216 0 -0.0315449 0.0334544 -0.998942 0 -0.250562 -0.658074 0.0293679 1 
0.998725 -0.0380292 -0.0328946 0 -0.0390913 -0.998705 -0.032272 0 -0.0316253 0.0335174 -0.998938 0 -0.250665 -0.65802 0.0293129 1 
0.998713 -0.0382199 -0.0330525 0 -0.0392886 -0.998696 -0.0323128 0 -0.031775 0.0335704 -0.998931 0 -0.250835 -0.657947 0.0292454 1 
0.998704 -0.0383973 -0.033123 0 -0.0394747 -0.998682 -0.0325093 0 -0.0318317 0.0337753 -0.998922 0 -0.250981 -0.657835 0.0291096 1 
0.998699 -0.0385327 -0.0331225 0 -0.0396161 -0.99867 -0.0326998 0 -0.031819 0.0339701 -0.998916 0 -0.251065 -0.65773 0.0288938 1 
0.99869 -0.0386704 -0.0332226 0 -0.0397558 -0.998666 -0.0326537 0 -0.0319162 0.0339323 -0.998914 0 -0.251188 -0.657661 0.0286512 1 
0.99868 -0.0388292 -0.0333404 0 -0.0399207 -0.998657 -0.0327224 0 -0.0320257 0.0340109 -0.998908 0 -0.251333 -0.657554 0.0283638 1 
0.998671 -0.0389803 -0.0334342 0 -0.0400788 -0.998647 -0.0328378 0 -0.0321095 0.0341348 -0.998901 0 -0.251473 -0.657431 0.0280229 1 
0.998661 -0.0391479 -0.0335244 0 -0.0402503 -0.998639 -0.032865 0 -0.0321928 0.034171 -0.998897 0 -0.251607 -0.657316 0.0276128 1 
0.998653 -0.0392835 -0.0336007 0 -0.0403904 -0.998632 -0.0329228 0 -0.032262 0.0342363 -0.998893 0 -0.251725 -0.657197 0.0271992 1 
0.998651 -0.0393558 -0.0335927 0 -0.0404679 -0.998623 -0.0330939 0 -0.0322446 0.0344094 -0.998888 0 -0.251789 -0.657076 0.0268026 1 
0.998646 -0.039442 -0.0336332 0 -0.0405574 -0.998617 -0.0331504 0 -0.0322798 0.0344703 -0.998884 0 -0.251855 -0.656984 0.0264473 1 
0.998638 -0.0395582 -0.0337431 0 -0.0406784 -0.998611 -0.033184 0 -0.0323841 0.034512 -0.998879 0 -0.251971 -0.656895 0.0261641 1 
0.998635 -0.0395968 -0.0337794 0 -0.040715 -0.998613 -0.0330829 0 -0.0324233 0.0344137 -0.998882 0 -0.252011 -0.656873 0.0259822 1 
0.998631 -0.0396193 -0.0338691 0 -0.0407326 -0.998621 -0.0328377 0 -0.032522 0.034173 -0.998887 0 -0.252047 -0.656906 0.0259236 1 
0.998626 -0.0396799 -0.0339445 0 -0.0407924 -0.998622 -0.0327354 0 -0.0325994 0.0340758 -0.998887 0 -0.252108 -0.656916 0.0259572 1 
0.99862 -0.0397596 -0.0340375 0 -0.0408729 -0.998621 -0.0326625 0 -0.0326925 0.0340093 -0.998887 0 -0.252193 -0.656922 0.0260074 1 
0.998615 -0.0398353 -0.0341023 0 -0.0409488 -0.99862 -0.032601 0 -0.0327571 0.033953 -0.998886 0 -0.252266 -0.65693 0.026027 1 
0.998608 -0.0399522 -0.0341541 0 -0.0410674 -0.998615 -0.032599 0 -0.032805 0.0339569 -0.998885 0 -0.252362 -0.656903 0.0260347 1 
0.9986 -0.0400958 -0.0342093 0 -0.0412146 -0.998607 -0.0326494 0 -0.0328532 0.0340143 -0.998881 0 -0.252487 -0.656845 0.0260123 1 
0.998592 -0.0402662 -0.0342676 0 -0.0413905 -0.998596 -0.0327575 0 -0.0329011 0.0341303 -0.998876 0 -0.252649 -0.656755 0.0259563 1 
0.99859 -0.0403015 -0.034276 0 -0.0414294 -0.998591 -0.0328562 0 -0.0329042 0.0342305 -0.998872 0 -0.252797 -0.656671 0.025889 1 
0.998587 -0.0404041 -0.034251 0 -0.0415357 -0.998582 -0.0329969 0 -0.0328699 0.0343736 -0.998868 0 -0.25292 -0.656577 0.0257922 1 
0.998582 -0.0405471 -0.0342115 0 -0.0416825 -0.998571 -0.0331517 0 -0.032819 0.0345314 -0.998865 0 -0.253044 -0.656476 0.0256663 1 
0.99858 -0.0406088 -0.0342128 0 -0.0417423 -0.99857 -0.0330958 0 -0.0328206 0.0344776 -0.998866 0 -0.253143 -0.65643 0.025545 1 
0.998576 -0.0406392 -0.0342688 0 -0.0417672 -0.998577 -0.0328687 0 -0.0328849 0.0342538 -0.998872 0 -0.253207 -0.656442 0.0254351 1 
0.998578 -0.040639 -0.0342126 0 -0.0417695 -0.998572 -0.0330022 0 -0.0328232 0.034385 -0.99887 0 -0.2532 -0.656393 0.0253001 1 
0.998581 -0.0405912 -0.03419 0 -0.0417217 -0.998574 -0.0330252 0 -0.0328013 0.0344055 -0.99887 0 -0.253174 -0.656373 0.025148 1 
0.998584 -0.040518 -0.0341953 0 -0.0416456 -0.99858 -0.0329328 0 -0.032813 0.0343109 -0.998872 0 -0.25314 -0.65639 0.0250137 1 
0.998587 -0.0404595 -0.0341833 0 -0.0415864 -0.998583 -0.032924 0 -0.0328034 0.0342997 -0.998873 0 -0.253107 -0.656387 0.0248713 1 
0.998588 -0.0404588 -0.0341482 0 -0.0415874 -0.99858 -0.0330126 0 -0.0327647 0.0343867 -0.998871 0 -0.253098 -0.656353 0.0247109 1 
0.998586 -0.0404678 -0.034189 0 -0.0415938 -0.998583 -0.0328917 0 -0.0328102 0.0342679 -0.998874 0 -0.253125 -0.656357 0.0245716 1 
0.998586 -0.0404631 -0.034191 0 -0.0415876 -0.998585 -0.0328449 0 -0.0328143 0.0342211 -0.998875 0 -0.253134 -0.656355 0.02444 1 
0.998589 -0.0404383 -0.0341367 0 -0.0415657 -0.998581 -0.0329884 0 -0.032755 0.0343614 -0.998873 0 -0.253111 -0.656325 0.0242665 1 
0.998589 -0.0404115 -0.0341613 0 -0.041536 -0.998586 -0.032874 0 -0.0327851 0.0342472 -0.998876 0 -0.253108 -0.656353 0.0241266 1 
0.998589 -0.0403921 -0.0341838 0 -0.0415136 -0.998591 -0.0327592 0 -0.0328131 0.0341327 -0.998879 0 -0.253113 -0.656393 0.0240691 1 
0.998591 -0.040353 -0.0341846 0 -0.0414732 -0.998594 -0.0327196 0 -0.0328168 0.0340919 -0.99888 0 -0.253096 -0.656428 0.024026 1 
0.998593 -0.0403116 -0.0341825 0 -0.0414303 -0.998597 -0.0326772 0 -0.0328179 0.0340481 -0.998881 0 -0.253072 -0.656469 0.023994 1 
0.998593 -0.0402725 -0.0342126 0 -0.0413889 -0.998602 -0.0325754 0 -0.0328535 0.0339462 -0.998884 0 -0.253063 -0.656528 0.0240185 1 
0.998595 -0.0401981 -0.0342419 0 -0.0413101 -0.998611 -0.0324121 0 -0.0328921 0.0337818 -0.998888 0 -0.253027 -0.65662 0.0240786 1 
0.998598 -0.0400827 -0.0342853 0 -0.04119 -0.998622 -0.0322232 0 -0.0329471 0.0335909 -0.998892 0 -0.252975 -0.656733 0.0241508 1 
0.9986 -0.0400122 -0.0343324 0 -0.0411154 -0.998631 -0.0320518 0 -0.0330036 0.0334191 -0.998896 0 -0.25295 -0.65683 0.0242171 1 
0.998602 -0.0399374 -0.0343454 0 -0.0410366 -0.998638 -0.0319148 0 -0.0330247 0.0332803 -0.9989 0 -0.252909 -0.656913 0.0242633 1 
0.998608 -0.0398235 -0.034299 0 -0.0409191 -0.998645 -0.031854 0 -0.0329846 0.0332138 -0.998904 0 -0.252828 -0.656974 0.0242538 1 
0.998613 -0.0397337 -0.0342631 0 -0.0408271 -0.99865 -0.0318257 0 -0.0329529 0.033181 -0.998906 0 -0.252761 -0.657024 0.0242209 1 
0.998615 -0.039691 -0.0342516 0 -0.0407852 -0.99865 -0.0318628 0 -0.0329413 0.0332163 -0.998905 0 -0.252737 -0.657043 0.0241425 1 
0.998618 -0.0396714 -0.0342045 0 -0.0407682 -0.998647 -0.0319861 0 -0.0328899 0.033337 -0.998903 0 -0.252717 -0.65703 0.023999 1 
0.99862 -0.0396557 -0.0341521 0 -0.0407556 -0.998643 -0.0321362 0 -0.032832 0.0334844 -0.9989 0 -0.252704 -0.657011 0.0238082 1 
0.998621 -0.0396553 -0.0341261 0 -0.0407567 -0.99864 -0.0322055 0 -0.0328032 0.0335526 -0.998898 0 -0.252711 -0.657026 0.0236011 1 
0.998621 -0.0396282 -0.034141 0 -0.040727 -0.998645 -0.0321118 0 -0.0328228 0.0334586 -0.998901 0 -0.252723 -0.657098 0.0233867 1 
0.998621 -0.0396033 -0.0341767 0 -0.0406975 -0.998651 -0.0319391 0 -0.0328663 0.0332866 -0.998905 0 -0.252745 -0.657218 0.0231727 1 
0.998621 -0.0395925 -0.0342072 0 -0.040684 -0.998656 -0.0318214 0 -0.032902 0.0331698 -0.998908 0 -0.252783 -0.657349 0.0229856 1 
0.998619 -0.0395887 -0.0342647 0 -0.0406754 -0.998662 -0.0316208 0 -0.0329677 0.0329715 -0.998912 0 -0.252838 -0.657534 0.022825 1 
0.998616 -0.039574 -0.0343705 0 -0.0406518 -0.998675 -0.0312456 0 -0.0330891 0.0326002 -0.998921 0 -0.252916 -0.657808 0.0227177 1 
0.998611 -0.0395769 -0.0345141 0 -0.0406443 -0.998689 -0.0307933 0 -0.0332508 0.0321539 -0.99893 0 -0.253018 -0.658113 0.0226411 1 
0.998604 -0.0395945 -0.0346754 0 -0.0406512 -0.998704 -0.0303156 0 -0.0334307 0.0316835 -0.998939 0 -0.253142 -0.658434 0.0225646 1 
0.9986 -0.039593 -0.0347985 0 -0.0406411 -0.998715 -0.0299449 0 -0.0335688 0.0313178 -0.998946 0 -0.253242 -0.658714 0.0224286 1 
0.998597 -0.0395959 -0.0348753 0 -0.0406381 -0.998723 -0.0296986 0 -0.0336554 0.0310748 -0.99895 0 -0.253316 -0.658933 0.022256 1 
0.998595 -0.0396154 -0.0349262 0 -0.0406553 -0.998725 -0.0295861 0 -0.0337102 0.030965 -0.998952 0 -0.253395 -0.659083 0.0220389 1 
0.998594 -0.0396489 -0.0349153 0 -0.0406902 -0.998723 -0.0296354 0 -0.0336963 0.0310151 -0.998951 0 -0.253447 -0.659158 0.0217567 1 
0.998586 -0.0397206 -0.0350659 0 -0.0407605 -0.998725 -0.0294581 0 -0.0338518 0.0308464 -0.998951 0 -0.253591 -0.659308 0.0216128 1 
0.998575 -0.0398365 -0.0352333 0 -0.0408631 -0.998737 -0.0289123 0 -0.0340377 0.0303114 -0.998961 0 -0.253761 -0.659572 0.0217341 1 
0.998572 -0.039853 -0.0353191 0 -0.0408748 -0.998742 -0.0286965 0 -0.0341317 0.0300998 -0.998964 0 -0.253836 -0.659709 0.0217321 1 
0.998572 -0.0398432 -0.0353159 0 -0.0408665 -0.998741 -0.0287449 0 -0.0341268 0.0301477 -0.998963 0 -0.25385 -0.659726 0.0216353 1 
0.99857 -0.039873 -0.0353358 0 -0.0408974 -0.99874 -0.0287587 0 -0.0341452 0.0301633 -0.998962 0 -0.253886 -0.65973 0.0215824 1 
0.998565 -0.03999 -0.0353355 0 -0.0410141 -0.998735 -0.0287469 0 -0.0341419 0.0301555 -0.998962 0 -0.253963 -0.659715 0.0215854 1 
0.998563 -0.0400708 -0.03532 0 -0.0410984 -0.998728 -0.0288642 0 -0.0341191 0.0302749 -0.998959 0 -0.25402 -0.659656 0.0215201 1 
0.99856 -0.0401806 -0.0352713 0 -0.0412128 -0.998719 -0.0290428 0 -0.0340598 0.0304552 -0.998956 0 -0.254085 -0.65957 0.021403 1 
0.998558 -0.0403146 -0.0351883 0 -0.0413525 -0.998706 -0.0292849 0 -0.0339628 0.0306983 -0.998952 0 -0.254149 -0.65946 0.0212339 1 
0.998559 -0.0403683 -0.0350889 0 -0.0414132 -0.998694 -0.0295815 0 -0.0338496 0.0309926 -0.998946 0 -0.254173 -0.659345 0.0210304 1 
0.998564 -0.0403231 -0.0350045 0 -0.0413755 -0.998687 -0.0298792 0 -0.0337544 0.0312852 -0.99894 0 -0.254202 -0.659233 0.0208121 1 
0.998564 -0.040385 -0.0349213 0 -0.0414463 -0.998674 -0.0302219 0 -0.0336551 0.0316265 -0.998933 0 -0.254298 -0.65908 0.0205689 1 
0.99856 -0.0405761 -0.0348295 0 -0.0416465 -0.998655 -0.0305772 0 -0.0335425 0.0319843 -0.998925 0 -0.254427 -0.658909 0.0202997 1 
0.998552 -0.0408327 -0.0347473 0 -0.0419117 -0.998633 -0.0309141 0 -0.0334382 0.0323262 -0.998918 0 -0.254578 -0.658735 0.0200444 1 
0.998544 -0.0411055 -0.0346586 0 -0.0421915 -0.998612 -0.0312078 0 -0.0333284 0.0326253 -0.998912 0 -0.254739 -0.658575 0.019801 1 
0.99854 -0.0412871 -0.0345595 0 -0.0423779 -0.998597 -0.0314497 0 -0.0332132 0.032869 -0.998908 0 -0.254849 -0.658458 0.019585 1 
0.998538 -0.0413594 -0.034522 0 -0.0424531 -0.99859 -0.0315722 0 -0.0331681 0.0329922 -0.998905 0 -0.254899 -0.658419 0.0194342 1 
0.998539 -0.0413391 -0.0345108 0 -0.042432 -0.998591 -0.0315596 0 -0.0331582 0.0329785 -0.998906 0 -0.254893 -0.658455 0.0193643 1 
0.998543 -0.0412495 -0.0345193 0 -0.0423382 -0.998599 -0.0314255 0 -0.0331753 0.0328418 -0.99891 0 -0.254843 -0.658553 0.0193778 1 
0.998551 -0.0410821 -0.0344752 0 -0.0421599 -0.998616 -0.0311424 0 -0.0331488 0.0325513 -0.99892 0 -0.254735 -0.658718 0.0194716 1 
0.998558 -0.0409 -0.0344897 0 -0.0419652 -0.998636 -0.0307468 0 -0.0331858 0.0321505 -0.998932 0 -0.254629 -0.658937 0.0196287 1 
0.998561 -0.0407405 -0.0346073 0 -0.0417943 -0.998657 -0.0302942 0 -0.0333273 0.0316976 -0.998942 0 -0.254575 -0.659178 0.0198182 1 
0.998562 -0.0405918 -0.0347441 0 -0.0416349 -0.998677 -0.0298458 0 -0.0334873 0.03125 -0.99895 0 -0.254538 -0.659412 0.0200053 1 
0.998559 -0.0405207 -0.0348973 0 -0.0415533 -0.998694 -0.0293917 0 -0.0336614 0.0308001 -0.998959 0 -0.254557 -0.65963 0.0201996 1 
0.998555 -0.0405158 -0.0350354 0 -0.0415387 -0.998707 -0.0289794 0 -0.0338166 0.0303935 -0.998966 0 -0.254617 -0.659814 0.0203791 1 
0.998551 -0.0405408 -0.0351189 0 -0.0415583 -0.998713 -0.0287439 0 -0.033909 0.0301624 -0.99897 0 -0.25467 -0.659915 0.0204841 1 
0.998549 -0.0405699 -0.0351309 0 -0.0415878 -0.998712 -0.0287444 0 -0.0339202 0.0301643 -0.998969 0 -0.254694 -0.65991 0.0204822 1 
0.998548 -0.0406073 -0.0351231 0 -0.0416267 -0.998709 -0.028797 0 -0.0339091 0.0302178 -0.998968 0 -0.254715 -0.659884 0.0204461 1 
0.998548 -0.0406325 -0.0350903 0 -0.0416552 -0.998704 -0.0289226 0 -0.0338703 0.0303429 -0.998966 0 -0.254722 -0.659838 0.0203664 1 
0.998549 -0.0406611 -0.035036 0 -0.0416883 -0.998697 -0.0291033 0 -0.0338076 0.0305223 -0.998962 0 -0.254724 -0.659773 0.020234 1 
0.99855 -0.0406906 -0.0349581 0 -0.0417231 -0.998689 -0.0293338 0 -0.0337193 0.0307505 -0.998958 0 -0.254725 -0.659691 0.0200588 1 
0.99855 -0.040773 -0.0348758 0 -0.0418114 -0.998678 -0.0295818 0 -0.0336242 0.0309977 -0.998954 0 -0.254756 -0.659592 0.0198791 1 
0.99855 -0.0408467 -0.034789 0 -0.0418916 -0.998666 -0.0298553 0 -0.0335237 0.03127 -0.998949 0 -0.25478 -0.659486 0.019673 1 
0.99855 -0.0409069 -0.0347082 0 -0.0419574 -0.998656 -0.0300983 0 -0.033431 0.0315116 -0.998944 0 -0.254803 -0.659391 0.0194914 1 
0.99855 -0.040956 -0.0346598 0 -0.0420101 -0.998649 -0.0302534 0 -0.0333746 0.0316662 -0.998941 0 -0.254822 -0.659328 0.0193774 1 
0.998551 -0.0409693 -0.034623 0 -0.0420259 -0.998646 -0.0303584 0 -0.0333329 0.0317701 -0.998939 0 -0.254825 -0.65929 0.0192987 1 
0.998551 -0.0409819 -0.0346092 0 -0.0420399 -0.998643 -0.0304161 0 -0.0333164 0.0318276 -0.998938 0 -0.254832 -0.659268 0.0192536 1 
0.99855 -0.0409953 -0.03461 0 -0.0420539 -0.998642 -0.0304315 0 -0.0333161 0.0318434 -0.998937 0 -0.254849 -0.659256 0.0192443 1 
0.998549 -0.0410179 -0.0346077 0 -0.0420764 -0.998641 -0.0304336 0 -0.033313 0.0318462 -0.998937 0 -0.254871 -0.659248 0.0192426 1 
0.998549 -0.0410307 -0.0346046 0 -0.04209 -0.99864 -0.0304575 0 -0.0333084 0.0318704 -0.998937 0 -0.25489 -0.659232 0.0192264 1 
0.998547 -0.0410778 -0.0345956 0 -0.0421378 -0.998637 -0.0304888 0 -0.0332966 0.0319029 -0.998936 0 -0.254926 -0.659207 0.0192061 1 
0.998546 -0.0411092 -0.0345805 0 -0.0421704 -0.998634 -0.0305398 0 -0.0332784 0.0319543 -0.998935 0 -0.25497 -0.659172 0.0191736 1 
0.998556 -0.0409056 -0.0345432 0 -0.0419686 -0.99864 -0.0306293 0 -0.0332439 0.0320355 -0.998934 0 -0.254995 -0.659134 0.0191109 1 
0.998558 -0.0408964 -0.0345126 0 -0.0419617 -0.998637 -0.0307307 0 -0.0332094 0.0321352 -0.998932 0 -0.255006 -0.659095 0.0190345 1 
0.998558 -0.0409118 -0.034473 0 -0.0419791 -0.998633 -0.0308281 0 -0.0331653 0.0322314 -0.99893 0 -0.255005 -0.659059 0.0189609 1 
0.99856 -0.0409089 -0.0344391 0 -0.0419787 -0.99863 -0.0309354 0 -0.033127 0.0323372 -0.998928 0 -0.255001 -0.659023 0.0188838 1 
0.998561 -0.0408974 -0.0344011 0 -0.0419696 -0.998627 -0.0310455 0 -0.0330848 0.0324453 -0.998926 0 -0.254985 -0.65899 0.0188005 1 
0.998564 -0.0408716 -0.0343563 0 -0.0419456 -0.998625 -0.0311436 0 -0.0330368 0.0325406 -0.998924 0 -0.254956 -0.658965 0.0187201 1 
0.998566 -0.0408425 -0.0343284 0 -0.0419181 -0.998624 -0.03122 0 -0.0330067 0.0326148 -0.998923 0 -0.254933 -0.658946 0.0186624 1 
0.998566 -0.0408478 -0.034314 0 -0.0419248 -0.998621 -0.0312772 0 -0.0329897 0.0326716 -0.998922 0 -0.254933 -0.658926 0.0186219 1 
0.998567 -0.0408549 -0.0342871 0 -0.0419335 -0.998619 -0.031353 0 -0.0329594 0.0327464 -0.99892 0 -0.254928 -0.658901 0.0185699 1 
0.998569 -0.0408243 -0.0342597 0 -0.0419037 -0.998618 -0.0314032 0 -0.032931 0.0327945 -0.998919 0 -0.254902 -0.658892 0.018523 1 
0.998571 -0.0408041 -0.0342337 0 -0.0418847 -0.998617 -0.0314677 0 -0.032903 0.0328573 -0.998918 0 -0.254883 -0.658876 0.0184765 1 
0.998571 -0.0408153 -0.0342158 0 -0.0418975 -0.998615 -0.0315326 0 -0.032882 0.0329218 -0.998917 0 -0.254884 -0.658853 0.0184315 1 
0.998572 -0.0408166 -0.0341924 0 -0.0419002 -0.998612 -0.0315989 0 -0.0328558 0.0329871 -0.998916 0 -0.254877 -0.658832 0.0183795 1 
0.998574 -0.0407872 -0.0341545 0 -0.0418729 -0.99861 -0.0316994 0 -0.0328148 0.033085 -0.998914 0 -0.25485 -0.658806 0.0183029 1 
0.998576 -0.0407674 -0.0341205 0 -0.0418543 -0.998609 -0.0317711 0 -0.0327784 0.0331546 -0.998913 0 -0.254826 -0.658788 0.0182458 1 
0.998578 -0.040743 -0.0341028 0 -0.0418304 -0.998609 -0.0318039 0 -0.0327602 0.0331858 -0.998912 0 -0.254805 -0.658785 0.018217 1 
0.99858 -0.0407111 -0.0340876 0 -0.041799 -0.998609 -0.0318335 0 -0.0327448 0.0332137 -0.998912 0 -0.254778 -0.658783 0.018194 1 
0.998582 -0.0406696 -0.0340814 0 -0.0417573 -0.998611 -0.0318323 0 -0.0327401 0.033211 -0.998912 0 -0.254752 -0.658793 0.0181882 1 
0.998583 -0.0406388 -0.0340807 0 -0.041726 -0.998613 -0.0318198 0 -0.0327409 0.0331974 -0.998912 0 -0.254729 -0.658806 0.0181947 1 
0.998585 -0.0405934 -0.0340837 0 -0.0416804 -0.998615 -0.0318112 0 -0.0327458 0.0331875 -0.998913 0 -0.254702 -0.658819 0.0181963 1 
0.998585 -0.0405773 -0.0340852 0 -0.0416646 -0.998615 -0.0318198 0 -0.0327475 0.0331956 -0.998912 0 -0.254686 -0.658823 0.0181924 1 
0.998585 -0.0405841 -0.0340863 0 -0.0416715 -0.998615 -0.0318202 0 -0.0327484 0.0331963 -0.998912 0 -0.254692 -0.658821 0.0181921 1 
0.998584 -0.0405993 -0.0340909 0 -0.0416868 -0.998614 -0.0318185 0 -0.0327525 0.0331952 -0.998912 0 -0.254702 -0.658818 0.0181933 1 
0.998585 -0.040589 -0.034089 0 -0.0416762 -0.998615 -0.0318126 0 -0.0327512 0.0331889 -0.998912 0 -0.254697 -0.658822 0.0181949 1 
0.998585 -0.0405729 -0.0340879 0 -0.04166 -0.998616 -0.0318096 0 -0.0327508 0.0331853 -0.998912 0 -0.254687 -0.658827 0.0181969 1 
0.998585 -0.0405768 -0.0340901 0 -0.0416635 -0.998616 -0.0317944 0 -0.0327535 0.0331704 -0.998913 0 -0.254686 -0.658834 0.0182039 1 
0.998585 -0.0405759 -0.034099 0 -0.0416627 -0.998616 -0.0317893 0 -0.0327626 0.0331656 -0.998913 0 -0.254692 -0.658835 0.0182066 1 
0.998584 -0.0406027 -0.0341026 0 -0.0416897 -0.998615 -0.0317905 0 -0.0327652 0.0331678 -0.998913 0 -0.254711 -0.658827 0.0182043 1 
0.998583 -0.0406224 -0.0341105 0 -0.0417098 -0.998614 -0.0317972 0 -0.0327722 0.0331755 -0.998912 0 -0.254727 -0.658821 0.0182057 1 
0.998582 -0.0406198 -0.034115 0 -0.041707 -0.998614 -0.0317866 0 -0.0327772 0.033165 -0.998912 0 -0.254729 -0.658825 0.0182083 1 
0.99858 -0.0406468 -0.0341425 0 -0.0417341 -0.998614 -0.0317607 0 -0.0328049 0.0331412 -0.998912 0 -0.254756 -0.658827 0.0182239 1 
0.998578 -0.0407008 -0.0341563 0 -0.0417873 -0.998613 -0.0317237 0 -0.0328183 0.0331065 -0.998913 0 -0.254797 -0.65883 0.0182397 1 
0.998576 -0.0407436 -0.034162 0 -0.0418297 -0.998612 -0.0317036 0 -0.0328235 0.033088 -0.998913 0 -0.254827 -0.65883 0.018246 1 
0.998574 -0.0407769 -0.0341695 0 -0.0418625 -0.998611 -0.0316798 0 -0.0328309 0.0330657 -0.998914 0 -0.254851 -0.658831 0.0182601 1 
0.998574 -0.0407693 -0.0341767 0 -0.0418543 -0.998612 -0.0316554 0 -0.0328394 0.0330413 -0.998914 0 -0.254852 -0.658842 0.0182705 1 
0.998574 -0.0407592 -0.0341822 0 -0.041844 -0.998613 -0.0316451 0 -0.0328456 0.033031 -0.998914 0 -0.254848 -0.658849 0.0182754 1 
0.998574 -0.0407644 -0.0341937 0 -0.0418483 -0.998614 -0.0316046 0 -0.0328586 0.0329911 -0.998915 0 -0.254853 -0.658866 0.0182946 1 
0.998574 -0.0407694 -0.0341916 0 -0.0418533 -0.998614 -0.0316066 0 -0.0328562 0.0329932 -0.998915 0 -0.254856 -0.658866 0.018293 1 
0.998574 -0.040756 -0.0341897 0 -0.0418396 -0.998615 -0.0316019 0 -0.032855 0.032988 -0.998916 0 -0.254845 -0.658872 0.0182895 1 
0.998574 -0.0407582 -0.0342054 0 -0.0418407 -0.998616 -0.0315527 0 -0.0328727 0.0329395 -0.998917 0 -0.254852 -0.65889 0.0183185 1 
0.998573 -0.0407621 -0.0342254 0 -0.0418434 -0.998618 -0.0314946 0 -0.032895 0.0328824 -0.998918 0 -0.254866 -0.658914 0.0183486 1 
0.998572 -0.0407666 -0.0342335 0 -0.0418476 -0.998618 -0.0314787 0 -0.0329036 0.032867 -0.998918 0 -0.254874 -0.65892 0.0183486 1 
0.998572 -0.0407586 -0.0342421 0 -0.0418389 -0.99862 -0.0314503 0 -0.0329136 0.0328387 -0.998919 0 -0.254867 -0.658934 0.0183641 1 
0.998572 -0.0407516 -0.0342585 0 -0.0418306 -0.998622 -0.0313919 0 -0.0329327 0.0327807 -0.99892 0 -0.254873 -0.658959 0.0183949 1 
0.998572 -0.040757 -0.0342695 0 -0.0418352 -0.998623 -0.0313565 0 -0.0329449 0.032746 -0.998921 0 -0.254877 -0.658976 0.0184085 1 
0.998571 -0.0407687 -0.0342829 0 -0.0418466 -0.998623 -0.0313346 0 -0.0329588 0.0327251 -0.998921 0 -0.254891 -0.658982 0.0184183 1 
0.998569 -0.0407966 -0.0342933 0 -0.0418743 -0.998622 -0.0313179 0 -0.032969 0.0327097 -0.998921 0 -0.254911 -0.658983 0.018428 1 
0.998568 -0.0408205 -0.0342939 0 -0.0418986 -0.998621 -0.0313293 0 -0.0329684 0.0327219 -0.998921 0 -0.254927 -0.658974 0.0184227 1 
0.998568 -0.0408286 -0.0342914 0 -0.041907 -0.99862 -0.0313422 0 -0.0329651 0.032735 -0.99892 0 -0.254932 -0.658968 0.0184113 1 
0.998568 -0.0408223 -0.0342926 0 -0.0418999 -0.998621 -0.0313161 0 -0.0329676 0.0327088 -0.998921 0 -0.254924 -0.65898 0.0184255 1 
0.998567 -0.040835 -0.034312 0 -0.0419119 -0.998622 -0.0312764 0 -0.0329882 0.0326703 -0.998922 0 -0.254939 -0.658992 0.0184494 1 
0.998566 -0.0408578 -0.0343037 0 -0.041935 -0.998621 -0.0312907 0 -0.0329786 0.032685 -0.998921 0 -0.254948 -0.658986 0.0184396 1 
0.998568 -0.0408331 -0.0342835 0 -0.0419111 -0.99862 -0.0313371 0 -0.0329573 0.0327297 -0.998921 0 -0.254926 -0.658976 0.0184072 1 
0.99857 -0.0407938 -0.0342738 0 -0.0418708 -0.998623 -0.0313157 0 -0.0329498 0.0327067 -0.998922 0 -0.254898 -0.658993 0.0184176 1 
0.998572 -0.040734 -0.0342784 0 -0.0418095 -0.998627 -0.0312667 0 -0.0329583 0.0326558 -0.998923 0 -0.254861 -0.659025 0.0184464 1 
0.998575 -0.0406572 -0.0342885 0 -0.0417332 -0.99863 -0.0312729 0 -0.0329707 0.03266 -0.998923 0 -0.254817 -0.659042 0.0184451 1 
0.998577 -0.0406207 -0.0342708 0 -0.041697 -0.99863 -0.031296 0 -0.0329532 0.032681 -0.998922 0 -0.254784 -0.659044 0.0184294 1 
0.998577 -0.0406212 -0.034277 0 -0.0416977 -0.99863 -0.0312988 0 -0.0329593 0.0326842 -0.998922 0 -0.254786 -0.659044 0.0184293 1 
0.998576 -0.0406286 -0.0342827 0 -0.041705 -0.99863 -0.0312891 0 -0.0329652 0.032675 -0.998922 0 -0.25479 -0.659045 0.0184356 1 
0.998577 -0.0406193 -0.0342861 0 -0.0416952 -0.998631 -0.031272 0 -0.0329696 0.0326577 -0.998923 0 -0.254789 -0.659052 0.018446 1 
0.998576 -0.0406231 -0.0342889 0 -0.0416992 -0.998631 -0.0312743 0 -0.0329721 0.0326602 -0.998922 0 -0.25479 -0.659051 0.0184465 1 
0.998576 -0.0406362 -0.034294 0 -0.0417127 -0.99863 -0.0312816 0 -0.0329765 0.0326682 -0.998922 0 -0.254802 -0.659045 0.0184429 1 
0.998575 -0.0406482 -0.0342943 0 -0.0417249 -0.99863 -0.0312865 0 -0.0329762 0.0326735 -0.998922 0 -0.254811 -0.65904 0.0184414 1 
0.998576 -0.0406312 -0.034289 0 -0.0417077 -0.99863 -0.0312848 0 -0.0329716 0.032671 -0.998922 0 -0.254797 -0.659045 0.0184414 1 
0.998577 -0.0406126 -0.034288 0 -0.0416887 -0.998631 -0.0312746 0 -0.0329715 0.0326601 -0.998923 0 -0.254781 -0.659054 0.018447 1 
0.998579 -0.0405665 -0.0342723 0 -0.0416418 -0.998634 -0.0312678 0 -0.0329576 0.0326512 -0.998923 0 -0.254754 -0.659066 0.018448 1 
0.998583 -0.0404847 -0.0342545 0 -0.0415602 -0.998636 -0.0312917 0 -0.0329416 0.0326716 -0.998923 0 -0.25469 -0.659081 0.0184258 1 
0.998586 -0.0403999 -0.0342634 0 -0.0414749 -0.998641 -0.0312635 0 -0.0329545 0.032641 -0.998924 0 -0.254634 -0.659112 0.0184443 1 
0.998588 -0.0403436 -0.034283 0 -0.0414169 -0.998645 -0.0311977 0 -0.0329785 0.0325741 -0.998925 0 -0.254604 -0.659151 0.0184854 1 
0.998591 -0.0402834 -0.0342775 0 -0.041357 -0.998647 -0.0312108 0 -0.0329745 0.0325851 -0.998925 0 -0.254564 -0.659164 0.0184726 1 
0.998593 -0.0402265 -0.034265 0 -0.0413011 -0.998648 -0.0312525 0 -0.0329622 0.0326244 -0.998924 0 -0.254525 -0.659163 0.0184463 1 
0.998592 -0.0402332 -0.0342834 0 -0.0413066 -0.99865 -0.0312 0 -0.0329824 0.0325728 -0.998925 0 -0.254528 -0.659181 0.0184779 1 
0.998591 -0.0402491 -0.0343036 0 -0.041322 -0.99865 -0.0311631 0 -0.0330036 0.0325373 -0.998925 0 -0.254548 -0.65919 0.018503 1 
0.99859 -0.040263 -0.0343073 0 -0.0413363 -0.998649 -0.03117 0 -0.0330066 0.0325448 -0.998925 0 -0.254558 -0.659186 0.0184973 1 
0.99859 -0.0402729 -0.0343085 0 -0.0413466 -0.998648 -0.0311841 0 -0.0330069 0.0325593 -0.998925 0 -0.254564 -0.659179 0.0184883 1 
0.998589 -0.0402858 -0.0343245 0 -0.0413591 -0.998649 -0.0311538 0 -0.0330237 0.0325301 -0.998925 0 -0.254581 -0.659185 0.0185079 1 
0.998588 -0.0403025 -0.0343373 0 -0.0413756 -0.998649 -0.031136 0 -0.0330367 0.0325134 -0.998925 0 -0.254594 -0.659189 0.0185184 1 
0.998588 -0.0403028 -0.0343401 0 -0.0413759 -0.998649 -0.0311337 0 -0.0330396 0.0325112 -0.998925 0 -0.254594 -0.659191 0.0185186 1 
0.998586 -0.0403264 -0.0343586 0 -0.0413996 -0.998648 -0.0311202 0 -0.0330578 0.0324992 -0.998925 0 -0.254618 -0.659189 0.0185285 1 
0.998584 -0.0403666 -0.034363 0 -0.0414399 -0.998647 -0.0311165 0 -0.0330611 0.0324971 -0.998925 0 -0.254648 -0.65918 0.0185323 1 
0.998581 -0.0404369 -0.0343606 0 -0.0415099 -0.998644 -0.0311081 0 -0.0330567 0.0324909 -0.998925 0 -0.254693 -0.659166 0.0185349 1 
0.998578 -0.0405098 -0.0343617 0 -0.0415829 -0.998641 -0.0311116 0 -0.0330553 0.0324968 -0.998925 0 -0.254739 -0.659147 0.018533 1 
0.998575 -0.040577 -0.0343697 0 -0.04165 -0.998638 -0.0311003 0 -0.0330616 0.0324881 -0.998925 0 -0.254786 -0.659133 0.0185407 1 
0.998572 -0.0406444 -0.034386 0 -0.0417164 -0.998637 -0.0310554 0 -0.0330775 0.0324461 -0.998926 0 -0.254832 -0.659134 0.0185683 1 
0.998569 -0.0406972 -0.0344022 0 -0.0417678 -0.998637 -0.0309961 0 -0.0330945 0.0323893 -0.998927 0 -0.254869 -0.659142 0.0186088 1 
0.998569 -0.0407048 -0.0344183 0 -0.0417739 -0.998638 -0.0309338 0 -0.0331129 0.032328 -0.998929 0 -0.254879 -0.659161 0.0186516 1 
0.998569 -0.0406779 -0.0344384 0 -0.0417446 -0.998642 -0.0308433 0 -0.0331376 0.0322374 -0.998931 0 -0.254869 -0.659196 0.0187151 1 
0.998569 -0.0406592 -0.0344664 0 -0.0417233 -0.998647 -0.0307383 0 -0.0331706 0.032133 -0.998933 0 -0.254863 -0.659236 0.0187959 1 
0.998569 -0.0406334 -0.0344946 0 -0.0416944 -0.998652 -0.0306183 0 -0.0332046 0.0320133 -0.998936 0 -0.254858 -0.659281 0.0188765 1 
0.998569 -0.0406195 -0.0345014 0 -0.0416805 -0.998652 -0.0306089 0 -0.0332122 0.0320038 -0.998936 0 -0.254848 -0.659289 0.0188854 1 
0.998569 -0.0406404 -0.0344818 0 -0.0417034 -0.998649 -0.0306893 0 -0.0331886 0.032084 -0.998934 0 -0.254857 -0.659256 0.0188345 1 
0.998568 -0.0406669 -0.0344832 0 -0.0417312 -0.998647 -0.030728 0 -0.0331876 0.0321236 -0.998933 0 -0.254876 -0.659234 0.0188161 1 
