0.998587 -0.0424773 -0.0316384 0 -0.0434423 -0.998582 -0.0304635 0 -0.0303001 0.0317955 -0.999035 0 -0.265396 -0.654862 0.0225127 1 
0.998587 -0.0424672 -0.0316448 0 -0.0434317 -0.998583 -0.0304405 0 -0.0303078 0.0317725 -0.999036 0 -0.265392 -0.654873 0.0225265 1 
0.998587 -0.042465 -0.0316452 0 -0.0434295 -0.998583 -0.0304431 0 -0.0303082 0.031775 -0.999035 0 -0.265391 -0.654872 0.0225248 1 
0.998587 -0.0424617 -0.031639 0 -0.0434261 -0.998583 -0.0304468 0 -0.0303019 0.0317784 -0.999035 0 -0.265386 -0.654872 0.0225237 1 
0.998587 -0.0424572 -0.0316438 0 -0.0434219 -0.998583 -0.0304493 0 -0.0303067 0.0317809 -0.999035 0 -0.265385 -0.654872 0.0225243 1 
0.998587 -0.0424652 -0.0316482 0 -0.04343 -0.998583 -0.0304472 0 -0.030311 0.0317793 -0.999035 0 -0.265395 -0.65487 0.0225257 1 
0.998587 -0.0424627 -0.0316382 0 -0.0434271 -0.998583 -0.0304472 0 -0.0303011 0.0317788 -0.999036 0 -0.265387 -0.654871 0.0225224 1 
0.998588 -0.0424565 -0.0316376 0 -0.043421 -0.998583 -0.0304465 0 -0.0303007 0.0317778 -0.999036 0 -0.265382 -0.654874 0.0225243 1 
0.998588 -0.0424552 -0.0316369 0 -0.0434197 -0.998583 -0.0304499 0 -0.0302999 0.0317812 -0.999035 0 -0.265382 -0.654872 0.0225224 1 
0.998587 -0.0424705 -0.0316395 0 -0.0434352 -0.998582 -0.0304518 0 -0.0303019 0.0317836 -0.999035 0 -0.26539 -0.654869 0.0225221 1 
0.998587 -0.0424676 -0.0316421 0 -0.0434325 -0.998582 -0.0304564 0 -0.0303045 0.0317883 -0.999035 0 -0.265391 -0.654867 0.022522 1 
0.998587 -0.0424683 -0.0316398 0 -0.0434331 -0.998582 -0.0304568 0 -0.0303021 0.0317886 -0.999035 0 -0.26539 -0.654867 0.0225218 1 
0.998587 -0.0424732 -0.0316413 0 -0.0434381 -0.998582 -0.0304558 0 -0.0303035 0.0317878 -0.999035 0 -0.265395 -0.654866 0.0225226 1 
0.998587 -0.0424722 -0.0316455 0 -0.0434371 -0.998582 -0.0304534 0 -0.0303078 0.0317856 -0.999035 0 -0.265396 -0.654867 0.0225222 1 
0.998587 -0.0424679 -0.0316403 0 -0.0434327 -0.998582 -0.0304561 0 -0.0303026 0.0317879 -0.999035 0 -0.265391 -0.654867 0.0225201 1 
0.998587 -0.0424706 -0.0316374 0 -0.0434355 -0.998582 -0.0304613 0 -0.0302994 0.031793 -0.999035 0 -0.26539 -0.654865 0.0225188 1 
0.998587 -0.0424656 -0.0316384 0 -0.0434304 -0.998582 -0.0304557 0 -0.0303008 0.0317873 -0.999035 0 -0.265389 -0.654868 0.0225207 1 
0.998587 -0.0424721 -0.0316354 0 -0.043437 -0.998582 -0.0304634 0 -0.0302972 0.0317951 -0.999035 0 -0.265389 -0.654865 0.0225183 1 
0.998587 -0.0424623 -0.0316395 0 -0.0434273 -0.998582 -0.0304627 0 -0.0303017 0.0317943 -0.999035 0 -0.26539 -0.654865 0.0225194 1 
0.998587 -0.0424668 -0.0316415 0 -0.0434317 -0.998582 -0.030458 0 -0.0303037 0.0317898 -0.999035 0 -0.265393 -0.654866 0.0225207 1 
0.998587 -0.0424624 -0.0316369 0 -0.0434271 -0.998583 -0.0304556 0 -0.0302994 0.0317871 -0.999035 0 -0.265386 -0.654869 0.0225224 1 
0.998587 -0.0424625 -0.0316357 0 -0.0434272 -0.998583 -0.0304582 0 -0.0302981 0.0317897 -0.999035 0 -0.265383 -0.654869 0.0225201 1 
0.998587 -0.0424717 -0.0316367 0 -0.0434367 -0.998582 -0.0304671 0 -0.0302985 0.0317988 -0.999035 0 -0.265389 -0.654864 0.0225155 1 
0.998587 -0.0424732 -0.0316388 0 -0.0434379 -0.998582 -0.0304543 0 -0.0303011 0.0317862 -0.999035 0 -0.265391 -0.654868 0.0225213 1 
0.998588 -0.0424523 -0.0316356 0 -0.0434173 -0.998583 -0.0304664 0 -0.030298 0.0317975 -0.999035 0 -0.265382 -0.654866 0.022516 1 
0.998587 -0.0424657 -0.0316379 0 -0.0434307 -0.998582 -0.0304642 0 -0.0302999 0.0317959 -0.999035 0 -0.265388 -0.654865 0.0225172 1 
0.998587 -0.0424768 -0.0316435 0 -0.0434419 -0.998582 -0.0304613 0 -0.0303053 0.0317935 -0.999035 0 -0.265398 -0.654863 0.0225198 1 
0.998587 -0.0424739 -0.0316411 0 -0.0434392 -0.998582 -0.0304703 0 -0.0303026 0.0318023 -0.999035 0 -0.265398 -0.65486 0.0225152 1 
0.998586 -0.0424813 -0.0316424 0 -0.0434465 -0.998582 -0.0304648 0 -0.030304 0.0317971 -0.999035 0 -0.265399 -0.654861 0.0225168 1 
0.998586 -0.0424943 -0.0316436 0 -0.0434597 -0.998581 -0.0304705 0 -0.0303045 0.0318033 -0.999035 0 -0.265407 -0.654856 0.0225149 1 
0.998586 -0.0424917 -0.0316457 0 -0.043457 -0.998581 -0.0304672 0 -0.0303068 0.0318 -0.999035 0 -0.265407 -0.654857 0.0225171 1 
0.998586 -0.042499 -0.0316452 0 -0.0434642 -0.998581 -0.030463 0 -0.0303062 0.031796 -0.999035 0 -0.265414 -0.654855 0.022518 1 
0.998584 -0.0425339 -0.0316554 0 -0.0434993 -0.998579 -0.0304611 0 -0.0303153 0.0317956 -0.999035 0 -0.265439 -0.654847 0.0225214 1 
0.998583 -0.0425549 -0.0316643 0 -0.0435201 -0.998579 -0.0304434 0 -0.0303243 0.0317789 -0.999035 0 -0.265448 -0.65485 0.0225296 1 
0.998583 -0.0425448 -0.031657 0 -0.0435097 -0.998579 -0.0304444 0 -0.0303174 0.0317793 -0.999035 0 -0.265441 -0.654852 0.0225288 1 
0.998584 -0.0425223 -0.0316528 0 -0.0434873 -0.99858 -0.0304464 0 -0.0303138 0.0317804 -0.999035 0 -0.265425 -0.654857 0.0225266 1 
0.998585 -0.0425102 -0.0316513 0 -0.043475 -0.998581 -0.0304447 0 -0.0303128 0.0317783 -0.999035 0 -0.26542 -0.65486 0.0225265 1 
0.998584 -0.0425198 -0.0316534 0 -0.0434848 -0.99858 -0.0304486 0 -0.0303144 0.0317825 -0.999035 0 -0.265426 -0.654857 0.0225264 1 
0.998584 -0.0425264 -0.0316539 0 -0.0434914 -0.99858 -0.0304461 0 -0.0303148 0.0317803 -0.999035 0 -0.26543 -0.654857 0.0225284 1 
0.998585 -0.0425188 -0.0316512 0 -0.0434838 -0.99858 -0.0304499 0 -0.0303121 0.0317838 -0.999035 0 -0.265426 -0.654857 0.0225263 1 
0.998585 -0.0425204 -0.0316489 0 -0.0434854 -0.99858 -0.0304557 0 -0.0303096 0.0317894 -0.999035 0 -0.265424 -0.654855 0.0225244 1 
0.998585 -0.0425176 -0.0316492 0 -0.0434825 -0.99858 -0.0304495 0 -0.0303102 0.0317832 -0.999035 0 -0.265422 -0.654858 0.0225273 1 
0.998585 -0.0425124 -0.0316489 0 -0.0434771 -0.998581 -0.0304451 0 -0.0303103 0.0317786 -0.999035 0 -0.265418 -0.654861 0.022527 1 
0.998585 -0.0425033 -0.0316449 0 -0.0434681 -0.998581 -0.0304511 0 -0.0303063 0.0317842 -0.999035 0 -0.265413 -0.654861 0.0225245 1 
0.998586 -0.0424869 -0.0316448 0 -0.0434514 -0.998582 -0.0304413 0 -0.0303071 0.0317738 -0.999035 0 -0.2654 -0.654869 0.0225263 1 
0.998587 -0.0424661 -0.0316431 0 -0.0434299 -0.998584 -0.0304202 0 -0.030307 0.0317521 -0.999036 0 -0.265389 -0.654881 0.0225348 1 
0.998586 -0.0424784 -0.0316584 0 -0.043442 -0.998584 -0.0303987 0 -0.0303228 0.0317316 -0.999036 0 -0.2654 -0.654886 0.0225475 1 
0.998586 -0.0424841 -0.0316559 0 -0.0434478 -0.998583 -0.0304007 0 -0.0303201 0.0317337 -0.999036 0 -0.265403 -0.654884 0.0225459 1 
0.998586 -0.0424798 -0.0316531 0 -0.0434434 -0.998584 -0.0304014 0 -0.0303174 0.0317342 -0.999036 0 -0.265403 -0.654884 0.0225483 1 
0.998586 -0.0424895 -0.0316553 0 -0.0434534 -0.998583 -0.0304091 0 -0.030319 0.0317423 -0.999036 0 -0.265406 -0.654879 0.0225427 1 
0.998585 -0.0424932 -0.0316573 0 -0.0434572 -0.998583 -0.0304125 0 -0.0303207 0.0317459 -0.999036 0 -0.265413 -0.654877 0.022543 1 
0.998587 -0.0424737 -0.0316344 0 -0.0434384 -0.998582 -0.030457 0 -0.0302965 0.0317887 -0.999035 0 -0.265394 -0.654866 0.0225197 1 
0.998588 -0.042458 -0.0316217 0 -0.0434233 -0.998582 -0.0304934 0 -0.0302828 0.0318241 -0.999035 0 -0.26538 -0.654856 0.0224968 1 
0.998589 -0.042437 -0.0316162 0 -0.0434024 -0.998582 -0.0305007 0 -0.0302777 0.0318305 -0.999035 0 -0.265364 -0.65486 0.0224914 1 
0.99859 -0.0424159 -0.0316171 0 -0.0433806 -0.998584 -0.0304769 0 -0.0302802 0.0318061 -0.999035 0 -0.265353 -0.654873 0.0225022 1 
0.99859 -0.0424146 -0.031616 0 -0.0433791 -0.998584 -0.0304706 0 -0.0302795 0.0317997 -0.999036 0 -0.265347 -0.654877 0.0225048 1 
0.998591 -0.0424069 -0.0316048 0 -0.0433715 -0.998584 -0.030486 0 -0.0302678 0.0318144 -0.999035 0 -0.26534 -0.654874 0.022499 1 
0.99859 -0.0424279 -0.0316001 0 -0.0433934 -0.998582 -0.0305202 0 -0.030261 0.031849 -0.999034 0 -0.265348 -0.654857 0.0224807 1 
0.998589 -0.0424513 -0.0316063 0 -0.0434171 -0.998581 -0.0305244 0 -0.0302662 0.0318542 -0.999034 0 -0.265365 -0.65485 0.0224805 1 
0.998589 -0.0424476 -0.0316152 0 -0.0434131 -0.998582 -0.0305053 0 -0.0302761 0.0318354 -0.999034 0 -0.265368 -0.654856 0.0224944 1 
0.998589 -0.0424481 -0.0316124 0 -0.0434131 -0.998582 -0.0304938 0 -0.0302737 0.0318238 -0.999035 0 -0.265364 -0.654861 0.0224981 1 
0.998588 -0.0424552 -0.0316145 0 -0.0434206 -0.998581 -0.0305027 0 -0.0302752 0.031833 -0.999035 0 -0.265371 -0.654856 0.0224943 1 
0.998589 -0.0424376 -0.0316077 0 -0.0434025 -0.998583 -0.0304913 0 -0.0302695 0.0318208 -0.999035 0 -0.265355 -0.654866 0.0225012 1 
0.998591 -0.0423946 -0.0315985 0 -0.043359 -0.998585 -0.0304874 0 -0.0302619 0.0318152 -0.999036 0 -0.265325 -0.654878 0.0224986 1 
0.99859 -0.0424192 -0.0316022 0 -0.0433841 -0.998583 -0.0304991 0 -0.0302643 0.0318278 -0.999035 0 -0.265343 -0.654867 0.0224961 1 
0.998588 -0.0424728 -0.0316037 0 -0.0434368 -0.998582 -0.0304693 0 -0.0302654 0.0317996 -0.999036 0 -0.265369 -0.654863 0.0225334 1 
0.998584 -0.0426175 -0.0315345 0 -0.0435711 -0.998584 -0.0301947 0 -0.0302036 0.0315265 -0.999046 0 -0.265358 -0.654947 0.0226997 1 
0.998582 -0.0425572 -0.0316666 0 -0.0435007 -0.998601 -0.0297268 0 -0.0303578 0.0310628 -0.999056 0 -0.265347 -0.655112 0.0230412 1 
0.998582 -0.0424074 -0.031876 0 -0.0433392 -0.998626 -0.0291325 0 -0.0305974 0.0304732 -0.999067 0 -0.26531 -0.655337 0.0234935 1 
0.998586 -0.042127 -0.0321294 0 -0.0430412 -0.998662 -0.028313 0 -0.0308943 0.0296564 -0.999083 0 -0.2652 -0.655667 0.0240927 1 
0.998598 -0.0416558 -0.0323775 0 -0.0425474 -0.99871 -0.0273544 0 -0.0311969 0.0286942 -0.999101 0 -0.26496 -0.656092 0.0247954 1 
0.998619 -0.0410144 -0.0325403 0 -0.0418781 -0.998766 -0.0263193 0 -0.0314213 0.0276462 -0.999124 0 -0.264573 -0.65659 0.0255417 1 
0.998653 -0.0400648 -0.0326662 0 -0.0408986 -0.998834 -0.0252697 0 -0.0316163 0.0265722 -0.999147 0 -0.263965 -0.657179 0.0263958 1 
0.998701 -0.0390781 -0.0324099 0 -0.0399058 -0.998874 -0.0252968 0 -0.0313854 0.0265578 -0.999154 0 -0.26306 -0.657575 0.0271633 1 
0.998738 -0.0383776 -0.0320939 0 -0.0392086 -0.998891 -0.0256772 0 -0.0310735 0.0269036 -0.999155 0 -0.26198 -0.657901 0.0278044 1 
0.998765 -0.0378055 -0.0319514 0 -0.0386405 -0.998907 -0.0259303 0 -0.0309367 0.0271334 -0.999153 0 -0.260876 -0.658231 0.0283617 1 
0.998791 -0.0371791 -0.0318723 0 -0.0380204 -0.998924 -0.0262074 0 -0.0308642 0.027388 -0.999148 0 -0.259738 -0.658524 0.0288239 1 
0.998816 -0.0366262 -0.0317245 0 -0.0374712 -0.998938 -0.0264632 0 -0.0307221 0.0276212 -0.999146 0 -0.258606 -0.658762 0.029165 1 
0.998837 -0.0361286 -0.03161 0 -0.0369751 -0.998952 -0.0266197 0 -0.0306157 0.027758 -0.999146 0 -0.2574 -0.659014 0.0294468 1 
0.998856 -0.0356548 -0.0315513 0 -0.0365007 -0.998968 -0.0266541 0 -0.030569 0.0277758 -0.999147 0 -0.2562 -0.65931 0.0296756 1 
0.998868 -0.0353972 -0.0314773 0 -0.0362416 -0.998977 -0.0266742 0 -0.0305016 0.0277853 -0.999148 0 -0.254933 -0.659652 0.0298437 1 
0.998855 -0.0357502 -0.0314939 0 -0.0365918 -0.998968 -0.0265648 0 -0.0305123 0.0276873 -0.999151 0 -0.253707 -0.660066 0.0300071 1 
0.998853 -0.0357506 -0.0315371 0 -0.0365892 -0.998971 -0.0264256 0 -0.0305605 0.0275498 -0.999153 0 -0.25255 -0.660506 0.0301274 1 
0.998857 -0.0356563 -0.0315346 0 -0.0364907 -0.998978 -0.0262926 0 -0.0305655 0.0274137 -0.999157 0 -0.251437 -0.660946 0.030179 1 
0.99885 -0.0358475 -0.0315344 0 -0.0366785 -0.998974 -0.026181 0 -0.0305641 0.0273081 -0.99916 0 -0.250377 -0.661363 0.0302017 1 
0.998842 -0.0360258 -0.0315893 0 -0.0368558 -0.99897 -0.026098 0 -0.0306172 0.0272325 -0.99916 0 -0.249481 -0.661714 0.0302292 1 
0.998842 -0.0359888 -0.031629 0 -0.0368182 -0.998973 -0.0260437 0 -0.0306599 0.0271786 -0.99916 0 -0.248786 -0.661983 0.0302464 1 
0.998839 -0.0359859 -0.031728 0 -0.0368187 -0.998972 -0.0260646 0 -0.030758 0.027203 -0.999157 0 -0.248289 -0.662163 0.0302342 1 
0.998838 -0.0358673 -0.031904 0 -0.0367068 -0.998975 -0.0261297 0 -0.0309347 0.027271 -0.999149 0 -0.247991 -0.662267 0.0302282 1 
0.998843 -0.0356035 -0.0320338 0 -0.0364489 -0.998982 -0.0262065 0 -0.0310687 0.0273443 -0.999143 0 -0.247806 -0.662324 0.0302107 1 
0.998845 -0.0354767 -0.0321034 0 -0.0363273 -0.998984 -0.0263122 0 -0.0311379 0.0274486 -0.999138 0 -0.247704 -0.662326 0.0301698 1 
0.998842 -0.0355064 -0.0321681 0 -0.0363617 -0.99898 -0.026403 0 -0.0311984 0.0275427 -0.999134 0 -0.247717 -0.662288 0.0301468 1 
0.998839 -0.0355717 -0.0321988 0 -0.0364301 -0.998976 -0.0264761 0 -0.0312247 0.0276189 -0.999131 0 -0.24777 -0.662244 0.0301202 1 
0.998834 -0.0356555 -0.0322593 0 -0.0365201 -0.998969 -0.0266194 0 -0.0312775 0.027767 -0.999125 0 -0.247837 -0.662169 0.0300604 1 
0.998825 -0.0357984 -0.0323753 0 -0.0366724 -0.998958 -0.0268185 0 -0.0313821 0.0279748 -0.999116 0 -0.247964 -0.66205 0.0300002 1 
0.998814 -0.0359811 -0.0325118 0 -0.0368651 -0.998945 -0.0270112 0 -0.0315062 0.0281783 -0.999106 0 -0.248116 -0.661928 0.0299423 1 
0.998804 -0.0361345 -0.0326466 0 -0.0370287 -0.998934 -0.0272153 0 -0.031629 0.0283921 -0.999096 0 -0.248258 -0.661809 0.029875 1 
0.998792 -0.0363265 -0.032794 0 -0.0372332 -0.998919 -0.0274741 0 -0.0317612 0.0286625 -0.999084 0 -0.248423 -0.661658 0.0297849 1 
0.998781 -0.0365217 -0.0329294 0 -0.0374412 -0.998904 -0.0277525 0 -0.0318803 0.0289521 -0.999072 0 -0.24859 -0.661499 0.029681 1 
0.998772 -0.0366794 -0.0330077 0 -0.037611 -0.998889 -0.0280578 0 -0.0319425 0.0292654 -0.999061 0 -0.248717 -0.661336 0.0295566 1 
0.998767 -0.0368102 -0.0330165 0 -0.0377527 -0.998874 -0.0283892 0 -0.0319349 0.0296013 -0.999052 0 -0.248797 -0.661174 0.0293977 1 
0.998764 -0.036928 -0.0329805 0 -0.0378791 -0.998861 -0.0286927 0 -0.0318839 0.0299071 -0.999044 0 -0.248858 -0.661031 0.0292248 1 
0.998759 -0.0370663 -0.0329812 0 -0.038025 -0.998848 -0.0289315 0 -0.0318714 0.0301502 -0.999037 0 -0.248947 -0.660915 0.0290707 1 
0.998749 -0.0372718 -0.0330565 0 -0.0382407 -0.998833 -0.02918 0 -0.031931 0.0304082 -0.999027 0 -0.24911 -0.660785 0.0289167 1 
0.99874 -0.037488 -0.0330797 0 -0.0384662 -0.998816 -0.029446 0 -0.0319373 0.0306819 -0.999019 0 -0.249263 -0.660646 0.028741 1 
0.998733 -0.0377038 -0.0330447 0 -0.0386894 -0.9988 -0.0297103 0 -0.0318855 0.0309517 -0.999012 0 -0.249396 -0.660505 0.0285293 1 
0.998722 -0.0379272 -0.0331167 0 -0.038916 -0.99879 -0.0297443 0 -0.0319491 0.0309956 -0.999009 0 -0.249565 -0.660415 0.0283562 1 
0.998712 -0.0381584 -0.0331627 0 -0.0391538 -0.998776 -0.029902 0 -0.0319818 0.0311625 -0.999003 0 -0.249735 -0.660294 0.0281823 1 
0.998706 -0.0383193 -0.0331413 0 -0.0393174 -0.998766 -0.0300096 0 -0.0319511 0.0312744 -0.999 0 -0.249834 -0.660202 0.0279785 1 
0.998702 -0.0384247 -0.0331435 0 -0.039423 -0.998762 -0.0300141 0 -0.0319498 0.0312824 -0.999 0 -0.249903 -0.660145 0.027767 1 
0.998699 -0.0384941 -0.0331582 0 -0.039494 -0.998758 -0.0300475 0 -0.031961 0.0313185 -0.998998 0 -0.249953 -0.660093 0.0275877 1 
0.998697 -0.0385556 -0.0331472 0 -0.0395574 -0.998754 -0.0301182 0 -0.0319452 0.0313908 -0.998997 0 -0.24999 -0.660041 0.0274175 1 
0.998694 -0.0386047 -0.0331718 0 -0.0396053 -0.998754 -0.0300571 0 -0.0319708 0.0313323 -0.998998 0 -0.250028 -0.660019 0.0272587 1 
0.998692 -0.0386456 -0.0331889 0 -0.0396452 -0.998754 -0.0300048 0 -0.0319886 0.0312819 -0.998999 0 -0.250062 -0.660003 0.0271311 1 
0.998689 -0.0386897 -0.0332354 0 -0.0396887 -0.998754 -0.0299455 0 -0.032036 0.0312259 -0.998999 0 -0.250104 -0.660001 0.0270538 1 
0.998685 -0.0387436 -0.0332934 0 -0.0397434 -0.998752 -0.0299128 0 -0.0320936 0.0311973 -0.998998 0 -0.250163 -0.659998 0.0270017 1 
0.998678 -0.0388325 -0.0333879 0 -0.039835 -0.998749 -0.0299047 0 -0.0321855 0.0311958 -0.998995 0 -0.250255 -0.65998 0.0269473 1 
0.99867 -0.0389365 -0.0335111 0 -0.0399404 -0.998747 -0.0298273 0 -0.0323083 0.0311267 -0.998993 0 -0.250363 -0.659978 0.0269363 1 
0.998662 -0.0390529 -0.0336235 0 -0.0400562 -0.998746 -0.029703 0 -0.032422 0.0310107 -0.998993 0 -0.250477 -0.65999 0.0269449 1 
0.998654 -0.0391886 -0.0337052 0 -0.0401908 -0.998744 -0.0295903 0 -0.0325039 0.0309057 -0.998994 0 -0.250599 -0.659994 0.026947 1 
0.998645 -0.0393418 -0.0337778 0 -0.0403439 -0.99874 -0.0295169 0 -0.0325746 0.0308402 -0.998993 0 -0.250731 -0.659994 0.0269423 1 
0.998638 -0.0394784 -0.0338324 0 -0.0404794 -0.998737 -0.0294322 0 -0.0326284 0.0307622 -0.998994 0 -0.250842 -0.66001 0.0269409 1 
0.998633 -0.0395612 -0.0338726 0 -0.0405594 -0.998738 -0.0293057 0 -0.0326711 0.0306401 -0.998996 0 -0.250922 -0.660057 0.0269457 1 
0.998631 -0.0395849 -0.0339175 0 -0.0405799 -0.998741 -0.02917 0 -0.0327207 0.0305071 -0.998999 0 -0.250967 -0.660121 0.0269679 1 
0.998628 -0.0396237 -0.0339559 0 -0.0406166 -0.998742 -0.0290672 0 -0.0327621 0.0304071 -0.999001 0 -0.251004 -0.660168 0.0269878 1 
0.998626 -0.0396532 -0.033974 0 -0.0406452 -0.998742 -0.0290249 0 -0.0327809 0.0303665 -0.999001 0 -0.251035 -0.660189 0.0269812 1 
0.998626 -0.0396539 -0.0339722 0 -0.040646 -0.998742 -0.0290278 0 -0.032779 0.0303693 -0.999001 0 -0.251043 -0.660199 0.0269491 1 
0.998625 -0.0396835 -0.0339768 0 -0.0406765 -0.99874 -0.0290506 0 -0.0327818 0.0303932 -0.999 0 -0.25107 -0.660199 0.0268984 1 
0.998624 -0.0397375 -0.0339523 0 -0.0407331 -0.998735 -0.0291534 0 -0.0327515 0.0304968 -0.998998 0 -0.251099 -0.660165 0.0267968 1 
0.998623 -0.0397925 -0.033902 0 -0.0407924 -0.998727 -0.0293308 0 -0.0326924 0.0306739 -0.998995 0 -0.251121 -0.660099 0.0266495 1 
0.998619 -0.0398902 -0.0338973 0 -0.0408942 -0.998719 -0.0294596 0 -0.0326794 0.0308058 -0.998991 0 -0.251192 -0.660033 0.0264983 1 
0.998609 -0.0400739 -0.0339827 0 -0.0410788 -0.998713 -0.0294078 0 -0.0327611 0.0307635 -0.99899 0 -0.251336 -0.659988 0.026328 1 
0.998602 -0.0402339 -0.0339877 0 -0.0412388 -0.998707 -0.0294026 0 -0.0327614 0.0307637 -0.99899 0 -0.251456 -0.659954 0.0261017 1 
0.998595 -0.0403613 -0.034062 0 -0.0413599 -0.99871 -0.0291387 0 -0.0328426 0.0305071 -0.998995 0 -0.251583 -0.660028 0.0259151 1 
0.998585 -0.0405053 -0.0341673 0 -0.041496 -0.998714 -0.0288021 0 -0.0329574 0.0301797 -0.999001 0 -0.251736 -0.660165 0.0257667 1 
0.998578 -0.0406257 -0.0342282 0 -0.0416116 -0.998715 -0.0286004 0 -0.033023 0.0299846 -0.999005 0 -0.251871 -0.660285 0.0256011 1 
0.998572 -0.0407253 -0.0342997 0 -0.0417062 -0.998717 -0.0283839 0 -0.0331004 0.0297744 -0.999008 0 -0.251999 -0.660411 0.0254458 1 
0.998567 -0.0408098 -0.0343477 0 -0.0417877 -0.998717 -0.0282511 0 -0.0331514 0.0296465 -0.999011 0 -0.252106 -0.660521 0.025307 1 
0.998564 -0.0408692 -0.034369 0 -0.0418459 -0.998717 -0.0281933 0 -0.0331733 0.0295916 -0.999011 0 -0.252184 -0.660609 0.0251353 1 
0.99856 -0.0409317 -0.0343954 0 -0.0419075 -0.998715 -0.0281456 0 -0.0331998 0.0295471 -0.999012 0 -0.252264 -0.660693 0.0249592 1 
0.998556 -0.0410129 -0.0344326 0 -0.0419865 -0.998715 -0.0280459 0 -0.0332387 0.0294516 -0.999013 0 -0.252369 -0.660803 0.0247911 1 
0.998551 -0.0411104 -0.034447 0 -0.0420848 -0.99871 -0.0280558 0 -0.0332498 0.0294654 -0.999013 0 -0.252472 -0.660864 0.0245635 1 
0.998541 -0.0412944 -0.0345253 0 -0.0422724 -0.998701 -0.0280936 0 -0.033321 0.0295126 -0.999009 0 -0.252655 -0.660889 0.0243403 1 
0.998526 -0.0415287 -0.0346611 0 -0.0425129 -0.998689 -0.0281589 0 -0.033447 0.0295915 -0.999002 0 -0.252894 -0.660886 0.0241227 1 
0.998514 -0.0417229 -0.034769 0 -0.042713 -0.998679 -0.028237 0 -0.0335456 0.0296807 -0.998996 0 -0.25315 -0.660878 0.0238666 1 
0.998508 -0.0418384 -0.0348136 0 -0.0428328 -0.998671 -0.0283258 0 -0.0335828 0.0297752 -0.998992 0 -0.253367 -0.660878 0.0235887 1 
0.998498 -0.0420361 -0.034862 0 -0.0430374 -0.998658 -0.0284853 0 -0.0336185 0.0299434 -0.998986 0 -0.253584 -0.660855 0.0232663 1 
0.998492 -0.042182 -0.0348683 0 -0.0431931 -0.998643 -0.0287722 0 -0.033608 0.0302354 -0.998978 0 -0.253748 -0.660771 0.0229207 1 
0.99849 -0.0422581 -0.0348221 0 -0.0432783 -0.99863 -0.0290836 0 -0.0335461 0.0305473 -0.99897 0 -0.25386 -0.660667 0.0225917 1 
0.998488 -0.042316 -0.0348224 0 -0.0433404 -0.998624 -0.0292097 0 -0.0335391 0.0306754 -0.998967 0 -0.253946 -0.660597 0.0223338 1 
0.998482 -0.0423246 -0.0349846 0 -0.0433361 -0.998639 -0.0286806 0 -0.0337237 0.0301537 -0.998976 0 -0.254039 -0.660719 0.0223966 1 
0.99848 -0.0422953 -0.0350565 0 -0.0433014 -0.998647 -0.0284565 0 -0.0338062 0.0299318 -0.99898 0 -0.254067 -0.660821 0.022497 1 
0.998481 -0.0422636 -0.0350793 0 -0.0432674 -0.998651 -0.0283667 0 -0.0338337 0.0298419 -0.998982 0 -0.254067 -0.660869 0.0225312 1 
0.998482 -0.0422598 -0.0350646 0 -0.043265 -0.99865 -0.0284217 0 -0.0338168 0.0298961 -0.998981 0 -0.254062 -0.660851 0.0225012 1 
0.998481 -0.0422792 -0.0350514 0 -0.0432862 -0.998647 -0.028487 0 -0.0338002 0.0299615 -0.998979 0 -0.254071 -0.660825 0.0224503 1 
0.99848 -0.0423102 -0.0350494 0 -0.0433186 -0.998644 -0.0285299 0 -0.0337955 0.0300054 -0.998978 0 -0.25409 -0.660803 0.0224276 1 
0.998479 -0.0423263 -0.0350578 0 -0.0433354 -0.998643 -0.028544 0 -0.0338027 0.0300204 -0.998978 0 -0.254118 -0.66079 0.0224202 1 
0.998479 -0.0423223 -0.0350503 0 -0.0433319 -0.998643 -0.0285638 0 -0.0337945 0.0300397 -0.998977 0 -0.254123 -0.66078 0.0224114 1 
0.998479 -0.0423178 -0.0350535 0 -0.0433274 -0.998643 -0.0285586 0 -0.033798 0.0300345 -0.998977 0 -0.254124 -0.660781 0.0224179 1 
0.998479 -0.042336 -0.0350516 0 -0.0433469 -0.998641 -0.0286017 0 -0.0337937 0.0300781 -0.998976 0 -0.254154 -0.660757 0.0224023 1 
0.998482 -0.0422638 -0.0350336 0 -0.0432751 -0.998643 -0.0286284 0 -0.0337767 0.0301016 -0.998976 0 -0.254155 -0.660744 0.0223909 1 
0.998488 -0.0421391 -0.0350325 0 -0.0431491 -0.99865 -0.0285921 0 -0.033781 0.0300611 -0.998977 0 -0.254124 -0.660769 0.0224152 1 
0.99849 -0.0421046 -0.0350225 0 -0.0431149 -0.998651 -0.0286092 0 -0.0337713 0.0300765 -0.998977 0 -0.254098 -0.660773 0.022415 1 
0.998491 -0.0420899 -0.0350103 0 -0.0431013 -0.99865 -0.0286542 0 -0.0337577 0.0301205 -0.998976 0 -0.254084 -0.660763 0.0223999 1 
0.998494 -0.0420321 -0.0349923 0 -0.043043 -0.998653 -0.0286548 0 -0.0337414 0.0301184 -0.998977 0 -0.254044 -0.660778 0.0224144 1 
0.998497 -0.0419381 -0.0349965 0 -0.0429484 -0.998657 -0.0286345 0 -0.0337493 0.0300951 -0.998977 0 -0.253981 -0.660812 0.0224432 1 
0.998502 -0.0418489 -0.034962 0 -0.042863 -0.998657 -0.0287787 0 -0.0337114 0.0302348 -0.998974 0 -0.253918 -0.660803 0.0224375 1 
0.998506 -0.0417982 -0.0349276 0 -0.0428151 -0.998656 -0.0288919 0 -0.0336737 0.0303448 -0.998972 0 -0.253871 -0.660796 0.0224364 1 
0.998506 -0.0417939 -0.0349271 0 -0.0428104 -0.998656 -0.0288826 0 -0.0336737 0.0303353 -0.998972 0 -0.253866 -0.660803 0.0224541 1 
0.998506 -0.0417854 -0.0349229 0 -0.0428028 -0.998656 -0.0289086 0 -0.0336687 0.0303608 -0.998972 0 -0.253867 -0.660796 0.0224498 1 
0.998506 -0.0417996 -0.0349067 0 -0.042818 -0.998654 -0.0289546 0 -0.03365 0.0304066 -0.998971 0 -0.253864 -0.660779 0.0224365 1 
0.998507 -0.0417837 -0.0349097 0 -0.042802 -0.998654 -0.0289519 0 -0.0336537 0.0304035 -0.998971 0 -0.253857 -0.660782 0.0224466 1 
0.998507 -0.0417941 -0.0348982 0 -0.0428134 -0.998653 -0.0289876 0 -0.0336404 0.030439 -0.99897 0 -0.253862 -0.66077 0.0224446 1 
0.998508 -0.0417883 -0.0348728 0 -0.0428092 -0.998651 -0.0290612 0 -0.0336119 0.0305113 -0.998969 0 -0.253845 -0.660754 0.02243 1 
0.99851 -0.0417452 -0.0348592 0 -0.0427651 -0.998653 -0.0290446 0 -0.0336004 0.0304927 -0.99897 0 -0.25381 -0.660774 0.0224513 1 
0.998513 -0.0416968 -0.0348477 0 -0.0427171 -0.998655 -0.0290656 0 -0.0335895 0.0305115 -0.99897 0 -0.253778 -0.660784 0.0224681 1 
0.998518 -0.0416168 -0.0347853 0 -0.0426404 -0.998653 -0.0292208 0 -0.0335231 0.0306614 -0.998968 0 -0.253707 -0.660765 0.0224521 1 
0.998522 -0.0415464 -0.034755 0 -0.0425717 -0.998654 -0.0292983 0 -0.0334916 0.0307352 -0.998966 0 -0.253648 -0.660763 0.0224603 1 
0.998528 -0.0414505 -0.0347092 0 -0.0424737 -0.998659 -0.0292791 0 -0.0334497 0.0307109 -0.998968 0 -0.253571 -0.660792 0.022487 1 
0.998536 -0.0413325 -0.0346276 0 -0.042353 -0.998664 -0.029275 0 -0.0333719 0.0306993 -0.998971 0 -0.253464 -0.66082 0.0225084 1 
0.998541 -0.0412334 -0.0345938 0 -0.0422554 -0.998666 -0.0293526 0 -0.033338 0.0307721 -0.99897 0 -0.253388 -0.660821 0.0225174 1 
0.998546 -0.0411647 -0.0345413 0 -0.0421885 -0.998666 -0.0294537 0 -0.0332834 0.0308687 -0.998969 0 -0.253324 -0.66081 0.0225187 1 
0.99855 -0.0411015 -0.0344985 0 -0.0421249 -0.998668 -0.0294811 0 -0.0332415 0.0308922 -0.99897 0 -0.253261 -0.660811 0.0225219 1 
0.998549 -0.0410999 -0.0345162 0 -0.0421238 -0.998668 -0.0294794 0 -0.0332592 0.0308912 -0.998969 0 -0.253266 -0.660805 0.0225621 1 
0.998544 -0.0411875 -0.0345439 0 -0.0422122 -0.998664 -0.0294788 0 -0.0332842 0.0308946 -0.998968 0 -0.253331 -0.66078 0.022609 1 
0.99854 -0.0412956 -0.0345417 0 -0.0423221 -0.998658 -0.0295358 0 -0.0332762 0.0309551 -0.998967 0 -0.253399 -0.66073 0.0226307 1 
0.998537 -0.0413859 -0.0345179 0 -0.042416 -0.99865 -0.0296632 0 -0.0332443 0.0310845 -0.998964 0 -0.253452 -0.660665 0.022636 1 
0.998533 -0.0414909 -0.0345079 0 -0.0425263 -0.99864 -0.0298312 0 -0.0332239 0.0312556 -0.998959 0 -0.253515 -0.660579 0.0226335 1 
0.998527 -0.041608 -0.0345564 0 -0.0426495 -0.998631 -0.0299696 0 -0.0332628 0.0313999 -0.998953 0 -0.253603 -0.660486 0.02262 1 
0.998523 -0.0416983 -0.0345501 0 -0.0427434 -0.998623 -0.0300817 0 -0.0332489 0.0315147 -0.99895 0 -0.253654 -0.660413 0.0225911 1 
0.998522 -0.041743 -0.0345142 0 -0.0427914 -0.998617 -0.0302143 0 -0.0332058 0.0316472 -0.998947 0 -0.253664 -0.660344 0.0225367 1 
0.998521 -0.0417831 -0.0345112 0 -0.0428346 -0.998613 -0.0303133 0 -0.0331973 0.0317474 -0.998944 0 -0.253686 -0.660286 0.0225074 1 
0.998518 -0.041854 -0.034521 0 -0.0429079 -0.998607 -0.0303764 0 -0.0332022 0.0318132 -0.998942 0 -0.253732 -0.660241 0.0224906 1 
0.998515 -0.0419079 -0.0345166 0 -0.0429627 -0.998604 -0.0304059 0 -0.0331948 0.0318443 -0.998941 0 -0.253766 -0.660215 0.0224749 1 
0.998514 -0.0419351 -0.0345234 0 -0.0429901 -0.998603 -0.0304071 0 -0.0332007 0.0318467 -0.998941 0 -0.253786 -0.660205 0.0224805 1 
0.998512 -0.0419679 -0.0345356 0 -0.0430225 -0.998602 -0.0303805 0 -0.033213 0.0318217 -0.998942 0 -0.253811 -0.660206 0.0225015 1 
0.998513 -0.0419624 -0.0345285 0 -0.0430173 -0.998602 -0.0303997 0 -0.0332052 0.0318404 -0.998941 0 -0.253809 -0.660198 0.0224941 1 
0.998513 -0.0419575 -0.034515 0 -0.0430132 -0.998601 -0.030436 0 -0.0331904 0.0318759 -0.998941 0 -0.253801 -0.660185 0.0224744 1 
0.998513 -0.0419801 -0.03451 0 -0.0430371 -0.998599 -0.0304769 0 -0.0331828 0.0319174 -0.99894 0 -0.25381 -0.660162 0.0224544 1 
0.998514 -0.0419781 -0.0344794 0 -0.0430369 -0.998596 -0.0305639 0 -0.0331486 0.032003 -0.998938 0 -0.253801 -0.660125 0.0224187 1 
0.998515 -0.0419787 -0.0344344 0 -0.0430412 -0.998591 -0.0307179 0 -0.0330971 0.032155 -0.998935 0 -0.253782 -0.660056 0.0223522 1 
0.998516 -0.0420008 -0.0343886 0 -0.0430689 -0.998583 -0.0309329 0 -0.0330413 0.0323687 -0.99893 0 -0.253783 -0.659956 0.0222597 1 
0.998517 -0.0420457 -0.0343078 0 -0.04312 -0.998573 -0.0311993 0 -0.0329477 0.032633 -0.998924 0 -0.253779 -0.659832 0.0221399 1 
0.998521 -0.0420556 -0.0341845 0 -0.0431375 -0.998561 -0.0315537 0 -0.0328089 0.0329823 -0.998917 0 -0.25374 -0.65967 0.0219849 1 
0.998525 -0.0420452 -0.0340681 0 -0.0431351 -0.99855 -0.0319128 0 -0.0326775 0.0333359 -0.99891 0 -0.253679 -0.659513 0.0218402 1 
0.998526 -0.0420609 -0.034035 0 -0.0431558 -0.998543 -0.0321021 0 -0.0326358 0.0335242 -0.998905 0 -0.253677 -0.65942 0.0217571 1 
0.998524 -0.0420853 -0.0340546 0 -0.0431804 -0.998542 -0.0320846 0 -0.0326553 0.0335084 -0.998905 0 -0.253705 -0.659416 0.0217738 1 
0.998525 -0.0420547 -0.0340605 0 -0.0431484 -0.998545 -0.0320379 0 -0.0326642 0.0334609 -0.998906 0 -0.25369 -0.659438 0.0217998 1 
0.998527 -0.0420142 -0.0340611 0 -0.0431057 -0.998549 -0.0319718 0 -0.032669 0.0333936 -0.998908 0 -0.253662 -0.659474 0.0218357 1 
0.99853 -0.0419361 -0.0340512 0 -0.0430259 -0.998554 -0.0319278 0 -0.0326637 0.0333466 -0.99891 0 -0.25361 -0.659506 0.0218625 1 
0.998533 -0.0418582 -0.0340669 0 -0.0429472 -0.998559 -0.0318897 0 -0.0326836 0.0333066 -0.998911 0 -0.253561 -0.659538 0.021886 1 
0.998534 -0.0418202 -0.0340742 0 -0.042909 -0.998561 -0.0318734 0 -0.0326929 0.0332894 -0.998911 0 -0.253536 -0.659554 0.0219 1 
0.998534 -0.0418318 -0.034078 0 -0.0429213 -0.99856 -0.0318898 0 -0.0326956 0.0333064 -0.99891 0 -0.253547 -0.659545 0.0218917 1 
0.998533 -0.0418519 -0.0340778 0 -0.0429423 -0.998558 -0.0319217 0 -0.0326933 0.0333388 -0.998909 0 -0.253563 -0.659528 0.0218739 1 
0.99853 -0.0418987 -0.0340951 0 -0.0429906 -0.998555 -0.0319479 0 -0.0327078 0.0333674 -0.998908 0 -0.253596 -0.659507 0.0218663 1 
0.998525 -0.0419994 -0.0341276 0 -0.0430939 -0.998549 -0.0319962 0 -0.0327349 0.0334203 -0.998905 0 -0.253675 -0.659464 0.0218487 1 
0.998518 -0.0421583 -0.0341422 0 -0.0432561 -0.998539 -0.0320786 0 -0.0327405 0.0335085 -0.998902 0 -0.253788 -0.659392 0.021809 1 
0.998508 -0.0423553 -0.0341857 0 -0.0434583 -0.998527 -0.032195 0 -0.0327723 0.0336332 -0.998897 0 -0.253939 -0.659288 0.0217655 1 
0.998501 -0.0424991 -0.0342169 0 -0.043606 -0.998518 -0.03228 0 -0.0327949 0.0337243 -0.998893 0 -0.254085 -0.659199 0.0217375 1 
0.998503 -0.0424201 -0.0342558 0 -0.0435281 -0.998521 -0.032274 0 -0.0328367 0.0337174 -0.998892 0 -0.254236 -0.659152 0.0217471 1 
0.998493 -0.0425946 -0.0343163 0 -0.0437015 -0.998517 -0.0321784 0 -0.0328954 0.0336302 -0.998893 0 -0.254377 -0.65914 0.0217947 1 
0.998485 -0.0427359 -0.0343769 0 -0.0438394 -0.998516 -0.032012 0 -0.0329585 0.0334712 -0.998896 0 -0.254504 -0.659171 0.0218661 1 
0.99848 -0.0428127 -0.034438 0 -0.0439117 -0.998519 -0.0318162 0 -0.0330255 0.0332807 -0.9989 0 -0.254581 -0.659236 0.0219429 1 
0.998474 -0.0428768 -0.0345326 0 -0.0439695 -0.998526 -0.0315291 0 -0.0331304 0.033 -0.998906 0 -0.254657 -0.659345 0.0220653 1 
0.998467 -0.0429208 -0.0346599 0 -0.0440045 -0.998536 -0.0311346 0 -0.0332735 0.0326127 -0.998914 0 -0.254744 -0.659507 0.0222314 1 
0.998463 -0.0429277 -0.0347761 0 -0.0440032 -0.998548 -0.0307726 0 -0.0334052 0.0322562 -0.998921 0 -0.254794 -0.659666 0.0223861 1 
0.998458 -0.0429402 -0.0348944 0 -0.0440074 -0.998559 -0.0304133 0 -0.0335388 0.0319026 -0.998928 0 -0.254854 -0.659817 0.0225471 1 
0.998455 -0.0429589 -0.0349767 0 -0.0440203 -0.998565 -0.0301648 0 -0.0336313 0.0316585 -0.998933 0 -0.254906 -0.659923 0.0226489 1 
0.998454 -0.0429616 -0.0349864 0 -0.0440224 -0.998566 -0.0301361 0 -0.0336422 0.0316303 -0.998933 0 -0.254913 -0.659936 0.0226569 1 
0.998455 -0.0429752 -0.0349523 0 -0.0440381 -0.998563 -0.0302307 0 -0.0336035 0.0317239 -0.998932 0 -0.254906 -0.659902 0.0225992 1 
0.998457 -0.0429783 -0.034902 0 -0.0440451 -0.998557 -0.0303943 0 -0.0335461 0.0318853 -0.998928 0 -0.254896 -0.659847 0.0224783 1 
0.998459 -0.0429702 -0.0348377 0 -0.044041 -0.998552 -0.0305746 0 -0.0334741 0.0320624 -0.998925 0 -0.254873 -0.659792 0.0223459 1 
0.998462 -0.0429515 -0.0347666 0 -0.0440271 -0.998546 -0.0307852 0 -0.0333944 0.0322692 -0.998921 0 -0.254836 -0.659731 0.0221934 1 
0.998466 -0.042935 -0.0346844 0 -0.0440153 -0.99854 -0.0310071 0 -0.0333031 0.0324868 -0.998917 0 -0.254803 -0.659664 0.0220192 1 
0.998469 -0.0429196 -0.0346078 0 -0.0440048 -0.998533 -0.0312279 0 -0.0332174 0.0327037 -0.998913 0 -0.254773 -0.659597 0.0218512 1 
0.998472 -0.0429063 -0.0345441 0 -0.0439955 -0.998528 -0.0314136 0 -0.0331461 0.032886 -0.998909 0 -0.254745 -0.659541 0.0217027 1 
0.998473 -0.0429191 -0.0345014 0 -0.0440118 -0.998523 -0.0315611 0 -0.0330965 0.033032 -0.998906 0 -0.254739 -0.659491 0.0215779 1 
0.998473 -0.0429378 -0.0344835 0 -0.0440311 -0.998521 -0.031598 0 -0.0330763 0.0330687 -0.998906 0 -0.254746 -0.659465 0.0214889 1 
0.998471 -0.0429152 -0.0345762 0 -0.0439983 -0.998535 -0.0311958 0 -0.0331874 0.03267 -0.998915 0 -0.254749 -0.659544 0.0214197 1 
0.998475 -0.0428443 -0.0345503 0 -0.0439263 -0.998538 -0.0311894 0 -0.0331642 0.0326601 -0.998916 0 -0.254695 -0.659545 0.0213035 1 
0.998478 -0.0428134 -0.0344999 0 -0.0438985 -0.998535 -0.0313332 0 -0.0331085 0.0328007 -0.998913 0 -0.254656 -0.659503 0.0211596 1 
0.998481 -0.0428002 -0.0344272 0 -0.0438904 -0.998528 -0.0315579 0 -0.0330265 0.0330216 -0.998909 0 -0.25463 -0.659432 0.0209882 1 
0.998483 -0.0428104 -0.034355 0 -0.0439057 -0.99852 -0.0317891 0 -0.0329439 0.0332499 -0.998904 0 -0.254614 -0.659351 0.0207754 1 
0.998484 -0.0428277 -0.0342999 0 -0.0439271 -0.998514 -0.031965 0 -0.0328805 0.0334238 -0.9989 0 -0.25461 -0.659273 0.0205465 1 
0.998485 -0.0428665 -0.0342268 0 -0.0439711 -0.998504 -0.0322024 0 -0.0327958 0.0336593 -0.998895 0 -0.254609 -0.659177 0.0203033 1 
0.998487 -0.0428818 -0.0341317 0 -0.0439935 -0.998493 -0.0325154 0 -0.0326866 0.0339684 -0.998888 0 -0.254599 -0.659062 0.0200299 1 
0.998489 -0.0429372 -0.0340251 0 -0.0440559 -0.998479 -0.032842 0 -0.0325638 0.034292 -0.998881 0 -0.254598 -0.658943 0.0197605 1 
0.998489 -0.0430146 -0.0339232 0 -0.0441397 -0.998466 -0.0331451 0 -0.0324461 0.034593 -0.998875 0 -0.254621 -0.658823 0.0195159 1 
0.998489 -0.0430819 -0.0338384 0 -0.0442125 -0.998454 -0.0334058 0 -0.0323475 0.0348521 -0.998869 0 -0.25464 -0.65872 0.0193008 1 
0.998485 -0.0431341 -0.0338725 0 -0.0442607 -0.998457 -0.0332465 0 -0.0323868 0.034696 -0.998873 0 -0.25468 -0.658712 0.019143 1 
0.998484 -0.0431526 -0.0338806 0 -0.0442771 -0.998459 -0.0331733 0 -0.0323975 0.0346238 -0.998875 0 -0.254694 -0.658702 0.0190308 1 
0.998485 -0.0431605 -0.0338454 0 -0.0442875 -0.998454 -0.033287 0 -0.032357 0.0347361 -0.998873 0 -0.254689 -0.658661 0.0189324 1 
0.998485 -0.0431674 -0.0338254 0 -0.0442961 -0.998452 -0.0333602 0 -0.0323335 0.0348086 -0.998871 0 -0.254692 -0.658633 0.0188717 1 
0.998484 -0.043202 -0.0338124 0 -0.0443319 -0.998448 -0.0334137 0 -0.032317 0.0348627 -0.998869 0 -0.254711 -0.658608 0.0188297 1 
0.998483 -0.0432581 -0.0337932 0 -0.0443894 -0.998444 -0.0334771 0 -0.0322931 0.034927 -0.998868 0 -0.254739 -0.658573 0.0187855 1 
0.998481 -0.0433093 -0.0337781 0 -0.0444415 -0.99844 -0.0335207 0 -0.0322742 0.0349716 -0.998867 0 -0.254769 -0.658546 0.0187454 1 
0.998479 -0.0433611 -0.0337564 0 -0.0444941 -0.998436 -0.0335688 0 -0.0322486 0.0350204 -0.998866 0 -0.254793 -0.658518 0.0187046 1 
0.998479 -0.0433748 -0.033737 0 -0.044509 -0.998433 -0.0336265 0 -0.0322262 0.0350777 -0.998865 0 -0.254805 -0.658493 0.0186565 1 
0.998481 -0.043367 -0.0336993 0 -0.0445029 -0.99843 -0.0337185 0 -0.0321847 0.0351677 -0.998863 0 -0.254786 -0.658464 0.0185752 1 
0.99848 -0.0433526 -0.0337455 0 -0.0444836 -0.998438 -0.0335188 0 -0.0322403 0.0349697 -0.998868 0 -0.254786 -0.65849 0.018474 1 
0.99848 -0.0433463 -0.0337675 0 -0.0444748 -0.998442 -0.0334171 0 -0.032267 0.0348688 -0.998871 0 -0.254787 -0.658485 0.0183254 1 
0.998481 -0.0433565 -0.0337278 0 -0.0444873 -0.998437 -0.0335313 0 -0.0322219 0.0349815 -0.998868 0 -0.254777 -0.658436 0.0181515 1 
0.99848 -0.0433356 -0.0337725 0 -0.0444611 -0.998446 -0.0333195 0 -0.0322767 0.0347711 -0.998874 0 -0.254776 -0.658454 0.0179793 1 
0.998479 -0.0433336 -0.0337976 0 -0.0444563 -0.99845 -0.0332036 0 -0.032307 0.0346563 -0.998877 0 -0.254778 -0.658446 0.0177863 1 
0.998479 -0.0433393 -0.033796 0 -0.0444596 -0.998452 -0.0331331 0 -0.0323083 0.0345859 -0.998879 0 -0.254778 -0.658426 0.0175726 1 
0.99848 -0.043321 -0.0337918 0 -0.0444392 -0.998455 -0.0330727 0 -0.0323074 0.0345247 -0.998882 0 -0.254761 -0.658408 0.0173464 1 
0.998482 -0.0432933 -0.0337678 0 -0.0444109 -0.998456 -0.0330784 0 -0.0322842 0.0345285 -0.998882 0 -0.25473 -0.658392 0.017177 1 
0.998482 -0.0432738 -0.0337789 0 -0.0443899 -0.998459 -0.0330205 0 -0.0322986 0.0344705 -0.998884 0 -0.254723 -0.658391 0.0170583 1 
0.99848 -0.043297 -0.0338187 0 -0.0444102 -0.998462 -0.032891 0 -0.0323432 0.0343436 -0.998887 0 -0.254746 -0.658406 0.0170236 1 
0.998478 -0.0433142 -0.033843 0 -0.0444267 -0.998463 -0.0328399 0 -0.0323692 0.0342941 -0.998887 0 -0.254766 -0.658422 0.0170492 1 
0.998476 -0.0433388 -0.0338952 0 -0.0444481 -0.998467 -0.0326876 0 -0.0324273 0.034145 -0.998891 0 -0.254807 -0.658479 0.0171212 1 
0.998472 -0.043378 -0.0339621 0 -0.0444825 -0.998473 -0.0324712 0 -0.0325023 0.033933 -0.998895 0 -0.254859 -0.658566 0.0172134 1 
0.998469 -0.0433924 -0.0340268 0 -0.0444929 -0.998478 -0.0322785 0 -0.032575 0.0337437 -0.9989 0 -0.254898 -0.658647 0.0172952 1 
0.998467 -0.0433996 -0.0340822 0 -0.0444964 -0.998484 -0.0321109 0 -0.0326375 0.0335789 -0.998903 0 -0.254929 -0.658718 0.0173692 1 
0.998465 -0.0434016 -0.0341213 0 -0.0444962 -0.998487 -0.0320008 0 -0.0326814 0.0334706 -0.998905 0 -0.254946 -0.658766 0.0174212 1 
0.998466 -0.0433869 -0.0341176 0 -0.0444806 -0.998489 -0.0319797 0 -0.0326792 0.0334489 -0.998906 0 -0.254937 -0.658779 0.0174275 1 
0.998466 -0.043386 -0.0341154 0 -0.0444805 -0.998488 -0.0320049 0 -0.0326759 0.0334739 -0.998905 0 -0.254937 -0.658771 0.0174161 1 
0.998466 -0.0433982 -0.0341135 0 -0.0444928 -0.998487 -0.0320118 0 -0.0326733 0.0334811 -0.998905 0 -0.254944 -0.658766 0.0174124 1 
0.998465 -0.0434049 -0.0341116 0 -0.0444992 -0.998487 -0.0320032 0 -0.0326715 0.0334727 -0.998905 0 -0.254946 -0.658767 0.0174153 1 
0.998466 -0.0433889 -0.0341107 0 -0.0444832 -0.998488 -0.0320025 0 -0.0326712 0.0334714 -0.998906 0 -0.254935 -0.658772 0.0174166 1 
0.998467 -0.0433685 -0.0340975 0 -0.0444622 -0.998489 -0.0320012 0 -0.0326587 0.0334689 -0.998906 0 -0.254914 -0.65878 0.0174187 1 
0.99847 -0.043319 -0.0340801 0 -0.0444128 -0.99849 -0.0320203 0 -0.0326421 0.0334855 -0.998906 0 -0.25488 -0.658784 0.0174074 1 
0.99847 -0.0433159 -0.0340821 0 -0.0444098 -0.99849 -0.0320233 0 -0.0326442 0.0334886 -0.998906 0 -0.254876 -0.658786 0.017409 1 
0.99847 -0.0433277 -0.0340815 0 -0.0444216 -0.99849 -0.0320224 0 -0.0326432 0.033488 -0.998906 0 -0.254882 -0.658784 0.0174101 1 
0.99847 -0.043317 -0.034081 0 -0.0444113 -0.99849 -0.0320341 0 -0.0326425 0.0334994 -0.998906 0 -0.254876 -0.658782 0.017407 1 
0.998471 -0.0433039 -0.034067 0 -0.0443978 -0.99849 -0.0320362 0 -0.0326289 0.0335004 -0.998906 0 -0.254863 -0.658784 0.0174041 1 
0.998473 -0.0432786 -0.0340565 0 -0.0443721 -0.998492 -0.0320373 0 -0.0326192 0.0335001 -0.998906 0 -0.254843 -0.65879 0.0174045 1 
0.998475 -0.0432419 -0.0340383 0 -0.0443348 -0.998493 -0.0320361 0 -0.0326024 0.033497 -0.998907 0 -0.254816 -0.658799 0.0174013 1 
0.998478 -0.0431974 -0.0340048 0 -0.0442885 -0.998496 -0.0320146 0 -0.0325713 0.0334725 -0.998909 0 -0.254772 -0.65882 0.0174068 1 
0.998481 -0.0431609 -0.0339543 0 -0.0442497 -0.998498 -0.0319965 0 -0.0325229 0.033451 -0.998911 0 -0.254732 -0.658835 0.0174066 1 
0.998483 -0.04314 -0.033935 0 -0.0442279 -0.998499 -0.0319912 0 -0.0325046 0.0334441 -0.998912 0 -0.254712 -0.658843 0.0174059 1 
0.998483 -0.0431408 -0.0339349 0 -0.0442292 -0.998499 -0.0320032 0 -0.032504 0.0334563 -0.998911 0 -0.254714 -0.658838 0.0174004 1 
0.998482 -0.0431549 -0.0339376 0 -0.0442433 -0.998498 -0.0320014 0 -0.0325062 0.033455 -0.998911 0 -0.254725 -0.658834 0.0174031 1 
0.998481 -0.0431726 -0.0339416 0 -0.0442616 -0.998497 -0.032014 0 -0.0325091 0.0334683 -0.998911 0 -0.254736 -0.658826 0.0173981 1 
0.998482 -0.0431665 -0.0339384 0 -0.0442556 -0.998497 -0.0320219 0 -0.0325058 0.0334759 -0.998911 0 -0.254733 -0.658824 0.0173953 1 
0.998483 -0.0431475 -0.0339328 0 -0.0442367 -0.998498 -0.032029 0 -0.0325005 0.0334821 -0.998911 0 -0.25472 -0.658826 0.0173909 1 
0.998483 -0.0431344 -0.0339303 0 -0.0442232 -0.998499 -0.0320203 0 -0.0324988 0.0334729 -0.998911 0 -0.254714 -0.658831 0.0173948 1 
0.998484 -0.0431274 -0.0339247 0 -0.0442163 -0.998499 -0.032027 0 -0.0324932 0.0334791 -0.998911 0 -0.254702 -0.658832 0.0173913 1 
0.998485 -0.0431105 -0.0339107 0 -0.0441993 -0.998499 -0.0320416 0 -0.0324791 0.0334926 -0.998911 0 -0.254687 -0.658831 0.0173819 1 
0.998486 -0.0431 -0.0339048 0 -0.0441888 -0.998499 -0.0320454 0 -0.0324734 0.0334958 -0.998911 0 -0.254677 -0.658832 0.0173817 1 
0.998486 -0.0430918 -0.033904 0 -0.044181 -0.998499 -0.0320577 0 -0.0324724 0.0335077 -0.998911 0 -0.254673 -0.658829 0.0173769 1 
0.998486 -0.0431034 -0.0339023 0 -0.0441929 -0.998498 -0.0320704 0 -0.0324697 0.0335207 -0.99891 0 -0.25468 -0.658821 0.0173714 1 
0.998485 -0.043119 -0.0339028 0 -0.0442084 -0.998498 -0.0320658 0 -0.0324698 0.0335167 -0.998911 0 -0.254687 -0.65882 0.0173755 1 
