2019-09-25 16:57:35 0.998847 -0.0315498 -0.0359225 0 -0.0299099 -0.998516 0.0453088 0 -0.0372993 -0.044183 -0.998327 0 -0.268065 -0.450976 0.495718 1 
2019-09-25 16:57:35 0.998848 -0.031531 -0.035913 0 -0.0298925 -0.998517 0.0452834 0 -0.0372883 -0.0441586 -0.998328 0 -0.268056 -0.450981 0.495705 1 
2019-09-25 16:57:35 0.998847 -0.0315346 -0.035923 0 -0.0298948 -0.998516 0.0453056 0 -0.0372991 -0.0441803 -0.998327 0 -0.268059 -0.450979 0.495717 1 
2019-09-25 16:57:35 0.998847 -0.031544 -0.0359196 0 -0.0299044 -0.998516 0.0453032 0 -0.037296 -0.0441777 -0.998327 0 -0.268062 -0.450976 0.495716 1 
2019-09-25 16:57:35 0.998847 -0.0315338 -0.0359218 0 -0.0298942 -0.998516 0.0453026 0 -0.0372978 -0.0441774 -0.998327 0 -0.268059 -0.45098 0.495714 1 
2019-09-25 16:57:35 0.998847 -0.0315398 -0.0359185 0 -0.0299001 -0.998516 0.0453057 0 -0.0372949 -0.0441804 -0.998327 0 -0.268058 -0.45098 0.495716 1 
2019-09-25 16:57:35 0.998847 -0.0315479 -0.0359225 0 -0.029908 -0.998516 0.0453062 0 -0.0372993 -0.0441804 -0.998327 0 -0.268062 -0.450978 0.495717 1 
2019-09-25 16:57:35 0.998847 -0.031543 -0.0359195 0 -0.0299032 -0.998516 0.0453099 0 -0.0372962 -0.0441844 -0.998327 0 -0.26806 -0.450979 0.495717 1 
2019-09-25 16:57:35 0.998847 -0.0315386 -0.035924 0 -0.0298988 -0.998516 0.0453051 0 -0.0373003 -0.0441796 -0.998327 0 -0.268062 -0.45098 0.495715 1 
2019-09-25 16:57:35 0.998847 -0.0315398 -0.0359201 0 -0.0299001 -0.998516 0.0453049 0 -0.0372964 -0.0441795 -0.998327 0 -0.26806 -0.450978 0.495716 1 
2019-09-25 16:57:36 0.998847 -0.0315389 -0.0359204 0 -0.0298992 -0.998516 0.0453055 0 -0.0372967 -0.0441801 -0.998327 0 -0.268059 -0.450979 0.495717 1 
2019-09-25 16:57:36 0.998847 -0.0315484 -0.0359171 0 -0.0299089 -0.998516 0.0453055 0 -0.0372938 -0.0441799 -0.998327 0 -0.268061 -0.450978 0.495715 1 
2019-09-25 16:57:36 0.998847 -0.0315657 -0.0359133 0 -0.0299268 -0.998516 0.0452925 0 -0.0372905 -0.0441664 -0.998328 0 -0.268069 -0.45097 0.495712 1 
2019-09-25 16:57:36 0.998847 -0.0315602 -0.0359118 0 -0.0299212 -0.998516 0.0452947 0 -0.0372888 -0.0441688 -0.998328 0 -0.268068 -0.450973 0.49571 1 
2019-09-25 16:57:36 0.998848 -0.0315376 -0.0359109 0 -0.0298993 -0.998517 0.0452779 0 -0.0372864 -0.0441529 -0.998329 0 -0.268059 -0.450978 0.495705 1 
2019-09-25 16:57:36 0.998847 -0.0315482 -0.0359145 0 -0.0299093 -0.998516 0.0452899 0 -0.0372907 -0.0441644 -0.998328 0 -0.268061 -0.450977 0.495709 1 
2019-09-25 16:57:36 0.998848 -0.0315237 -0.0359155 0 -0.0298845 -0.998517 0.0452955 0 -0.0372908 -0.0441709 -0.998328 0 -0.268052 -0.450983 0.495711 1 
2019-09-25 16:57:36 0.998847 -0.0315489 -0.035906 0 -0.0299114 -0.998518 0.0452629 0 -0.0372815 -0.0441376 -0.99833 0 -0.268064 -0.450976 0.495695 1 
2019-09-25 16:57:36 0.998848 -0.0315456 -0.0358952 0 -0.0299092 -0.998518 0.045245 0 -0.03727 -0.0441201 -0.998331 0 -0.268059 -0.450976 0.495687 1 
2019-09-25 16:57:36 0.998846 -0.031589 -0.0359155 0 -0.0299495 -0.998514 0.0453062 0 -0.0372941 -0.0441791 -0.998327 0 -0.268083 -0.450963 0.495717 1 
2019-09-25 16:57:36 0.998845 -0.031606 -0.0359194 0 -0.029966 -0.998514 0.0453128 0 -0.0372989 -0.0441849 -0.998327 0 -0.268092 -0.450963 0.495717 1 
2019-09-25 16:57:36 0.998843 -0.031662 -0.0359404 0 -0.0300192 -0.99851 0.0453633 0 -0.0373239 -0.0442327 -0.998324 0 -0.26812 -0.450954 0.495739 1 
2019-09-25 16:57:36 0.998843 -0.0316972 -0.0359017 0 -0.0300597 -0.998513 0.0452652 0 -0.0372838 -0.0441345 -0.99833 0 -0.268136 -0.450944 0.495693 1 
2019-09-25 16:57:36 0.998843 -0.0316996 -0.0359016 0 -0.0300626 -0.998513 0.0452533 0 -0.0372835 -0.0441225 -0.99833 0 -0.268136 -0.450945 0.495687 1 
2019-09-25 16:57:36 0.998839 -0.0317716 -0.0359337 0 -0.030129 -0.998506 0.0453638 0 -0.037322 -0.0442293 -0.998324 0 -0.268174 -0.450926 0.495739 1 
2019-09-25 16:57:36 0.998845 -0.031651 -0.0358838 0 -0.0300181 -0.998519 0.0451667 0 -0.0372609 -0.0440382 -0.998335 0 -0.268119 -0.450968 0.495643 1 
2019-09-25 16:57:36 0.998846 -0.031233 -0.0362321 0 -0.0295645 -0.998508 0.0457041 0 -0.0376063 -0.044581 -0.998298 0 -0.268008 -0.451253 0.495825 1 
2019-09-25 16:57:36 0.998817 -0.0306461 -0.0375117 0 -0.0288362 -0.998427 0.0478743 0 -0.0389206 -0.0467368 -0.998149 0 -0.267967 -0.451978 0.496978 1 
2019-09-25 16:57:37 0.99884 -0.0281888 -0.0387842 0 -0.0262618 -0.998428 0.0493278 0 -0.0401145 -0.048253 -0.998029 0 -0.267121 -0.453366 0.497862 1 
2019-09-25 16:57:37 0.998954 -0.0233407 -0.039082 0 -0.0214434 -0.998594 0.0482823 0 -0.0401548 -0.0473947 -0.998069 0 -0.265092 -0.455218 0.497407 1 
2019-09-25 16:57:37 0.999123 -0.0158839 -0.0384804 0 -0.0141743 -0.998908 0.0443002 0 -0.0391428 -0.0437167 -0.998277 0 -0.261898 -0.457897 0.495181 1 
2019-09-25 16:57:37 0.999201 -0.00815759 -0.0388834 0 -0.00655802 -0.999124 0.0410885 0 -0.0391853 -0.0408015 -0.998399 0 -0.258553 -0.461938 0.491995 1 
2019-09-25 16:57:37 0.999148 -0.00379824 -0.0408573 0 -0.00214829 -0.999174 0.0403512 0 -0.0409776 -0.0402298 -0.99835 0 -0.255218 -0.467564 0.488123 1 
2019-09-25 16:57:37 0.999096 -0.00202959 -0.042227 0 -0.000398201 -0.999245 0.0386061 0 -0.0422743 -0.0385551 -0.998362 0 -0.251185 -0.474298 0.482848 1 
2019-09-25 16:57:37 0.999023 -0.00420372 -0.0437686 0 -0.00248367 -0.999216 0.0392788 0 -0.0439002 -0.0391325 -0.998269 0 -0.246921 -0.482771 0.476311 1 
2019-09-25 16:57:37 0.998936 -0.0112655 -0.0445025 0 -0.00950655 -0.999163 0.0395408 0 -0.0449115 -0.0390764 -0.998226 0 -0.242194 -0.492054 0.468305 1 
2019-09-25 16:57:37 0.998832 -0.0172702 -0.0449216 0 -0.0155202 -0.999108 0.0390176 0 -0.0455563 -0.0382755 -0.998228 0 -0.236676 -0.501979 0.459201 1 
2019-09-25 16:57:37 0.998614 -0.0265224 -0.0452402 0 -0.0247084 -0.998877 0.0401955 0 -0.0462564 -0.0390227 -0.998167 0 -0.230974 -0.512475 0.449387 1 
2019-09-25 16:57:37 0.998206 -0.0390619 -0.0451641 0 -0.0371979 -0.99844 0.0413995 0 -0.0467117 -0.039646 -0.998121 0 -0.225119 -0.523487 0.43838 1 
2019-09-25 16:57:37 0.997414 -0.0562815 -0.0444784 0 -0.0543873 -0.997597 0.0427072 0 -0.0467761 -0.0401785 -0.998097 0 -0.219618 -0.534516 0.426099 1 
2019-09-25 16:57:37 0.996043 -0.0779506 -0.0424645 0 -0.0761091 -0.996146 0.0433842 0 -0.0456835 -0.0399814 -0.998156 0 -0.213474 -0.545674 0.412423 1 
2019-09-25 16:57:37 0.99403 -0.101261 -0.0403862 0 -0.0994791 -0.994059 0.0439402 0 -0.0445966 -0.0396611 -0.998217 0 -0.206863 -0.556955 0.397659 1 
2019-09-25 16:57:37 0.99208 -0.119124 -0.0395937 0 -0.117315 -0.992053 0.045257 0 -0.0446711 -0.0402544 -0.99819 0 -0.199359 -0.568562 0.382212 1 
2019-09-25 16:57:37 0.990375 -0.132603 -0.039417 0 -0.13072 -0.990294 0.0470274 0 -0.0452712 -0.041423 -0.998116 0 -0.190944 -0.580508 0.366348 1 
2019-09-25 16:57:37 0.989795 -0.136924 -0.0392116 0 -0.135028 -0.989692 0.0475094 0 -0.0453135 -0.0417308 -0.998101 0 -0.181169 -0.592764 0.350023 1 
2019-09-25 16:57:38 0.990184 -0.133926 -0.039745 0 -0.131954 -0.99005 0.0486791 0 -0.0458698 -0.0429576 -0.998023 0 -0.171227 -0.605057 0.334992 1 
2019-09-25 16:57:38 0.991905 -0.120304 -0.0403971 0 -0.118326 -0.991792 0.0482442 0 -0.0458704 -0.0430745 -0.998018 0 -0.160101 -0.617482 0.320091 1 
2019-09-25 16:57:38 0.993733 -0.103538 -0.0418941 0 -0.101514 -0.993673 0.0478571 0 -0.0465849 -0.0433052 -0.997975 0 -0.149565 -0.629848 0.306196 1 
2019-09-25 16:57:38 0.995183 -0.0876468 -0.0437018 0 -0.0856807 -0.995296 0.0449985 0 -0.0474411 -0.0410381 -0.998031 0 -0.139529 -0.641218 0.292259 1 
2019-09-25 16:57:38 0.996122 -0.0753729 -0.045168 0 -0.0734564 -0.996375 0.042687 0 -0.0482226 -0.0392044 -0.998067 0 -0.131379 -0.651638 0.279091 1 
2019-09-25 16:57:38 0.996699 -0.0659958 -0.0470841 0 -0.0641195 -0.997118 0.0403063 0 -0.0496095 -0.037155 -0.998077 0 -0.125029 -0.661177 0.264735 1 
2019-09-25 16:57:38 0.996916 -0.0614612 -0.0486029 0 -0.0596093 -0.997463 0.0386763 0 -0.0508576 -0.0356606 -0.998069 0 -0.121567 -0.669049 0.250705 1 
2019-09-25 16:57:38 0.996912 -0.0610673 -0.0491779 0 -0.0593275 -0.997576 0.0360936 0 -0.0512638 -0.0330652 -0.998138 0 -0.120672 -0.675399 0.235334 1 
2019-09-25 16:57:38 0.99679 -0.0615297 -0.0510315 0 -0.0597348 -0.997556 0.0359834 0 -0.0531218 -0.0328202 -0.998049 0 -0.122504 -0.680521 0.220548 1 
2019-09-25 16:57:38 0.996479 -0.0651647 -0.0525674 0 -0.0633802 -0.997368 0.03493 0 -0.0547063 -0.0314759 -0.998006 0 -0.127274 -0.683786 0.205303 1 
2019-09-25 16:57:38 0.996021 -0.0707652 -0.0539851 0 -0.0690265 -0.997045 0.0334204 0 -0.0561916 -0.0295616 -0.997982 0 -0.134814 -0.685055 0.190054 1 
2019-09-25 16:57:38 0.99544 -0.0783161 -0.0542744 0 -0.0766258 -0.996519 0.0325573 0 -0.0566363 -0.0282506 -0.997995 0 -0.144345 -0.684772 0.174938 1 
2019-09-25 16:57:38 0.994453 -0.0893996 -0.0552426 0 -0.0876841 -0.995601 0.0327385 0 -0.0579274 -0.0277135 -0.997936 0 -0.154926 -0.683603 0.161126 1 
2019-09-25 16:57:38 0.993718 -0.0955255 -0.0581452 0 -0.0937889 -0.995071 0.0319024 0 -0.0609073 -0.0262491 -0.997798 0 -0.166471 -0.681553 0.149149 1 
2019-09-25 16:57:38 0.992322 -0.10862 -0.0589903 0 -0.106949 -0.993778 0.0307882 0 -0.0619687 -0.0242433 -0.997784 0 -0.178041 -0.678777 0.138873 1 
2019-09-25 16:57:38 0.991316 -0.116608 -0.0606321 0 -0.114943 -0.992901 0.0302626 0 -0.0637318 -0.023031 -0.997701 0 -0.189141 -0.676177 0.131529 1 
2019-09-25 16:57:38 0.991251 -0.116308 -0.0622414 0 -0.114612 -0.992943 0.0301598 0 -0.0653112 -0.0227628 -0.997605 0 -0.199475 -0.673622 0.125422 1 
2019-09-25 16:57:38 0.992516 -0.104219 -0.0634946 0 -0.10263 -0.994321 0.0277977 0 -0.0660324 -0.0210736 -0.997595 0 -0.209299 -0.670585 0.120624 1 
2019-09-25 16:57:39 0.994772 -0.0792095 -0.0643 0 -0.0777204 -0.996643 0.0253413 0 -0.0660927 -0.0202118 -0.997609 0 -0.217645 -0.668032 0.116265 1 
2019-09-25 16:57:39 0.996684 -0.0490075 -0.0648149 0 -0.0476035 -0.998591 0.023031 0 -0.0658535 -0.0198696 -0.997631 0 -0.225457 -0.665544 0.111359 1 
2019-09-25 16:57:39 0.997718 -0.0231163 -0.0632799 0 -0.0218223 -0.99953 0.0210653 0 -0.0637383 -0.0196367 -0.997773 0 -0.23117 -0.663515 0.106346 1 
2019-09-25 16:57:39 0.998072 -0.00283876 -0.0618445 0 -0.00159872 -0.999787 0.0200912 0 -0.0618896 -0.0199539 -0.997884 0 -0.23577 -0.661761 0.100459 1 
2019-09-25 16:57:39 0.998029 0.016938 -0.0602647 0 0.0180191 -0.999676 0.0174407 0 -0.0599509 -0.0184926 -0.99803 0 -0.238531 -0.659988 0.0929998 1 
2019-09-25 16:57:39 0.9973 0.0416876 -0.0602961 0 0.0427739 -0.998933 0.0168387 0 -0.0595309 -0.0193727 -0.998038 0 -0.240575 -0.658978 0.0856037 1 
2019-09-25 16:57:39 0.996131 0.0635169 -0.0605675 0 0.0646504 -0.997755 0.0169395 0 -0.0593567 -0.0207901 -0.99802 0 -0.242129 -0.658138 0.077628 1 
2019-09-25 16:57:39 0.99591 0.0676134 -0.0597776 0 0.0689183 -0.997411 0.0200415 0 -0.0582689 -0.0240798 -0.99801 0 -0.243606 -0.65792 0.0705159 1 
2019-09-25 16:57:39 0.996759 0.0579705 -0.0556099 0 0.0593551 -0.997949 0.0235769 0 -0.0541301 -0.0268017 -0.998174 0 -0.24455 -0.657856 0.0639462 1 
2019-09-25 16:57:39 0.998046 0.0383509 -0.0491287 0 0.039741 -0.998818 0.0276375 0 -0.0480116 -0.0295365 -0.99841 0 -0.244543 -0.658584 0.0588352 1 
2019-09-25 16:57:39 0.99899 0.00568309 -0.0443621 0 0.0070745 -0.999476 0.0312709 0 -0.044162 -0.0315538 -0.998526 0 -0.244728 -0.659821 0.0539162 1 
2019-09-25 16:57:39 0.998556 -0.0309502 -0.0436814 0 -0.0294018 -0.998922 0.0356538 0 -0.0447387 -0.0343187 -0.998409 0 -0.245533 -0.662002 0.0505688 1 
2019-09-25 16:57:39 0.997568 -0.05342 -0.0445465 0 -0.0517915 -0.997965 0.0369433 0 -0.0464302 -0.034547 -0.998324 0 -0.246478 -0.663909 0.0474549 1 
2019-09-25 16:57:39 0.997559 -0.0520136 -0.0463872 0 -0.0502872 -0.998016 0.0376397 0 -0.0482539 -0.0352158 -0.998214 0 -0.247252 -0.665834 0.0449725 1 
2019-09-25 16:57:39 0.998155 -0.0365948 -0.0482462 0 -0.0348312 -0.998702 0.0369003 0 -0.0495349 -0.0351524 -0.998154 0 -0.247766 -0.667066 0.0427829 1 
2019-09-25 16:57:39 0.99875 -0.00674792 -0.0493258 0 -0.00511185 -0.999425 0.0332196 0 -0.0495225 -0.0329266 -0.99823 0 -0.247695 -0.66697 0.0402676 1 
2019-09-25 16:57:39 0.998614 0.0173077 -0.0495144 0 0.018768 -0.999388 0.0291792 0 -0.0489801 -0.0300686 -0.998347 0 -0.247541 -0.666146 0.0381908 1 
2019-09-25 16:57:40 0.998474 0.0242946 -0.0494026 0 0.025665 -0.999288 0.027297 0 -0.0487052 -0.0285238 -0.998406 0 -0.247744 -0.665582 0.0371063 1 
2019-09-25 16:57:40 0.998492 0.0238012 -0.0492741 0 0.025138 -0.999318 0.0266902 0 -0.0486062 -0.0278891 -0.998429 0 -0.248154 -0.665229 0.0366928 1 
2019-09-25 16:57:40 0.998525 0.0226394 -0.0491603 0 0.0239455 -0.999362 0.0261421 0 -0.048538 -0.0272812 -0.998449 0 -0.248918 -0.664763 0.0363005 1 
2019-09-25 16:57:40 0.998566 0.0210533 -0.0490195 0 0.0223065 -0.999425 0.0251607 0 -0.0484625 -0.0262186 -0.998481 0 -0.249967 -0.664043 0.035499 1 
2019-09-25 16:57:40 0.998569 0.0195993 -0.0495593 0 0.0208563 -0.999461 0.0249746 0 -0.049044 -0.0259729 -0.998459 0 -0.251053 -0.663425 0.0341508 1 
2019-09-25 16:57:40 0.998556 0.0185244 -0.0502255 0 0.0197865 -0.999488 0.0247485 0 -0.0497423 -0.025707 -0.998431 0 -0.251925 -0.662803 0.0322807 1 
2019-09-25 16:57:40 0.998533 0.018047 -0.0508578 0 0.0193358 -0.999492 0.0249649 0 -0.0503823 -0.0259122 -0.998394 0 -0.252371 -0.662426 0.0303025 1 
2019-09-25 16:57:40 0.99853 0.0183118 -0.0508313 0 0.0196112 -0.999481 0.0251823 0 -0.0503448 -0.0261426 -0.99839 0 -0.252039 -0.662307 0.028603 1 
2019-09-25 16:57:40 0.998621 0.0166905 -0.0495785 0 0.0179854 -0.999496 0.0257893 0 -0.049124 -0.026646 -0.998437 0 -0.251031 -0.662502 0.0275059 1 
2019-09-25 16:57:40 0.998866 0.00275672 -0.0473172 0 0.00406371 -0.999603 0.0275477 0 -0.0472234 -0.0277093 -0.9985 0 -0.250633 -0.662623 0.0269785 1 
2019-09-25 16:57:40 0.998859 -0.0123707 -0.0459195 0 -0.0110654 -0.999521 0.0285702 0 -0.0462518 -0.02803 -0.998536 0 -0.250788 -0.662525 0.026857 1 
2019-09-25 16:57:40 0.998726 -0.021244 -0.0455666 0 -0.0199339 -0.999371 0.0290132 0 -0.0461552 -0.0280685 -0.99854 0 -0.250821 -0.662511 0.0268488 1 
2019-09-25 16:57:40 0.998726 -0.0212157 -0.0455834 0 -0.0199093 -0.999374 0.0289253 0 -0.0461694 -0.0279814 -0.998542 0 -0.250825 -0.662483 0.0267998 1 
2019-09-25 16:57:40 0.998814 -0.0159024 -0.0458016 0 -0.0145996 -0.999474 0.0286408 0 -0.0462338 -0.0279387 -0.99854 0 -0.250843 -0.662474 0.0267856 1 
2019-09-25 16:57:40 0.998908 -0.00325762 -0.0464056 0 -0.00195332 -0.999593 0.028124 0 -0.0464792 -0.0280032 -0.998527 0 -0.251009 -0.662476 0.0268605 1 
2019-09-25 16:57:40 0.998858 0.00626125 -0.0471594 0 0.00758144 -0.999573 0.0278673 0 -0.0469657 -0.0281936 -0.998499 0 -0.251377 -0.662497 0.0270267 1 
2019-09-25 16:57:40 0.998817 0.00889622 -0.0476024 0 0.0102483 -0.999539 0.0282343 0 -0.0473302 -0.0286893 -0.998467 0 -0.251622 -0.662682 0.0272835 1 
2019-09-25 16:57:40 0.998812 0.00878487 -0.0477301 0 0.0101562 -0.999531 0.0285655 0 -0.0474577 -0.0290169 -0.998452 0 -0.251724 -0.662813 0.0274228 1 
2019-09-25 16:57:41 0.998835 0.00652822 -0.0476105 0 0.0079008 -0.999547 0.0286982 0 -0.0474025 -0.0290415 -0.998454 0 -0.25188 -0.662763 0.0274117 1 
2019-09-25 16:57:41 0.998875 -0.00494002 -0.0469555 0 -0.00357849 -0.999562 0.0290357 0 -0.0470793 -0.0288356 -0.998475 0 -0.252099 -0.662578 0.0271839 1 
2019-09-25 16:57:41 0.998757 -0.0179044 -0.0463084 0 -0.0165596 -0.999425 0.0292632 0 -0.0468066 -0.0284605 -0.998498 0 -0.252207 -0.662397 0.0268431 1 
2019-09-25 16:57:41 0.998589 -0.0263207 -0.0459172 0 -0.0249791 -0.999241 0.0295508 0 -0.0466611 -0.0283627 -0.998508 0 -0.25207 -0.66245 0.0266269 1 
2019-09-25 16:57:41 0.998578 -0.0266657 -0.04595 0 -0.0253081 -0.999223 0.0298773 0 -0.046712 -0.0286725 -0.998497 0 -0.25198 -0.662742 0.0265142 1 
2019-09-25 16:57:41 0.998616 -0.0244872 -0.0463465 0 -0.0230934 -0.999262 0.0303726 0 -0.0470569 -0.0292608 -0.998464 0 -0.251937 -0.663317 0.0262833 1 
2019-09-25 16:57:41 0.998785 -0.0136561 -0.0471392 0 -0.0122289 -0.999452 0.0304333 0 -0.0475299 -0.0298204 -0.998425 0 -0.252019 -0.663935 0.0258949 1 
2019-09-25 16:57:41 0.99884 0.00100208 -0.0479515 0 0.00243993 -0.999539 0.0299361 0 -0.0479003 -0.0300189 -0.998401 0 -0.252074 -0.664423 0.0252681 1 
2019-09-25 16:57:41 0.998731 0.0132894 -0.048377 0 0.0146828 -0.999475 0.0285616 0 -0.047973 -0.0292363 -0.998421 0 -0.252157 -0.664373 0.0243177 1 
2019-09-25 16:57:41 0.998528 0.0241046 -0.0483946 0 0.0254028 -0.999319 0.0263901 0 -0.0477265 -0.0275811 -0.99848 0 -0.252185 -0.663851 0.0230976 1 
2019-09-25 16:57:41 0.998381 0.029844 -0.0482218 0 0.0310538 -0.999207 0.0245382 0 -0.0474521 -0.0259964 -0.998535 0 -0.25221 -0.663344 0.0219109 1 
2019-09-25 16:57:41 0.998328 0.0311316 -0.0485098 0 0.0323391 -0.999172 0.0243094 0 -0.0477137 -0.0258381 -0.998527 0 -0.252301 -0.66332 0.0211873 1 
2019-09-25 16:57:41 0.998303 0.0310805 -0.0490433 0 0.0323378 -0.999153 0.0250548 0 -0.0482239 -0.0265988 -0.998482 0 -0.252635 -0.663733 0.0209967 1 
2019-09-25 16:57:41 0.998278 0.0307258 -0.0497788 0 0.0320799 -0.999121 0.0266353 0 -0.0489175 -0.0281869 -0.998405 0 -0.253294 -0.664505 0.0213004 1 
2019-09-25 16:57:41 0.998249 0.0302369 -0.0506509 0 0.0316979 -0.999087 0.0282943 0 -0.0497501 -0.0298509 -0.998316 0 -0.254253 -0.665309 0.0214772 1 
2019-09-25 16:57:41 0.998144 0.0328812 -0.0510709 0 0.0343572 -0.998999 0.0282979 0 -0.0500903 -0.0300006 -0.998294 0 -0.255136 -0.665396 0.020993 1 
2019-09-25 16:57:41 0.997915 0.0389271 -0.0512915 0 0.0403961 -0.998784 0.0279216 0 -0.0501432 -0.0299359 -0.998293 0 -0.255568 -0.665341 0.0207184 1 
2019-09-25 16:57:42 0.997789 0.0418448 -0.0514544 0 0.0433207 -0.998662 0.0279113 0 -0.0502186 -0.0300792 -0.998285 0 -0.255682 -0.665387 0.0207658 1 
2019-09-25 16:57:42 0.997718 0.0434613 -0.0514829 0 0.0449315 -0.998595 0.0277528 0 -0.0502054 -0.0300033 -0.998288 0 -0.255864 -0.665295 0.0207196 1 
2019-09-25 16:57:42 0.997666 0.0446313 -0.0514859 0 0.0460973 -0.998545 0.0276461 0 -0.050178 -0.0299555 -0.998291 0 -0.255852 -0.665275 0.0207013 1 
2019-09-25 16:57:42 0.997662 0.0447797 -0.0514304 0 0.0462446 -0.998538 0.0276544 0 -0.0501178 -0.0299687 -0.998294 0 -0.255799 -0.665287 0.0207086 1 
2019-09-25 16:57:42 0.997663 0.0447764 -0.0514317 0 0.0462434 -0.998537 0.0276946 0 -0.0501173 -0.0300088 -0.998292 0 -0.255796 -0.665295 0.0207462 1 
2019-09-25 16:57:42 0.997666 0.0449125 -0.051255 0 0.0463716 -0.998532 0.0276423 0 -0.0499393 -0.0299551 -0.998303 0 -0.255641 -0.665289 0.020725 1 
2019-09-25 16:57:42 0.997671 0.0449695 -0.051108 0 0.0464233 -0.99853 0.0276231 0 -0.0497917 -0.029932 -0.998311 0 -0.255533 -0.665264 0.0207711 1 
2019-09-25 16:57:42 0.997674 0.0450558 -0.0509715 0 0.0465128 -0.998522 0.0277673 0 -0.049646 -0.0300741 -0.998314 0 -0.255386 -0.665272 0.0210044 1 
2019-09-25 16:57:42 0.997671 0.0449326 -0.0511393 0 0.046433 -0.998504 0.0285381 0 -0.0497815 -0.0308467 -0.998284 0 -0.255464 -0.665478 0.0216607 1 
2019-09-25 16:57:42 0.99767 0.0446214 -0.0514186 0 0.0461692 -0.998494 0.0293175 0 -0.0500339 -0.0316238 -0.998247 0 -0.255733 -0.665705 0.0225687 1 
2019-09-25 16:57:42 0.997704 0.0442704 -0.051068 0 0.0457997 -0.998515 0.0291748 0 -0.0497016 -0.0314473 -0.998269 0 -0.255895 -0.665695 0.023323 1 
2019-09-25 16:57:42 0.997724 0.0441976 -0.0507402 0 0.0456997 -0.998529 0.0288334 0 -0.0493922 -0.0310872 -0.998296 0 -0.255791 -0.665501 0.0234855 1 
2019-09-25 16:57:42 0.997742 0.0443505 -0.0502385 0 0.0458035 -0.998544 0.0281485 0 -0.0489179 -0.0303866 -0.99834 0 -0.255505 -0.665227 0.0231171 1 
2019-09-25 16:57:42 0.997762 0.0445396 -0.049669 0 0.0459362 -0.998561 0.0273393 0 -0.0483807 -0.0295603 -0.998391 0 -0.255157 -0.664903 0.0226915 1 
2019-09-25 16:57:42 0.997777 0.044541 -0.0493687 0 0.0458987 -0.998579 0.0267165 0 -0.0481095 -0.0289237 -0.998423 0 -0.255035 -0.66462 0.0223897 1 
2019-09-25 16:57:42 0.997778 0.0443999 -0.0494913 0 0.0457688 -0.998581 0.0268777 0 -0.0482286 -0.0290837 -0.998413 0 -0.255139 -0.664605 0.022381 1 
2019-09-25 16:57:42 0.997779 0.0442203 -0.0496218 0 0.0456049 -0.998582 0.0271246 0 -0.0483528 -0.029328 -0.9984 0 -0.255273 -0.664632 0.0224244 1 
2019-09-25 16:57:43 0.997799 0.0437469 -0.0496416 0 0.0451305 -0.998604 0.0271023 0 -0.0483876 -0.0292836 -0.998399 0 -0.255566 -0.664504 0.0223467 1 
2019-09-25 16:57:43 0.997832 0.0430738 -0.0495664 0 0.0444362 -0.998645 0.0267197 0 -0.0483493 -0.0288649 -0.998413 0 -0.255957 -0.664209 0.0219838 1 
2019-09-25 16:57:43 0.99791 0.0413044 -0.0495068 0 0.0426465 -0.998733 0.0263666 0 -0.048356 -0.0284234 -0.998426 0 -0.256381 -0.663882 0.0214442 1 
2019-09-25 16:57:43 0.997953 0.0403589 -0.0494165 0 0.0416766 -0.998785 0.0259319 0 -0.0483108 -0.0279389 -0.998442 0 -0.256569 -0.663624 0.0208968 1 
2019-09-25 16:57:43 0.997971 0.0400617 -0.049297 0 0.0413678 -0.998802 0.0257645 0 -0.0482067 -0.0277521 -0.998452 0 -0.256508 -0.663567 0.020656 1 
2019-09-25 16:57:43 0.997978 0.0401668 -0.0490618 0 0.0414852 -0.998787 0.0261552 0 -0.0479526 -0.0281382 -0.998453 0 -0.256271 -0.66378 0.0207486 1 
2019-09-25 16:57:43 0.997996 0.0403149 -0.0485825 0 0.0416501 -0.998763 0.0267918 0 -0.0474432 -0.0287621 -0.99846 0 -0.255769 -0.664168 0.0208704 1 
2019-09-25 16:57:43 0.998004 0.0406574 -0.0481205 0 0.041986 -0.998746 0.0269285 0 -0.0469662 -0.0288957 -0.998478 0 -0.255366 -0.664312 0.0208139 1 
2019-09-25 16:57:43 0.998011 0.0408532 -0.0478071 0 0.0421752 -0.998736 0.0269777 0 -0.0466455 -0.0289409 -0.998492 0 -0.25511 -0.664381 0.0207606 1 
2019-09-25 16:57:43 0.998014 0.0409346 -0.0476795 0 0.0422508 -0.998734 0.0269329 0 -0.0465176 -0.0288944 -0.998499 0 -0.255017 -0.664383 0.0207106 1 
2019-09-25 16:57:43 0.998014 0.0409495 -0.0476699 0 0.0422664 -0.998733 0.0269527 0 -0.0465067 -0.0289145 -0.998499 0 -0.255006 -0.664391 0.0207198 1 
2019-09-25 16:57:43 0.998019 0.0408448 -0.047659 0 0.0421551 -0.998741 0.0268205 0 -0.0465044 -0.0287769 -0.998503 0 -0.255067 -0.664308 0.0206706 1 
2019-09-25 16:57:43 0.998034 0.0405745 -0.0475709 0 0.0418635 -0.998764 0.0264202 0 -0.046441 -0.0283603 -0.998518 0 -0.255229 -0.664058 0.0205048 1 
2019-09-25 16:57:43 0.998035 0.0404526 -0.0476396 0 0.0417388 -0.998772 0.0263199 0 -0.0465173 -0.0282571 -0.998518 0 -0.255355 -0.663972 0.0204946 1 
2019-09-25 16:57:43 0.998014 0.0409501 -0.0476623 0 0.0422354 -0.998752 0.0262791 0 -0.0465275 -0.0282405 -0.998518 0 -0.255365 -0.663965 0.0204919 1 
2019-09-25 16:57:43 0.998009 0.0410608 -0.0476658 0 0.0423486 -0.998746 0.026328 0 -0.0465259 -0.0282948 -0.998516 0 -0.255349 -0.663989 0.0205227 1 
2019-09-25 16:57:43 0.998008 0.0411173 -0.0476471 0 0.0424009 -0.998746 0.0262489 0 -0.046509 -0.0282174 -0.998519 0 -0.255339 -0.663961 0.0204892 1 
2019-09-25 16:57:43 0.998005 0.0411958 -0.0476495 0 0.0424759 -0.998745 0.0261717 0 -0.0465124 -0.028144 -0.998521 0 -0.255363 -0.663919 0.0204668 1 
2019-09-25 16:57:44 0.997995 0.0412954 -0.0477712 0 0.0425755 -0.998743 0.0260953 0 -0.0466344 -0.0280774 -0.998517 0 -0.255483 -0.663865 0.0204592 1 
2019-09-25 16:57:44 0.997997 0.0412534 -0.0477679 0 0.0425301 -0.998746 0.0260267 0 -0.0466352 -0.0280066 -0.998519 0 -0.255508 -0.663825 0.0204401 1 
2019-09-25 16:57:44 0.997996 0.0412495 -0.0477733 0 0.0425274 -0.998746 0.0260491 0 -0.0466398 -0.0280291 -0.998518 0 -0.2555 -0.663834 0.0204528 1 
2019-09-25 16:57:44 0.998011 0.0409222 -0.0477528 0 0.0422018 -0.998758 0.0261021 0 -0.0466262 -0.0280659 -0.998518 0 -0.255503 -0.663842 0.0204674 1 
2019-09-25 16:57:44 0.998079 0.0393286 -0.0476734 0 0.0406092 -0.998822 0.0261968 0 -0.0465879 -0.028083 -0.998519 0 -0.255483 -0.663851 0.0204669 1 
2019-09-25 16:57:44 0.998233 0.0353495 -0.0475576 0 0.0366326 -0.998971 0.0263844 0 -0.0465769 -0.0280805 -0.99852 0 -0.255527 -0.663831 0.0204592 1 
2019-09-25 16:57:44 0.998289 0.0338051 -0.0475046 0 0.0350896 -0.999024 0.0264693 0 -0.0465643 -0.0280914 -0.99852 0 -0.255599 -0.663805 0.0204648 1 
2019-09-25 16:57:44 0.998294 0.0336728 -0.0474921 0 0.0349575 -0.999028 0.0264838 0 -0.0465551 -0.0280993 -0.99852 0 -0.255625 -0.663797 0.0204681 1 
2019-09-25 16:57:44 0.998314 0.0331551 -0.0474514 0 0.0344393 -0.999046 0.0265058 0 -0.0465282 -0.0280959 -0.998522 0 -0.255656 -0.663781 0.0204614 1 
2019-09-25 16:57:44 0.998313 0.0330604 -0.0475318 0 0.0343434 -0.999051 0.026435 0 -0.0466136 -0.0280234 -0.99852 0 -0.255771 -0.663724 0.0204541 1 
2019-09-25 16:57:44 0.998248 0.0347113 -0.0477249 0 0.0359884 -0.999 0.0261655 0 -0.0467698 -0.0278377 -0.998518 0 -0.255908 -0.663616 0.020429 1 
2019-09-25 16:57:44 0.997961 0.0419511 -0.0479067 0 0.0432215 -0.998723 0.0257963 0 -0.0467642 -0.0278148 -0.998519 0 -0.255883 -0.663613 0.0204364 1 
2019-09-25 16:57:44 0.997795 0.0455977 -0.0480284 0 0.0468687 -0.998561 0.0256764 0 -0.0467894 -0.0278714 -0.998516 0 -0.255874 -0.663636 0.0204686 1 
2019-09-25 16:57:44 0.997789 0.0457306 -0.048025 0 0.0470026 -0.998555 0.0256983 0 -0.0467813 -0.0278993 -0.998515 0 -0.255869 -0.663646 0.0204804 1 
2019-09-25 16:57:44 0.997812 0.0452725 -0.0479827 0 0.0465439 -0.998575 0.0257189 0 -0.0467509 -0.0278965 -0.998517 0 -0.25586 -0.663644 0.0204689 1 
2019-09-25 16:57:44 0.998029 0.0404131 -0.0478183 0 0.0416868 -0.998784 0.025947 0 -0.0467125 -0.0278898 -0.998519 0 -0.255872 -0.663632 0.0204592 1 
2019-09-25 16:57:44 0.998275 0.0340827 -0.0476076 0 0.0353592 -0.999021 0.0262337 0 -0.0466677 -0.0278724 -0.998522 0 -0.255835 -0.663631 0.0204409 1 
2019-09-25 16:57:45 0.998375 0.03114 -0.0475324 0 0.0324188 -0.999117 0.0263753 0 -0.0466699 -0.0278739 -0.998521 0 -0.255845 -0.663628 0.0204374 1 
2019-09-25 16:57:45 0.998394 0.0305621 -0.0475081 0 0.0318424 -0.999134 0.0264298 0 -0.0466601 -0.0279006 -0.998521 0 -0.255856 -0.66363 0.0204461 1 
2019-09-25 16:57:45 0.998397 0.0304494 -0.0475007 0 0.0317292 -0.999137 0.0264249 0 -0.046656 -0.0278903 -0.998522 0 -0.255846 -0.663631 0.020438 1 
2019-09-25 16:57:45 0.998393 0.0306104 -0.0474817 0 0.0318899 -0.999132 0.0264271 0 -0.0466324 -0.0278993 -0.998522 0 -0.255771 -0.663659 0.0204286 1 
2019-09-25 16:57:45 0.998368 0.0320003 -0.047099 0 0.0332685 -0.999088 0.0263932 0 -0.0462124 -0.0279175 -0.998541 0 -0.255288 -0.663795 0.0203171 1 
2019-09-25 16:57:45 0.998241 0.0362603 -0.0466947 0 0.0374802 -0.998962 0.0255204 0 -0.0457217 -0.0272262 -0.998583 0 -0.254754 -0.663715 0.0197004 1 
2019-09-25 16:57:45 0.998172 0.0379095 -0.046874 0 0.03914 -0.998896 0.0256163 0 -0.045852 -0.0274046 -0.998572 0 -0.254583 -0.663731 0.0192036 1 
2019-09-25 16:57:45 0.998188 0.0373224 -0.0469855 0 0.0385593 -0.998916 0.0257004 0 -0.0459763 -0.0274661 -0.998565 0 -0.254962 -0.663634 0.0192514 1 
2019-09-25 16:57:45 0.998263 0.0354842 -0.0468194 0 0.0367085 -0.99899 0.0255554 0 -0.0458662 -0.0272302 -0.998576 0 -0.255308 -0.663411 0.0191145 1 
2019-09-25 16:57:45 0.998393 0.0320001 -0.0465738 0 0.0332113 -0.999114 0.0254673 0 -0.0457184 -0.0269736 -0.99859 0 -0.255388 -0.663279 0.0189063 1 
2019-09-25 16:57:45 0.998553 0.0272278 -0.0461607 0 0.0284167 -0.999266 0.0252986 0 -0.0454389 -0.0265742 -0.998614 0 -0.255606 -0.663036 0.0185559 1 
2019-09-25 16:57:45 0.998653 0.0243886 -0.04559 0 0.025531 -0.999361 0.0246461 0 -0.0449606 -0.0257774 -0.998656 0 -0.255684 -0.662692 0.0178924 1 
2019-09-25 16:57:45 0.998665 0.02438 -0.0453219 0 0.0254713 -0.999386 0.0236597 0 -0.0447181 -0.024783 -0.998692 0 -0.255613 -0.662359 0.0170798 1 
2019-09-25 16:57:45 0.998659 0.0244646 -0.045409 0 0.0255446 -0.999391 0.023359 0 -0.0448107 -0.0244881 -0.998695 0 -0.255593 -0.662207 0.0164979 1 
2019-09-25 16:57:45 0.998655 0.0245197 -0.0454792 0 0.0256074 -0.999386 0.0234902 0 -0.0448762 -0.0246237 -0.998689 0 -0.255588 -0.662231 0.016433 1 
2019-09-25 16:57:45 0.998654 0.0244448 -0.0455364 0 0.0255441 -0.999383 0.0237168 0 -0.0449294 -0.0248485 -0.998681 0 -0.255644 -0.662311 0.0165197 1 
2019-09-25 16:57:45 0.998669 0.0241684 -0.045359 0 0.0252669 -0.999388 0.0238038 0 -0.0447568 -0.0249187 -0.998687 0 -0.255651 -0.662309 0.0165048 1 
2019-09-25 16:57:45 0.998696 0.0237639 -0.0449653 0 0.0248443 -0.999403 0.0236235 0 -0.0443779 -0.0247103 -0.998709 0 -0.255615 -0.662204 0.016249 1 
2019-09-25 16:57:46 0.998729 0.023325 -0.0444569 0 0.0243602 -0.999432 0.0228887 0 -0.0438986 -0.0239431 -0.998749 0 -0.255579 -0.661916 0.0155298 1 
2019-09-25 16:57:46 0.998738 0.0231161 -0.0443733 0 0.0241351 -0.999444 0.0225671 0 -0.0438278 -0.0236101 -0.99876 0 -0.255525 -0.661748 0.0143744 1 
2019-09-25 16:57:46 0.998713 0.023354 -0.0448035 0 0.0244027 -0.999428 0.023004 0 -0.0442415 -0.0240682 -0.998731 0 -0.255458 -0.661882 0.0133205 1 
2019-09-25 16:57:46 0.998688 0.0236278 -0.0452192 0 0.0247071 -0.99941 0.0234592 0 -0.0446391 -0.0245461 -0.998702 0 -0.255449 -0.662155 0.0124867 1 
2019-09-25 16:57:46 0.998685 0.0236633 -0.0452677 0 0.0247343 -0.999414 0.0232467 0 -0.044692 -0.0243363 -0.998704 0 -0.255445 -0.662204 0.0116579 1 
2019-09-25 16:57:46 0.998676 0.0236196 -0.0454843 0 0.0246902 -0.999418 0.0231221 0 -0.0449126 -0.0242149 -0.998697 0 -0.255473 -0.66217 0.0103441 1 
2019-09-25 16:57:46 0.998696 0.0233157 -0.0452138 0 0.0243959 -0.999417 0.0234872 0 -0.0446407 -0.0245601 -0.998701 0 -0.255295 -0.662417 0.00886151 1 
2019-09-25 16:57:46 0.99868 0.0233507 -0.0455416 0 0.0244567 -0.999406 0.0238817 0 -0.0449577 -0.0249644 -0.998677 0 -0.255388 -0.662917 0.0071774 1 
2019-09-25 16:57:46 0.998681 0.0232217 -0.0455826 0 0.0243038 -0.999423 0.0233306 0 -0.0450154 -0.0244081 -0.998688 0 -0.25561 -0.66318 0.00519438 1 
2019-09-25 16:57:46 0.998735 0.0222891 -0.0448524 0 0.0233084 -0.999469 0.0223325 0 -0.0443316 -0.0233501 -0.998744 0 -0.255781 -0.662923 0.00318581 1 
2019-09-25 16:57:46 0.998788 0.0213331 -0.0441302 0 0.0223427 -0.999487 0.0225106 0 -0.0436282 -0.0234697 -0.998772 0 -0.25565 -0.662893 0.00176755 1 
2019-09-25 16:57:46 0.998817 0.0208719 -0.0436936 0 0.0218624 -0.999502 0.0223157 0 -0.0432069 -0.023245 -0.998796 0 -0.255514 -0.662766 0.000766183 1 
2019-09-25 16:57:46 0.998841 0.0200891 -0.0435293 0 0.0210826 -0.999515 0.0224853 0 -0.0430574 -0.0233774 -0.998799 0 -0.255661 -0.662608 -0.000140194 1 
2019-09-25 16:57:46 0.998864 0.01936 -0.0433232 0 0.0203531 -0.999528 0.0226014 0 -0.042866 -0.0234579 -0.998805 0 -0.255723 -0.662439 -0.00123887 1 
2019-09-25 16:57:46 0.998888 0.0185567 -0.0431095 0 0.0195445 -0.999544 0.0226065 0 -0.0426711 -0.0234244 -0.998815 0 -0.255785 -0.662239 -0.00262553 1 
2019-09-25 16:57:46 0.998897 0.0179834 -0.0431611 0 0.0189699 -0.999556 0.0225563 0 -0.0427371 -0.0233506 -0.998813 0 -0.255881 -0.662042 -0.00422646 1 
2019-09-25 16:57:46 0.998876 0.0175114 -0.0438359 0 0.0185616 -0.999538 0.0236661 0 -0.0434021 -0.0244536 -0.998758 0 -0.256055 -0.662115 -0.00586837 1 
2019-09-25 16:57:47 0.998842 0.0170101 -0.0447783 0 0.0181948 -0.999482 0.0261853 0 -0.0443105 -0.0269703 -0.998654 0 -0.256511 -0.662795 -0.00588212 1 
2019-09-25 16:57:47 0.998861 0.0168356 -0.0444248 0 0.0180122 -0.999484 0.02622 0 -0.0439613 -0.0269908 -0.998669 0 -0.256433 -0.662785 -0.00597689 1 
2019-09-25 16:57:47 0.998869 0.0167662 -0.0442868 0 0.0179368 -0.999487 0.0261662 0 -0.0438262 -0.0269315 -0.998676 0 -0.256393 -0.662761 -0.00605547 1 
2019-09-25 16:57:47 0.998872 0.0167873 -0.0441982 0 0.0179514 -0.999489 0.0260743 0 -0.0437387 -0.0268388 -0.998682 0 -0.256349 -0.662736 -0.00613562 1 
2019-09-25 16:57:47 0.998877 0.0166734 -0.0441302 0 0.0178311 -0.999494 0.0259719 0 -0.0436756 -0.0267301 -0.998688 0 -0.256388 -0.662677 -0.00619455 1 
2019-09-25 16:57:47 0.998903 0.0160641 -0.0437665 0 0.0172152 -0.999503 0.0260512 0 -0.043327 -0.0267766 -0.998702 0 -0.256495 -0.662605 -0.00624407 1 
2019-09-25 16:57:47 0.99896 0.0135125 -0.0433174 0 0.0146603 -0.999537 0.0262901 0 -0.0429429 -0.0268983 -0.998715 0 -0.256501 -0.662587 -0.00628155 1 
2019-09-25 16:57:47 0.999076 0.00171003 -0.0427269 0 0.00284946 -0.999632 0.026621 0 -0.0426664 -0.0267187 -0.998732 0 -0.256709 -0.662413 -0.00636506 1 
2019-09-25 16:57:47 0.999078 -0.00634592 -0.0422367 0 -0.00523025 -0.999626 0.0264728 0 -0.0423897 -0.026228 -0.998757 0 -0.256892 -0.662217 -0.00642215 1 
2019-09-25 16:57:47 0.999038 -0.0123588 -0.0418435 0 -0.0112645 -0.999581 0.0262888 0 -0.0421517 -0.0257927 -0.998778 0 -0.256904 -0.662103 -0.00646553 1 
2019-09-25 16:57:47 0.998934 -0.0199464 -0.0413932 0 -0.0188729 -0.99947 0.0261641 0 -0.0418939 -0.0253555 -0.9988 0 -0.25707 -0.661939 -0.00647871 1 
2019-09-25 16:57:47 0.998771 -0.0275578 -0.0409527 0 -0.026507 -0.999301 0.025985 0 -0.041641 -0.024868 -0.998823 0 -0.257107 -0.661813 -0.00649698 1 
2019-09-25 16:57:47 0.998406 -0.0392109 -0.0403517 0 -0.0381856 -0.998926 0.0258732 0 -0.0413237 -0.0242916 -0.99885 0 -0.257306 -0.661601 -0.00651967 1 
2019-09-25 16:57:47 0.997845 -0.0520559 -0.0396917 0 -0.0510524 -0.998351 0.0258901 0 -0.0409747 -0.0238084 -0.998876 0 -0.257533 -0.661396 -0.00653532 1 
2019-09-25 16:57:47 0.996881 -0.0683822 -0.0391483 0 -0.0673792 -0.997369 0.0263921 0 -0.0408509 -0.0236725 -0.998885 0 -0.257839 -0.661246 -0.00653054 1 
2019-09-25 16:57:47 0.995463 -0.0868429 -0.038639 0 -0.08583 -0.99593 0.0271442 0 -0.0408398 -0.0237051 -0.998884 0 -0.258177 -0.661129 -0.00651402 1 
2019-09-25 16:57:47 0.993666 -0.105634 -0.0380804 0 -0.104613 -0.994112 0.027882 0 -0.0408023 -0.0237221 -0.998886 0 -0.258466 -0.661019 -0.00651141 1 
2019-09-25 16:57:47 0.991478 -0.124666 -0.0375525 0 -0.123636 -0.991905 0.0286104 0 -0.0408161 -0.0237242 -0.998885 0 -0.258762 -0.66091 -0.00650766 1 
2019-09-25 16:57:48 0.989038 -0.142885 -0.0369828 0 -0.141848 -0.989445 0.0292937 0 -0.0407789 -0.0237271 -0.998886 0 -0.259122 -0.660769 -0.00650591 1 
2019-09-25 16:57:48 0.985529 -0.165528 -0.0362548 0 -0.164481 -0.985908 0.0302086 0 -0.0407451 -0.0238087 -0.998886 0 -0.259421 -0.660682 -0.00648385 1 
2019-09-25 16:57:48 0.981627 -0.187434 -0.035458 0 -0.186379 -0.981977 0.0310774 0 -0.0406447 -0.0238982 -0.998888 0 -0.259459 -0.660695 -0.00648896 1 
2019-09-25 16:57:48 0.977124 -0.209773 -0.0347095 0 -0.20871 -0.977448 0.0318799 0 -0.0406151 -0.0239068 -0.998889 0 -0.259514 -0.660672 -0.00649035 1 
2019-09-25 16:57:48 0.972045 -0.232285 -0.0339447 0 -0.231216 -0.972344 0.032657 0 -0.0405925 -0.023896 -0.99889 0 -0.259592 -0.660636 -0.00649485 1 
2019-09-25 16:57:48 0.966821 -0.253249 -0.0332168 0 -0.252177 -0.967098 0.033311 0 -0.0405607 -0.0238297 -0.998893 0 -0.259636 -0.660591 -0.00651513 1 
2019-09-25 16:57:48 0.961124 -0.274167 -0.0324807 0 -0.273091 -0.961378 0.0339762 0 -0.0405422 -0.0237856 -0.998895 0 -0.259716 -0.660541 -0.00652849 1 
2019-09-25 16:57:48 0.954614 -0.296131 -0.0316279 0 -0.295052 -0.954841 0.0346922 0 -0.0404738 -0.0237862 -0.998897 0 -0.259794 -0.6605 -0.00652959 1 
2019-09-25 16:57:48 0.945298 -0.324751 -0.0304748 0 -0.323667 -0.945489 0.0356517 0 -0.0403923 -0.0238383 -0.998899 0 -0.259877 -0.660471 -0.00652365 1 
2019-09-25 16:57:48 0.933684 -0.356883 -0.0291479 0 -0.355795 -0.933834 0.036674 0 -0.0403083 -0.0238717 -0.998902 0 -0.260046 -0.660404 -0.00652686 1 
2019-09-25 16:57:48 0.921392 -0.387618 -0.0277558 0 -0.386529 -0.921499 0.0376238 0 -0.0401614 -0.0239383 -0.998906 0 -0.260332 -0.660293 -0.0065219 1 
2019-09-25 16:57:48 0.909641 -0.414537 -0.0263148 0 -0.413452 -0.909702 0.0384626 0 -0.0398836 -0.0241077 -0.998913 0 -0.260493 -0.660243 -0.00651954 1 
2019-09-25 16:57:48 0.895336 -0.444683 -0.0247129 0 -0.443604 -0.895349 0.0393236 0 -0.039614 -0.0242456 -0.998921 0 -0.260722 -0.660158 -0.00651967 1 
2019-09-25 16:57:48 0.880599 -0.473281 -0.023038 0 -0.472211 -0.880561 0.0401106 0 -0.0392707 -0.024443 -0.99893 0 -0.260925 -0.660089 -0.00651797 1 
2019-09-25 16:57:48 0.862929 -0.504872 -0.0209254 0 -0.50382 -0.862827 0.0409259 0 -0.0387181 -0.0247741 -0.998943 0 -0.261095 -0.660045 -0.00650579 1 
2019-09-25 16:57:48 0.842353 -0.5386 -0.0182202 0 -0.537582 -0.842171 0.04165 0 -0.0377779 -0.0252896 -0.998966 0 -0.261058 -0.660079 -0.00650033 1 
2019-09-25 16:57:48 0.819935 -0.572224 -0.015741 0 -0.571235 -0.819683 0.0423313 0 -0.0371263 -0.0257175 -0.99898 0 -0.260979 -0.660145 -0.00647105 1 
2019-09-25 16:57:49 0.79779 -0.602764 -0.013688 0 -0.601798 -0.797485 0.0428605 0 -0.0367514 -0.0259568 -0.998987 0 -0.260823 -0.660218 -0.00647275 1 
2019-09-25 16:57:49 0.77453 -0.632419 -0.0113917 0 -0.631485 -0.774166 0.0432933 0 -0.0361993 -0.0263388 -0.998997 0 -0.26062 -0.660327 -0.0064578 1 
2019-09-25 16:57:49 0.748291 -0.663296 -0.0088913 0 -0.662402 -0.747867 0.0435768 0 -0.0355545 -0.026719 -0.99901 0 -0.260357 -0.660449 -0.00646552 1 
2019-09-25 16:57:49 0.721294 -0.692585 -0.00643267 0 -0.691733 -0.720813 0.0437568 0 -0.0349428 -0.0271124 -0.999021 0 -0.259895 -0.660659 -0.00645199 1 
2019-09-25 16:57:49 0.691805 -0.722061 -0.00379478 0 -0.721258 -0.691266 0.043812 0 -0.0342588 -0.0275729 -0.999033 0 -0.259439 -0.660871 -0.00643968 1 
2019-09-25 16:57:49 0.66129 -0.750116 -0.00169398 0 -0.749346 -0.66071 0.043868 0 -0.034026 -0.0277406 -0.999036 0 -0.259362 -0.660911 -0.00642934 1 
2019-09-25 16:57:49 0.633857 -0.773437 4.55683e-05 0 -0.772693 -0.633245 0.0439014 0 -0.0339268 -0.027863 -0.999036 0 -0.25946 -0.660895 -0.00642868 1 
2019-09-25 16:57:49 0.603797 -0.797123 0.00197489 0 -0.79641 -0.603149 0.0438551 0 -0.0337674 -0.0280529 -0.999036 0 -0.259695 -0.660823 -0.00639303 1 
2019-09-25 16:57:49 0.578565 -0.815617 0.00345169 0 -0.81493 -0.577892 0.0437169 0 -0.0336622 -0.0281065 -0.999038 0 -0.259827 -0.66075 -0.00639146 1 
2019-09-25 16:57:49 0.552233 -0.833659 0.00563431 0 -0.833025 -0.551521 0.0432894 0 -0.0329818 -0.0285999 -0.999047 0 -0.259373 -0.660962 -0.00640472 1 
2019-09-25 16:57:49 0.521844 -0.852989 0.0082994 0 -0.852427 -0.521085 0.0426469 0 -0.0320533 -0.0293302 -0.999056 0 -0.258364 -0.661429 -0.00640072 1 
2019-09-25 16:57:49 0.493257 -0.869809 0.0105008 0 -0.869309 -0.492466 0.041957 0 -0.0313239 -0.0298246 -0.999064 0 -0.257355 -0.661859 -0.00638132 1 
2019-09-25 16:57:49 0.464603 -0.885421 0.0124639 0 -0.884979 -0.463792 0.0411076 0 -0.0306174 -0.0301296 -0.999077 0 -0.256599 -0.662147 -0.00638742 1 
2019-09-25 16:57:49 0.434643 -0.900483 0.0140217 0 -0.900079 -0.433817 0.0405033 0 -0.0303903 -0.0302257 -0.999081 0 -0.256312 -0.662256 -0.00638986 1 
2019-09-25 16:57:49 0.400885 -0.915985 0.0156147 0 -0.915619 -0.400046 0.0398261 0 -0.0302341 -0.0302634 -0.999085 0 -0.256182 -0.662297 -0.00639677 1 
2019-09-25 16:57:49 0.361458 -0.932218 0.0172931 0 -0.93189 -0.360606 0.03906 0 -0.030177 -0.0302344 -0.999087 0 -0.256173 -0.662262 -0.00638734 1 
2019-09-25 16:57:49 0.328583 -0.944281 0.0186365 0 -0.943984 -0.327722 0.0383773 0 -0.0301319 -0.0302033 -0.999089 0 -0.256103 -0.662264 -0.00640484 1 
2019-09-25 16:57:50 0.302539 -0.952923 0.0196941 0 -0.952651 -0.301671 0.0378417 0 -0.0301197 -0.0302108 -0.99909 0 -0.255979 -0.662306 -0.00640315 1 
2019-09-25 16:57:50 0.275746 -0.960996 0.0207663 0 -0.960751 -0.274871 0.0372124 0 -0.0300535 -0.0302129 -0.999092 0 -0.25578 -0.662371 -0.0064139 1 
2019-09-25 16:57:50 0.24413 -0.969481 0.0221073 0 -0.969276 -0.243252 0.0362233 0 -0.0297407 -0.0302719 -0.999099 0 -0.255347 -0.662504 -0.00644805 1 
2019-09-25 16:57:50 0.213376 -0.976681 0.0233623 0 -0.976513 -0.212493 0.0353629 0 -0.0295745 -0.0303597 -0.999101 0 -0.254878 -0.662681 -0.00645018 1 
2019-09-25 16:57:50 0.185524 -0.982324 0.0245186 0 -0.982183 -0.184629 0.0347886 0 -0.0296474 -0.0305364 -0.999094 0 -0.254603 -0.662821 -0.00644464 1 
2019-09-25 16:57:50 0.161407 -0.986546 0.0256157 0 -0.986429 -0.160496 0.0343553 0 -0.0297825 -0.0308138 -0.999081 0 -0.254553 -0.662906 -0.00641764 1 
2019-09-25 16:57:50 0.13707 -0.990195 0.026584 0 -0.990101 -0.136149 0.0338289 0 -0.0298784 -0.0309584 -0.999074 0 -0.254607 -0.662919 -0.00640603 1 
2019-09-25 16:57:50 0.113537 -0.993146 0.0274138 0 -0.993074 -0.112611 0.0332317 0 -0.0299174 -0.0309975 -0.999072 0 -0.254639 -0.662911 -0.00640041 1 
2019-09-25 16:57:50 0.093257 -0.995232 0.0282281 0 -0.995181 -0.0923241 0.032726 0 -0.0299644 -0.0311447 -0.999066 0 -0.254592 -0.662957 -0.00639746 1 
2019-09-25 16:57:50 0.0724916 -0.996933 0.0291684 0 -0.996906 -0.0715463 0.0322442 0 -0.030059 -0.0314162 -0.999054 0 -0.254438 -0.663077 -0.00638144 1 
2019-09-25 16:57:50 0.053443 -0.998105 0.0301817 0 -0.998102 -0.052477 0.0319395 0 -0.0302957 -0.031832 -0.999034 0 -0.254494 -0.663158 -0.00635408 1 
