2019-09-25 17:00:09 0.99891 -0.031667 -0.0340169 0 -0.0302676 -0.998695 0.0408929 0 -0.0352682 -0.0398195 -0.998584 0 -0.267776 -0.450561 0.493807 1 
2019-09-25 17:00:09 0.998911 -0.0316432 -0.0340179 0 -0.030244 -0.998696 0.0408867 0 -0.035268 -0.0398141 -0.998585 0 -0.267766 -0.450564 0.493807 1 
2019-09-25 17:00:09 0.99891 -0.0316607 -0.0340177 0 -0.0302611 -0.998695 0.0408981 0 -0.0352688 -0.0398248 -0.998584 0 -0.267773 -0.450561 0.493811 1 
2019-09-25 17:00:09 0.99891 -0.0316564 -0.0340227 0 -0.0302566 -0.998695 0.0408987 0 -0.0352737 -0.0398255 -0.998584 0 -0.267773 -0.450563 0.493811 1 
2019-09-25 17:00:09 0.99891 -0.0316633 -0.0340172 0 -0.0302642 -0.998696 0.0408862 0 -0.0352681 -0.0398129 -0.998585 0 -0.267774 -0.450561 0.493805 1 
2019-09-25 17:00:09 0.99891 -0.0316547 -0.034017 0 -0.0302555 -0.998696 0.0408878 0 -0.0352676 -0.0398148 -0.998584 0 -0.26777 -0.450563 0.493806 1 
2019-09-25 17:00:09 0.99891 -0.0316595 -0.0340226 0 -0.0302598 -0.998695 0.0408964 0 -0.0352736 -0.0398231 -0.998584 0 -0.267775 -0.450563 0.49381 1 
2019-09-25 17:00:10 0.99891 -0.0316623 -0.0340208 0 -0.0302626 -0.998695 0.0408957 0 -0.035272 -0.0398223 -0.998584 0 -0.267773 -0.450562 0.49381 1 
2019-09-25 17:00:10 0.99891 -0.0316683 -0.0340153 0 -0.0302689 -0.998695 0.0408942 0 -0.0352666 -0.0398208 -0.998584 0 -0.267775 -0.450561 0.493808 1 
2019-09-25 17:00:10 0.99891 -0.0316589 -0.034019 0 -0.0302594 -0.998696 0.0408926 0 -0.0352699 -0.0398194 -0.998584 0 -0.267773 -0.450561 0.493809 1 
2019-09-25 17:00:10 0.99891 -0.0316534 -0.0340223 0 -0.0302537 -0.998696 0.0408951 0 -0.0352731 -0.039822 -0.998584 0 -0.267771 -0.450564 0.49381 1 
2019-09-25 17:00:10 0.99891 -0.0316677 -0.0340212 0 -0.030268 -0.998695 0.0409002 0 -0.0352727 -0.0398266 -0.998584 0 -0.267775 -0.450561 0.493812 1 
2019-09-25 17:00:10 0.99891 -0.0316596 -0.0340217 0 -0.0302598 -0.998695 0.0408976 0 -0.0352728 -0.0398243 -0.998584 0 -0.267773 -0.450562 0.493811 1 
2019-09-25 17:00:10 0.99891 -0.0316637 -0.0340157 0 -0.0302643 -0.998695 0.0408943 0 -0.0352668 -0.0398211 -0.998584 0 -0.267774 -0.450561 0.493808 1 
2019-09-25 17:00:10 0.99891 -0.0316606 -0.0340205 0 -0.030261 -0.998695 0.040894 0 -0.0352715 -0.0398207 -0.998584 0 -0.267773 -0.450561 0.493809 1 
2019-09-25 17:00:10 0.99891 -0.0316554 -0.0340206 0 -0.0302558 -0.998696 0.0408965 0 -0.0352715 -0.0398234 -0.998584 0 -0.267772 -0.450562 0.49381 1 
2019-09-25 17:00:10 0.99891 -0.0316674 -0.0340067 0 -0.0302692 -0.998696 0.0408691 0 -0.0352573 -0.0397959 -0.998586 0 -0.267775 -0.450556 0.493797 1 
2019-09-25 17:00:10 0.998911 -0.0316423 -0.0340187 0 -0.030243 -0.998696 0.0408889 0 -0.0352688 -0.0398163 -0.998584 0 -0.267763 -0.450568 0.493807 1 
2019-09-25 17:00:10 0.998909 -0.0316808 -0.0340196 0 -0.0302811 -0.998695 0.0408986 0 -0.0352715 -0.0398246 -0.998584 0 -0.267782 -0.450556 0.493812 1 
2019-09-25 17:00:10 0.99891 -0.0316447 -0.0340227 0 -0.0302449 -0.998696 0.0408984 0 -0.0352732 -0.0398256 -0.998584 0 -0.267768 -0.450566 0.493812 1 
2019-09-25 17:00:10 0.99891 -0.031664 -0.0340168 0 -0.0302648 -0.998696 0.0408899 0 -0.0352678 -0.0398166 -0.998584 0 -0.267776 -0.450561 0.493808 1 
2019-09-25 17:00:10 0.99891 -0.0316606 -0.0340222 0 -0.0302606 -0.998695 0.0409056 0 -0.0352736 -0.0398323 -0.998584 0 -0.267771 -0.45056 0.493818 1 
2019-09-25 17:00:10 0.99891 -0.0316566 -0.03402 0 -0.0302569 -0.998695 0.0409001 0 -0.0352711 -0.0398269 -0.998584 0 -0.267771 -0.450563 0.493815 1 
2019-09-25 17:00:10 0.99891 -0.0316506 -0.0340217 0 -0.0302509 -0.998696 0.0408957 0 -0.0352724 -0.0398227 -0.998584 0 -0.26777 -0.450565 0.493815 1 
2019-09-25 17:00:10 0.998909 -0.0316698 -0.0340261 0 -0.030269 -0.998694 0.0409221 0 -0.0352784 -0.0398483 -0.998583 0 -0.267776 -0.450557 0.493829 1 
2019-09-25 17:00:11 0.998909 -0.031654 -0.0340556 0 -0.0302511 -0.998693 0.0409519 0 -0.0353081 -0.0398778 -0.998581 0 -0.267777 -0.45058 0.493848 1 
2019-09-25 17:00:11 0.998905 -0.0316552 -0.0341607 0 -0.0302377 -0.998682 0.0412448 0 -0.035422 -0.0401675 -0.998565 0 -0.267779 -0.450581 0.494002 1 
2019-09-25 17:00:11 0.998904 -0.0317024 -0.0341681 0 -0.0302829 -0.998678 0.0412922 0 -0.0354327 -0.040213 -0.998563 0 -0.267799 -0.450563 0.494026 1 
2019-09-25 17:00:11 0.998904 -0.0316717 -0.03417 0 -0.0302521 -0.998679 0.0412917 0 -0.0354334 -0.0402135 -0.998563 0 -0.267784 -0.450572 0.494026 1 
2019-09-25 17:00:11 0.998905 -0.0316677 -0.0341677 0 -0.0302486 -0.99868 0.0412802 0 -0.0354306 -0.0402022 -0.998563 0 -0.267786 -0.450572 0.49402 1 
2019-09-25 17:00:11 0.998904 -0.0316814 -0.034166 0 -0.0302625 -0.99868 0.0412776 0 -0.0354293 -0.0401992 -0.998563 0 -0.26779 -0.45057 0.494019 1 
2019-09-25 17:00:11 0.998905 -0.0316664 -0.0341651 0 -0.0302473 -0.99868 0.0412832 0 -0.035428 -0.0402053 -0.998563 0 -0.267781 -0.450573 0.494023 1 
2019-09-25 17:00:11 0.998904 -0.0316828 -0.0341695 0 -0.0302632 -0.998679 0.0412897 0 -0.0354332 -0.0402111 -0.998563 0 -0.267792 -0.450568 0.494025 1 
2019-09-25 17:00:11 0.998905 -0.0316712 -0.0341671 0 -0.030252 -0.99868 0.041282 0 -0.0354302 -0.040204 -0.998563 0 -0.267785 -0.450572 0.494021 1 
2019-09-25 17:00:11 0.998904 -0.0316764 -0.0341678 0 -0.030257 -0.998679 0.041287 0 -0.0354311 -0.0402087 -0.998563 0 -0.267786 -0.450571 0.494025 1 
2019-09-25 17:00:11 0.998904 -0.0316748 -0.0341715 0 -0.0302552 -0.998679 0.0412907 0 -0.035435 -0.0402123 -0.998563 0 -0.267789 -0.450571 0.494025 1 
2019-09-25 17:00:11 0.998904 -0.0316787 -0.0341712 0 -0.0302591 -0.998679 0.0412901 0 -0.0354348 -0.0402117 -0.998563 0 -0.267791 -0.45057 0.494025 1 
2019-09-25 17:00:11 0.998905 -0.0316679 -0.0341644 0 -0.0302489 -0.99868 0.0412805 0 -0.0354272 -0.0402026 -0.998563 0 -0.267784 -0.450573 0.49402 1 
2019-09-25 17:00:11 0.998904 -0.0316824 -0.0341643 0 -0.0302632 -0.998679 0.0412855 0 -0.0354279 -0.0402071 -0.998563 0 -0.267791 -0.450568 0.494023 1 
2019-09-25 17:00:11 0.998904 -0.0316791 -0.0341708 0 -0.0302595 -0.998679 0.0412907 0 -0.0354344 -0.0402123 -0.998563 0 -0.267788 -0.45057 0.494026 1 
2019-09-25 17:00:11 0.998904 -0.0316798 -0.0341696 0 -0.0302603 -0.998679 0.0412884 0 -0.0354332 -0.0402099 -0.998563 0 -0.26779 -0.450569 0.494024 1 
2019-09-25 17:00:11 0.998904 -0.0316738 -0.0341684 0 -0.0302545 -0.99868 0.0412836 0 -0.0354316 -0.0402054 -0.998563 0 -0.267787 -0.450572 0.494022 1 
2019-09-25 17:00:12 0.998904 -0.0316737 -0.0341663 0 -0.0302545 -0.99868 0.0412838 0 -0.0354295 -0.0402057 -0.998563 0 -0.267785 -0.450572 0.494022 1 
2019-09-25 17:00:12 0.998904 -0.0316827 -0.0341695 0 -0.0302632 -0.998679 0.0412908 0 -0.0354332 -0.0402122 -0.998563 0 -0.267792 -0.450568 0.494025 1 
2019-09-25 17:00:12 0.998904 -0.0316697 -0.0341703 0 -0.0302503 -0.99868 0.0412873 0 -0.0354334 -0.0402092 -0.998563 0 -0.267784 -0.450573 0.494024 1 
2019-09-25 17:00:12 0.998904 -0.0316829 -0.0341658 0 -0.0302638 -0.998679 0.0412817 0 -0.0354293 -0.0402033 -0.998563 0 -0.267791 -0.450568 0.494022 1 
2019-09-25 17:00:12 0.998905 -0.0316665 -0.0341708 0 -0.0302469 -0.99868 0.0412906 0 -0.0354339 -0.0402125 -0.998563 0 -0.267783 -0.450573 0.494025 1 
2019-09-25 17:00:12 0.998904 -0.0316843 -0.0341696 0 -0.0302648 -0.998679 0.0412889 0 -0.0354334 -0.0402103 -0.998563 0 -0.267793 -0.450568 0.494024 1 
2019-09-25 17:00:12 0.998904 -0.0316741 -0.0341696 0 -0.0302547 -0.99868 0.0412859 0 -0.0354328 -0.0402076 -0.998563 0 -0.267787 -0.450571 0.494024 1 
2019-09-25 17:00:12 0.998904 -0.0316755 -0.0341675 0 -0.0302563 -0.99868 0.0412844 0 -0.0354308 -0.0402062 -0.998563 0 -0.267787 -0.450571 0.494022 1 
2019-09-25 17:00:12 0.998904 -0.0316835 -0.0341721 0 -0.0302636 -0.998679 0.0412963 0 -0.0354361 -0.0402176 -0.998562 0 -0.267791 -0.45057 0.494028 1 
2019-09-25 17:00:12 0.998905 -0.0316581 -0.0341649 0 -0.0302392 -0.99868 0.0412752 0 -0.0354272 -0.0401977 -0.998563 0 -0.267778 -0.450575 0.49402 1 
2019-09-25 17:00:12 0.998904 -0.0316762 -0.0341705 0 -0.0302566 -0.998679 0.0412897 0 -0.0354339 -0.0402114 -0.998563 0 -0.267788 -0.45057 0.494025 1 
2019-09-25 17:00:12 0.998905 -0.0316669 -0.0341665 0 -0.0302477 -0.99868 0.0412835 0 -0.0354294 -0.0402056 -0.998563 0 -0.267781 -0.450575 0.494021 1 
2019-09-25 17:00:12 0.998905 -0.0316595 -0.0341674 0 -0.0302402 -0.99868 0.0412841 0 -0.03543 -0.0402065 -0.998563 0 -0.267779 -0.450575 0.494023 1 
2019-09-25 17:00:12 0.998903 -0.0317094 -0.0341636 0 -0.0302903 -0.998679 0.0412837 0 -0.0354282 -0.0402044 -0.998563 0 -0.267801 -0.450563 0.494021 1 
2019-09-25 17:00:12 0.998905 -0.0316576 -0.034179 0 -0.0302372 -0.998679 0.0413033 0 -0.0354421 -0.0402254 -0.998562 0 -0.267782 -0.450577 0.494031 1 
2019-09-25 17:00:12 0.998903 -0.0317281 -0.0341704 0 -0.0303082 -0.998677 0.0412982 0 -0.0354362 -0.040218 -0.998562 0 -0.267812 -0.45056 0.494027 1 
2019-09-25 17:00:12 0.9989 -0.0317549 -0.0342161 0 -0.0303296 -0.998673 0.0413982 0 -0.035486 -0.0403157 -0.998557 0 -0.267833 -0.450563 0.494075 1 
2019-09-25 17:00:13 0.998896 -0.0318325 -0.034274 0 -0.0304 -0.998665 0.0415356 0 -0.0355511 -0.0404486 -0.998549 0 -0.267876 -0.450557 0.494146 1 
2019-09-25 17:00:13 0.998899 -0.031726 -0.0342858 0 -0.030294 -0.998669 0.0415066 0 -0.0355577 -0.040423 -0.99855 0 -0.267829 -0.450602 0.494137 1 
2019-09-25 17:00:13 0.998906 -0.0315654 -0.0342163 0 -0.0301447 -0.998684 0.0412693 0 -0.0354746 -0.0401935 -0.998562 0 -0.267755 -0.450652 0.494019 1 
2019-09-25 17:00:13 0.998917 -0.0312918 -0.0341668 0 -0.029881 -0.998701 0.0410483 0 -0.0354075 -0.0399836 -0.998573 0 -0.267636 -0.450745 0.493908 1 
2019-09-25 17:00:13 0.998928 -0.031001 -0.0341098 0 -0.0296049 -0.998723 0.0406992 0 -0.0353286 -0.0396465 -0.998589 0 -0.267514 -0.450865 0.493733 1 
2019-09-25 17:00:13 0.998975 -0.0294417 -0.0340967 0 -0.0280593 -0.998782 0.0403383 0 -0.0352435 -0.039341 -0.998604 0 -0.266841 -0.451424 0.493552 1 
2019-09-25 17:00:13 0.99908 -0.0248106 -0.0347009 0 -0.0234048 -0.998902 0.0403477 0 -0.0356645 -0.0394992 -0.998583 0 -0.2649 -0.453175 0.493623 1 
2019-09-25 17:00:13 0.999216 -0.0175141 -0.0352278 0 -0.0161082 -0.999068 0.0398025 0 -0.0358928 -0.0392046 -0.998586 0 -0.261792 -0.455877 0.493328 1 
2019-09-25 17:00:13 0.999305 -0.00819473 -0.0361031 0 -0.00678019 -0.999201 0.0391299 0 -0.0363957 -0.0388586 -0.998582 0 -0.257891 -0.459574 0.49242 1 
2019-09-25 17:00:13 0.999281 0.000652308 -0.0376611 0 0.0021442 -0.999204 0.0395865 0 -0.0376061 -0.0396395 -0.998506 0 -0.253598 -0.464375 0.490784 1 
2019-09-25 17:00:13 0.999215 0.00256187 -0.0392934 0 0.0041805 -0.999134 0.0411663 0 -0.0391546 -0.041299 -0.998379 0 -0.248954 -0.47005 0.488293 1 
2019-09-25 17:00:13 0.999176 -0.00525549 -0.0399991 0 -0.00360882 -0.999138 0.0411286 0 -0.0401815 -0.0409512 -0.998353 0 -0.243907 -0.476275 0.48445 1 
2019-09-25 17:00:13 0.999062 -0.0144778 -0.040563 0 -0.0128263 -0.99908 0.0406838 0 -0.0411155 -0.0401262 -0.998348 0 -0.238607 -0.483493 0.479224 1 
2019-09-25 17:00:13 0.998943 -0.0206934 -0.0408089 0 -0.0190167 -0.998966 0.0410542 0 -0.0416171 -0.0402355 -0.998323 0 -0.232622 -0.491318 0.473791 1 
2019-09-25 17:00:13 0.998848 -0.0237033 -0.0414888 0 -0.0219528 -0.99886 0.0421507 0 -0.0424415 -0.0411922 -0.998249 0 -0.226881 -0.49975 0.467514 1 
2019-09-25 17:00:13 0.998687 -0.0294131 -0.0417209 0 -0.0276391 -0.998705 0.0424783 0 -0.0429171 -0.0412701 -0.998226 0 -0.220803 -0.508022 0.461404 1 
2019-09-25 17:00:13 0.998287 -0.0416386 -0.0408714 0 -0.0398574 -0.99825 0.0434676 0 -0.0426106 -0.0417649 -0.998218 0 -0.214425 -0.516573 0.455018 1 
2019-09-25 17:00:13 0.997532 -0.0575171 -0.0400379 0 -0.0557571 -0.997475 0.0437688 0 -0.0424551 -0.0414292 -0.998239 0 -0.207331 -0.525581 0.447876 1 
2019-09-25 17:00:14 0.996576 -0.0725786 -0.039373 0 -0.0707999 -0.996473 0.0448309 0 -0.0424887 -0.0418906 -0.998218 0 -0.199655 -0.534993 0.441213 1 
2019-09-25 17:00:14 0.9956 -0.0851319 -0.0389215 0 -0.0832609 -0.99539 0.0474011 0 -0.0427782 -0.0439528 -0.998117 0 -0.190436 -0.545909 0.434732 1 
2019-09-25 17:00:14 0.994836 -0.0935542 -0.039121 0 -0.0916158 -0.994593 0.0487123 0 -0.0434675 -0.0448775 -0.998046 0 -0.180214 -0.55745 0.428136 1 
2019-09-25 17:00:14 0.993503 -0.106768 -0.0391488 0 -0.104784 -0.993245 0.0496457 0 -0.0441858 -0.0452219 -0.997999 0 -0.170225 -0.569414 0.42164 1 
2019-09-25 17:00:14 0.991398 -0.125224 -0.0378251 0 -0.123277 -0.9911 0.0500368 0 -0.0437551 -0.0449442 -0.998031 0 -0.160833 -0.58136 0.414957 1 
2019-09-25 17:00:14 0.988581 -0.145958 -0.0372191 0 -0.143945 -0.988209 0.0519901 0 -0.0443695 -0.0460398 -0.997954 0 -0.152166 -0.593975 0.408327 1 
2019-09-25 17:00:14 0.985932 -0.162988 -0.0367871 0 -0.160885 -0.985469 0.0542938 0 -0.0451026 -0.0476124 -0.997847 0 -0.144699 -0.606507 0.401784 1 
2019-09-25 17:00:14 0.983677 -0.176091 -0.0367818 0 -0.173996 -0.983255 0.053993 0 -0.0456745 -0.0467126 -0.997864 0 -0.138061 -0.619122 0.394149 1 
2019-09-25 17:00:14 0.98107 -0.190052 -0.0369055 0 -0.18791 -0.980648 0.0547791 0 -0.046603 -0.0468081 -0.997816 0 -0.133607 -0.631366 0.386923 1 
2019-09-25 17:00:14 0.979472 -0.197906 -0.0380609 0 -0.19576 -0.979173 0.053657 0 -0.0478881 -0.0451056 -0.997834 0 -0.131276 -0.642719 0.379062 1 
2019-09-25 17:00:14 0.978404 -0.202937 -0.039026 0 -0.200793 -0.978204 0.0527172 0 -0.0488746 -0.0437434 -0.997847 0 -0.131325 -0.652672 0.371652 1 
2019-09-25 17:00:14 0.977594 -0.206622 -0.0399844 0 -0.204543 -0.977541 0.0505666 0 -0.0495356 -0.0412559 -0.99792 0 -0.132894 -0.661471 0.363243 1 
2019-09-25 17:00:14 0.97637 -0.212175 -0.0407884 0 -0.210151 -0.97644 0.0488166 0 -0.0501861 -0.0390921 -0.997975 0 -0.135936 -0.668877 0.354484 1 
2019-09-25 17:00:14 0.974882 -0.21889 -0.0409075 0 -0.216933 -0.975025 0.0473977 0 -0.0502617 -0.0373337 -0.998038 0 -0.139648 -0.675202 0.345392 1 
2019-09-25 17:00:14 0.973347 -0.225691 -0.0405045 0 -0.223777 -0.973503 0.0468615 0 -0.0500084 -0.0365492 -0.99808 0 -0.143587 -0.680515 0.335697 1 
2019-09-25 17:00:14 0.972168 -0.230411 -0.0421984 0 -0.228552 -0.972499 0.0446184 0 -0.0513194 -0.0337327 -0.998112 0 -0.147942 -0.684451 0.324184 1 
2019-09-25 17:00:14 0.971909 -0.231195 -0.043847 0 -0.22946 -0.972435 0.0412281 0 -0.052171 -0.0300094 -0.998187 0 -0.15244 -0.687003 0.311366 1 
2019-09-25 17:00:15 0.973198 -0.225425 -0.045278 0 -0.223731 -0.973837 0.0395859 0 -0.0530181 -0.0283954 -0.99819 0 -0.157271 -0.689519 0.298045 1 
2019-09-25 17:00:15 0.975673 -0.214283 -0.0461047 0 -0.212608 -0.976363 0.0386542 0 -0.0532989 -0.0279122 -0.998188 0 -0.161908 -0.691824 0.285239 1 
2019-09-25 17:00:15 0.979004 -0.198172 -0.0475397 0 -0.196477 -0.97976 0.0380616 0 -0.0541213 -0.0279225 -0.998144 0 -0.166754 -0.693991 0.272219 1 
2019-09-25 17:00:15 0.982749 -0.178308 -0.0489117 0 -0.176673 -0.983603 0.0359607 0 -0.0545228 -0.0266995 -0.998155 0 -0.171863 -0.695501 0.259402 1 
2019-09-25 17:00:15 0.986938 -0.153116 -0.0498859 0 -0.151545 -0.987859 0.0339117 0 -0.0544737 -0.0259093 -0.998179 0 -0.177267 -0.696602 0.24704 1 
2019-09-25 17:00:15 0.990791 -0.125456 -0.0507501 0 -0.123971 -0.991778 0.0314393 0 -0.0542781 -0.0248587 -0.998216 0 -0.182333 -0.697227 0.235763 1 
2019-09-25 17:00:15 0.993783 -0.0983183 -0.052054 0 -0.0969037 -0.99486 0.0290424 0 -0.0546429 -0.0238181 -0.998222 0 -0.187707 -0.697411 0.224067 1 
2019-09-25 17:00:15 0.995295 -0.0814684 -0.0522725 0 -0.0802261 -0.996442 0.0254419 0 -0.0541602 -0.021129 -0.998309 0 -0.193654 -0.69663 0.212407 1 
2019-09-25 17:00:15 0.996049 -0.0716047 -0.0523349 0 -0.0704332 -0.99722 0.0239001 0 -0.0539018 -0.02012 -0.998344 0 -0.200228 -0.695399 0.200903 1 
2019-09-25 17:00:15 0.996793 -0.0609523 -0.0516574 0 -0.0599168 -0.997965 0.0213643 0 -0.0528555 -0.018201 -0.998436 0 -0.206408 -0.693465 0.188566 1 
2019-09-25 17:00:15 0.997059 -0.0573796 -0.0506212 0 -0.0563845 -0.998181 0.0208723 0 -0.0517278 -0.017957 -0.9985 0 -0.212348 -0.691383 0.17623 1 
2019-09-25 17:00:15 0.997206 -0.0554653 -0.0498387 0 -0.054528 -0.998303 0.019973 0 -0.0508629 -0.0171999 -0.998558 0 -0.217357 -0.68891 0.163835 1 
2019-09-25 17:00:15 0.997158 -0.0567266 -0.0493745 0 -0.055835 -0.998245 0.0192537 0 -0.050381 -0.0164425 -0.998595 0 -0.221725 -0.686042 0.150997 1 
2019-09-25 17:00:15 0.99723 -0.0539624 -0.0510106 0 -0.0530266 -0.998393 0.0195248 0 -0.0519832 -0.0167661 -0.998507 0 -0.225791 -0.682814 0.138717 1 
2019-09-25 17:00:15 0.997021 -0.056761 -0.0520398 0 -0.0558272 -0.998246 0.0192275 0 -0.0530409 -0.0162653 -0.99846 0 -0.229708 -0.678688 0.126092 1 
2019-09-25 17:00:15 0.99639 -0.0667857 -0.0522243 0 -0.0657543 -0.9976 0.0212267 0 -0.0535177 -0.0177165 -0.99841 0 -0.233373 -0.674388 0.114469 1 
2019-09-25 17:00:15 0.995707 -0.076355 -0.0521368 0 -0.0752577 -0.996896 0.0226965 0 -0.053709 -0.0186758 -0.998382 0 -0.236587 -0.670015 0.104148 1 
2019-09-25 17:00:15 0.995092 -0.0843928 -0.0514898 0 -0.0832765 -0.996241 0.023457 0 -0.0532768 -0.0190544 -0.998398 0 -0.238866 -0.665818 0.0944438 1 
2019-09-25 17:00:16 0.994491 -0.0922558 -0.0495788 0 -0.09105 -0.995496 0.026058 0 -0.0517605 -0.0214007 -0.99843 0 -0.240065 -0.662673 0.0864301 1 
2019-09-25 17:00:16 0.993438 -0.104857 -0.0454687 0 -0.103623 -0.994193 0.0287009 0 -0.0482151 -0.0238014 -0.998553 0 -0.240266 -0.660506 0.0800971 1 
2019-09-25 17:00:16 0.991737 -0.121109 -0.04209 0 -0.119879 -0.992306 0.0306281 0 -0.0454764 -0.0253298 -0.998644 0 -0.240382 -0.659322 0.0752378 1 
2019-09-25 17:00:16 0.988944 -0.142669 -0.0402029 0 -0.141405 -0.989401 0.0327132 0 -0.0444448 -0.0266671 -0.998656 0 -0.240725 -0.658776 0.0710969 1 
2019-09-25 17:00:16 0.985438 -0.165466 -0.0389037 0 -0.164222 -0.985852 0.0332676 0 -0.0438588 -0.0263948 -0.998689 0 -0.241024 -0.658212 0.0676399 1 
2019-09-25 17:00:16 0.982048 -0.184543 -0.0388073 0 -0.183323 -0.98249 0.0329604 0 -0.0442113 -0.0252549 -0.998703 0 -0.241389 -0.657615 0.0650653 1 
2019-09-25 17:00:16 0.981535 -0.187064 -0.0397117 0 -0.185841 -0.98203 0.0325597 0 -0.0450897 -0.0245788 -0.998681 0 -0.242043 -0.657095 0.0630912 1 
2019-09-25 17:00:16 0.983624 -0.175544 -0.0406162 0 -0.174398 -0.984201 0.0302339 0 -0.0452827 -0.0226559 -0.998717 0 -0.242769 -0.656266 0.0612714 1 
2019-09-25 17:00:16 0.988971 -0.141839 -0.0424159 0 -0.140738 -0.989643 0.0279254 0 -0.0459384 -0.0216483 -0.99871 0 -0.243939 -0.655516 0.0596907 1 
2019-09-25 17:00:16 0.994111 -0.0987034 -0.0445122 0 -0.0976076 -0.994871 0.0261585 0 -0.0468668 -0.0216602 -0.998666 0 -0.245391 -0.6549 0.0583484 1 
2019-09-25 17:00:16 0.997267 -0.0575349 -0.0461491 0 -0.0564657 -0.998103 0.0241466 0 -0.0474517 -0.0214751 -0.998643 0 -0.247077 -0.654173 0.0573588 1 
2019-09-25 17:00:16 0.998676 -0.0202435 -0.0470865 0 -0.0192415 -0.999571 0.0216364 0 -0.0475052 -0.0207021 -0.998656 0 -0.248594 -0.653384 0.0566895 1 
2019-09-25 17:00:16 0.998816 0.00898176 -0.0476171 0 0.00994628 -0.99974 0.0200573 0 -0.0474255 -0.0205075 -0.998664 0 -0.250054 -0.652765 0.0564026 1 
2019-09-25 17:00:16 0.998666 0.0192649 -0.0477063 0 0.0202533 -0.999579 0.0203213 0 -0.0472956 -0.0212608 -0.998655 0 -0.251349 -0.65249 0.0564572 1 
2019-09-25 17:00:16 0.998808 0.0141687 -0.0465134 0 0.0152202 -0.999625 0.0223304 0 -0.0461805 -0.0230122 -0.998668 0 -0.252193 -0.652712 0.0566918 1 
2019-09-25 17:00:16 0.999018 -0.00714315 -0.0435056 0 -0.00603133 -0.999644 0.0256333 0 -0.043674 -0.0253462 -0.998724 0 -0.252655 -0.653204 0.0567372 1 
2019-09-25 17:00:16 0.998545 -0.0347414 -0.0410074 0 -0.0336098 -0.999034 0.0279684 0 -0.0419403 -0.02655 -0.998767 0 -0.253169 -0.653494 0.0562715 1 
2019-09-25 17:00:17 0.997479 -0.0585317 -0.0398733 0 -0.0574422 -0.997948 0.0279428 0 -0.0414278 -0.0255825 -0.998814 0 -0.253617 -0.653252 0.0549571 1 
2019-09-25 17:00:17 0.997166 -0.0634535 -0.0401888 0 -0.0624299 -0.997695 0.0262328 0 -0.0417615 -0.02365 -0.998848 0 -0.253773 -0.652581 0.052547 1 
2019-09-25 17:00:17 0.997346 -0.0595834 -0.0416202 0 -0.058548 -0.997945 0.025669 0 -0.0430649 -0.0231646 -0.998804 0 -0.253745 -0.652305 0.0493661 1 
2019-09-25 17:00:17 0.998253 -0.0388661 -0.0442912 0 -0.0377392 -0.99894 0.0260018 0 -0.0452557 -0.0242853 -0.99868 0 -0.253556 -0.652621 0.0451942 1 
2019-09-25 17:00:17 0.998778 -0.0159605 -0.0465707 0 -0.0147973 -0.999563 0.0252169 0 -0.0469537 -0.0244974 -0.998597 0 -0.253143 -0.65292 0.0404598 1 
2019-09-25 17:00:17 0.99884 0.00126334 -0.0479287 0 0.00243161 -0.999692 0.0243244 0 -0.0478842 -0.0244132 -0.998555 0 -0.25278 -0.653811 0.0366661 1 
2019-09-25 17:00:17 0.998736 0.0118125 -0.0486569 0 0.0129647 -0.999632 0.0234345 0 -0.0483631 -0.0240362 -0.998541 0 -0.252742 -0.655173 0.033805 1 
2019-09-25 17:00:17 0.998623 0.0180884 -0.0490519 0 0.0192824 -0.999517 0.0239791 0 -0.0485954 -0.0248924 -0.998508 0 -0.252774 -0.656964 0.0315139 1 
2019-09-25 17:00:17 0.998589 0.0190025 -0.0493922 0 0.0202812 -0.999459 0.0255192 0 -0.0488815 -0.0264855 -0.998453 0 -0.253047 -0.658653 0.0301454 1 
2019-09-25 17:00:17 0.998576 0.0191345 -0.0496006 0 0.0204321 -0.999449 0.0257884 0 -0.0490807 -0.0267656 -0.998436 0 -0.253544 -0.659491 0.0285804 1 
2019-09-25 17:00:17 0.998631 0.0174528 -0.049109 0 0.0187094 -0.999497 0.0252451 0 -0.0486446 -0.0261298 -0.998474 0 -0.254253 -0.659573 0.0268323 1 
2019-09-25 17:00:17 0.998897 0.00592012 -0.0463654 0 0.00714122 -0.999621 0.026215 0 -0.0461935 -0.0265177 -0.99858 0 -0.254933 -0.659426 0.0256072 1 
2019-09-25 17:00:17 0.999005 -0.00688758 -0.0438341 0 -0.00566445 -0.999583 0.0279668 0 -0.0440093 -0.0276912 -0.998647 0 -0.255564 -0.659295 0.0254962 1 
2019-09-25 17:00:17 0.998938 -0.0153367 -0.0432346 0 -0.014064 -0.999454 0.0295894 0 -0.0436657 -0.0289505 -0.998627 0 -0.256098 -0.659555 0.0259141 1 
2019-09-25 17:00:17 0.998824 -0.0222041 -0.0428721 0 -0.0208751 -0.999285 0.031201 0 -0.0435351 -0.0302699 -0.998593 0 -0.255946 -0.660169 0.0263657 1 
2019-09-25 17:00:17 0.998605 -0.0316955 -0.0420084 0 -0.0303299 -0.998993 0.032756 0 -0.0430051 -0.0314368 -0.99858 0 -0.255164 -0.660906 0.0266738 1 
2019-09-25 17:00:17 0.998501 -0.0356895 -0.0412675 0 -0.0343329 -0.998852 0.0331271 0 -0.0424032 -0.0316612 -0.998599 0 -0.25415 -0.661302 0.0266045 1 
2019-09-25 17:00:17 0.998557 -0.0343795 -0.0410129 0 -0.0330384 -0.998901 0.0329415 0 -0.0421011 -0.0315395 -0.998615 0 -0.253278 -0.661551 0.0264258 1 
2019-09-25 17:00:18 0.998685 -0.0303065 -0.0411262 0 -0.0289735 -0.999038 0.0326283 0 -0.0420763 -0.0313944 -0.998621 0 -0.252773 -0.661691 0.0263201 1 
2019-09-25 17:00:18 0.998876 -0.0226251 -0.0414202 0 -0.0213018 -0.999248 0.0321142 0 -0.0421164 -0.0311963 -0.998626 0 -0.252715 -0.661658 0.0262026 1 
2019-09-25 17:00:18 0.999035 -0.01289 -0.0417506 0 -0.011575 -0.999424 0.0315882 0 -0.0421346 -0.031075 -0.998629 0 -0.25287 -0.661567 0.0261282 1 
2019-09-25 17:00:18 0.999096 -0.00356471 -0.0421435 0 -0.00225116 -0.999502 0.0311747 0 -0.0422344 -0.0310523 -0.998625 0 -0.253161 -0.661469 0.0261385 1 
2019-09-25 17:00:18 0.999069 0.00549066 -0.0425677 0 0.00680304 -0.999494 0.0307469 0 -0.0423782 -0.0310085 -0.99862 0 -0.253547 -0.661332 0.0261525 1 
2019-09-25 17:00:18 0.998985 0.0129854 -0.0428964 0 0.0143027 -0.999421 0.0305457 0 -0.0424758 -0.0311288 -0.998612 0 -0.253827 -0.661296 0.0262198 1 
2019-09-25 17:00:18 0.9989 0.017978 -0.0430802 0 0.0193027 -0.999338 0.0305322 0 -0.0425036 -0.0313308 -0.998605 0 -0.253787 -0.661407 0.0262977 1 
2019-09-25 17:00:18 0.998811 0.0221685 -0.0431958 0 0.0234945 -0.999251 0.0304368 0 -0.0424895 -0.0314161 -0.998603 0 -0.253602 -0.661511 0.0263236 1 
2019-09-25 17:00:18 0.9988 0.0227247 -0.0431569 0 0.0240471 -0.99924 0.030374 0 -0.0424347 -0.031376 -0.998606 0 -0.253566 -0.661506 0.0262793 1 
2019-09-25 17:00:18 0.998812 0.0220964 -0.0432012 0 0.0234279 -0.999249 0.0305613 0 -0.0424943 -0.0315377 -0.998599 0 -0.25379 -0.661505 0.0263457 1 
2019-09-25 17:00:18 0.998965 0.0140119 -0.0430429 0 0.0153729 -0.999377 0.0314518 0 -0.0425762 -0.0320816 -0.998578 0 -0.25413 -0.661639 0.0265514 1 
2019-09-25 17:00:18 0.999083 0.000407704 -0.0425975 0 0.00178577 -0.999466 0.0323174 0 -0.0425624 -0.0323645 -0.998569 0 -0.254477 -0.661643 0.0266338 1 
2019-09-25 17:00:18 0.999022 -0.0127947 -0.042096 0 -0.0114243 -0.999392 0.0326363 0 -0.0424888 -0.0321241 -0.99858 0 -0.254447 -0.66158 0.0264394 1 
2019-09-25 17:00:18 0.998943 -0.018954 -0.0416556 0 -0.0176212 -0.999319 0.0321328 0 -0.0422371 -0.0313654 -0.998615 0 -0.254266 -0.661386 0.0258679 1 
2019-09-25 17:00:18 0.998957 -0.0186165 -0.0414673 0 -0.0173391 -0.999361 0.0309548 0 -0.0420179 -0.0302041 -0.99866 0 -0.25403 -0.66112 0.0249783 1 
2019-09-25 17:00:18 0.99897 -0.0179834 -0.0414286 0 -0.016752 -0.999403 0.0298813 0 -0.0419421 -0.0291571 -0.998695 0 -0.253802 -0.661 0.0239963 1 
2019-09-25 17:00:18 0.999035 -0.0130807 -0.0416925 0 -0.011874 -0.999497 0.0290608 0 -0.0420525 -0.0285383 -0.998708 0 -0.253605 -0.66113 0.0231213 1 
2019-09-25 17:00:19 0.999089 -0.00164708 -0.0424201 0 -0.000425613 -0.999576 0.0287873 0 -0.0424504 -0.0287435 -0.998685 0 -0.25342 -0.661767 0.0223884 1 
2019-09-25 17:00:19 0.999014 0.00844742 -0.0433656 0 0.00972104 -0.999515 0.0292428 0 -0.0430984 -0.0296361 -0.998631 0 -0.253442 -0.662734 0.0218247 1 
2019-09-25 17:00:19 0.998904 0.0148914 -0.0441579 0 0.0161998 -0.999426 0.0294219 0 -0.0436952 -0.0301056 -0.998591 0 -0.253596 -0.66342 0.021167 1 
2019-09-25 17:00:19 0.998817 0.0190464 -0.0445263 0 0.0203537 -0.99936 0.0290931 0 -0.0439445 -0.0299655 -0.998584 0 -0.253744 -0.663652 0.0204898 1 
2019-09-25 17:00:19 0.998709 0.0239405 -0.0445806 0 0.0252197 -0.99927 0.0283544 0 -0.0438701 -0.0294427 -0.998603 0 -0.25371 -0.663519 0.0200699 1 
2019-09-25 17:00:19 0.998444 0.0327763 -0.0449031 0 0.0340551 -0.999018 0.0280157 0 -0.0439416 -0.0295018 -0.998598 0 -0.253884 -0.663487 0.0201203 1 
2019-09-25 17:00:19 0.998371 0.0343093 -0.0453743 0 0.0356185 -0.998953 0.0283645 0 -0.0443545 -0.029935 -0.998567 0 -0.254492 -0.663519 0.020375 1 
2019-09-25 17:00:19 0.99838 0.0333589 -0.0458854 0 0.034725 -0.998958 0.0293053 0 -0.0448609 -0.0308518 -0.998517 0 -0.255332 -0.663699 0.0208239 1 
2019-09-25 17:00:19 0.998385 0.0326015 -0.0463077 0 0.034038 -0.998943 0.0305786 0 -0.0452627 -0.0321061 -0.998459 0 -0.256024 -0.664071 0.021369 1 
2019-09-25 17:00:19 0.998383 0.032347 -0.046548 0 0.0338269 -0.998926 0.0313627 0 -0.0454844 -0.0328872 -0.998424 0 -0.256195 -0.664394 0.0217019 1 
2019-09-25 17:00:19 0.99847 0.0297395 -0.0464165 0 0.031215 -0.99901 0.0313947 0 -0.0454378 -0.0327962 -0.998429 0 -0.25619 -0.664361 0.0216405 1 
2019-09-25 17:00:19 0.998531 0.0278401 -0.04628 0 0.0293012 -0.999074 0.0311969 0 -0.0453695 -0.0325078 -0.998441 0 -0.256268 -0.664221 0.0214732 1 
2019-09-25 17:00:19 0.998563 0.0269081 -0.0461277 0 0.0283419 -0.999117 0.0307157 0 -0.0452613 -0.0319796 -0.998463 0 -0.2566 -0.663884 0.0211937 1 
2019-09-25 17:00:19 0.998583 0.026457 -0.0459727 0 0.0278587 -0.999148 0.0301201 0 -0.0451375 -0.0313588 -0.998488 0 -0.256872 -0.663539 0.0208419 1 
2019-09-25 17:00:19 0.998576 0.0268417 -0.0458989 0 0.0282239 -0.99915 0.0297356 0 -0.0450626 -0.0309893 -0.998503 0 -0.256895 -0.663388 0.0206326 1 
2019-09-25 17:00:19 0.998509 0.0291966 -0.0459176 0 0.0305744 -0.999085 0.0295955 0 -0.0450124 -0.0309559 -0.998507 0 -0.256786 -0.663413 0.0206276 1 
2019-09-25 17:00:19 0.99847 0.0306938 -0.0457844 0 0.032053 -0.999048 0.0292556 0 -0.0448437 -0.030679 -0.998523 0 -0.256659 -0.663384 0.0205999 1 
2019-09-25 17:00:19 0.998416 0.0324477 -0.0457453 0 0.033798 -0.998996 0.0290597 0 -0.0447573 -0.0305604 -0.99853 0 -0.256572 -0.663378 0.020577 1 
2019-09-25 17:00:20 0.998342 0.0347253 -0.0457041 0 0.0360627 -0.998926 0.0287706 0 -0.0446568 -0.0303716 -0.998541 0 -0.25652 -0.66335 0.0205692 1 
2019-09-25 17:00:20 0.998263 0.03692 -0.0457055 0 0.0382498 -0.99885 0.0285717 0 -0.0445989 -0.0302709 -0.998546 0 -0.256503 -0.663335 0.020576 1 
2019-09-25 17:00:20 0.998227 0.0379016 -0.0456776 0 0.0392242 -0.998817 0.0284162 0 -0.0445474 -0.030158 -0.998552 0 -0.256497 -0.663308 0.0205645 1 
2019-09-25 17:00:20 0.99812 0.040646 -0.0456526 0 0.0419505 -0.998718 0.0279894 0 -0.0444573 -0.0298526 -0.998565 0 -0.256541 -0.663218 0.020546 1 
2019-09-25 17:00:20 0.997967 0.0439326 -0.0459688 0 0.0452323 -0.998585 0.0276251 0 -0.0446909 -0.0296488 -0.998561 0 -0.256774 -0.663077 0.0205384 1 
2019-09-25 17:00:20 0.997769 0.0478247 -0.0463785 0 0.0491176 -0.998414 0.0271493 0 -0.0450075 -0.0293673 -0.998555 0 -0.257159 -0.662849 0.0205163 1 
2019-09-25 17:00:20 0.997689 0.0492558 -0.0466027 0 0.0505461 -0.998349 0.0269244 0 -0.0452005 -0.0292183 -0.998551 0 -0.257493 -0.662685 0.0205101 1 
2019-09-25 17:00:20 0.997662 0.049825 -0.0465777 0 0.0511124 -0.998322 0.0268694 0 -0.0451616 -0.0291878 -0.998553 0 -0.257466 -0.662666 0.0205175 1 
2019-09-25 17:00:20 0.997633 0.050429 -0.0465414 0 0.0517147 -0.998291 0.0268458 0 -0.045109 -0.0291897 -0.998556 0 -0.257378 -0.662686 0.0205168 1 
2019-09-25 17:00:20 0.997628 0.0506153 -0.0464379 0 0.0518958 -0.998283 0.0267969 0 -0.0450027 -0.0291438 -0.998562 0 -0.257211 -0.662705 0.0204943 1 
2019-09-25 17:00:20 0.997636 0.0506824 -0.0461938 0 0.0519564 -0.99828 0.0268081 0 -0.0447565 -0.0291454 -0.998573 0 -0.257021 -0.662726 0.0204683 1 
2019-09-25 17:00:20 0.997764 0.0484241 -0.0458516 0 0.0497 -0.998387 0.0271065 0 -0.0444658 -0.0293253 -0.99858 0 -0.256781 -0.662834 0.0205125 1 
2019-09-25 17:00:20 0.997868 0.0463799 -0.0457151 0 0.0476568 -0.998482 0.0272492 0 -0.0443827 -0.0293703 -0.998583 0 -0.256685 -0.662872 0.0205151 1 
2019-09-25 17:00:20 0.997964 0.0442934 -0.0456733 0 0.0455738 -0.998576 0.0273837 0 -0.0443962 -0.02941 -0.998581 0 -0.256713 -0.662876 0.0205379 1 
2019-09-25 17:00:20 0.997992 0.0436948 -0.0456355 0 0.0449736 -0.998603 0.027381 0 -0.0443762 -0.029379 -0.998583 0 -0.256679 -0.662871 0.0205211 1 
2019-09-25 17:00:20 0.998022 0.0431001 -0.0455506 0 0.0443778 -0.998629 0.0274198 0 -0.0443072 -0.0293875 -0.998586 0 -0.256574 -0.662904 0.0205101 1 
2019-09-25 17:00:20 0.998061 0.042676 -0.0450915 0 0.0439474 -0.998643 0.0275894 0 -0.0438537 -0.0295181 -0.998602 0 -0.256024 -0.663096 0.0204743 1 
2019-09-25 17:00:21 0.998031 0.0438358 -0.0446376 0 0.0450945 -0.998592 0.0275928 0 -0.0433661 -0.029552 -0.998622 0 -0.255108 -0.663371 0.0203873 1 
2019-09-25 17:00:21 0.997997 0.0448938 -0.0443432 0 0.0461221 -0.998559 0.0270757 0 -0.0430646 -0.0290673 -0.998649 0 -0.254289 -0.663417 0.0201156 1 
2019-09-25 17:00:21 0.998 0.044904 -0.0442713 0 0.0460935 -0.998583 0.0262239 0 -0.0430319 -0.0282126 -0.998675 0 -0.254064 -0.662794 0.0194404 1 
2019-09-25 17:00:21 0.998038 0.0439919 -0.0443403 0 0.0451533 -0.998644 0.0255395 0 -0.0431574 -0.027492 -0.99869 0 -0.254669 -0.662261 0.0191579 1 
2019-09-25 17:00:21 0.998092 0.0435361 -0.0435633 0 0.0446316 -0.998693 0.0244994 0 -0.0424406 -0.0263974 -0.99875 0 -0.25467 -0.661656 0.0185641 1 
2019-09-25 17:00:21 0.998079 0.0436934 -0.0436968 0 0.0448061 -0.998678 0.0248157 0 -0.0425555 -0.0267265 -0.998737 0 -0.254593 -0.661787 0.0186109 1 
2019-09-25 17:00:21 0.998085 0.0435149 -0.0437421 0 0.0446317 -0.998684 0.024887 0 -0.0426024 -0.0267922 -0.998733 0 -0.254732 -0.661773 0.0186446 1 
2019-09-25 17:00:21 0.998094 0.0433219 -0.0437295 0 0.0444396 -0.998692 0.0249181 0 -0.0425936 -0.0268144 -0.998733 0 -0.254842 -0.661744 0.0186439 1 
2019-09-25 17:00:21 0.998096 0.0432821 -0.0437199 0 0.0444 -0.998693 0.0249291 0 -0.0425846 -0.0268234 -0.998733 0 -0.254849 -0.661744 0.0186321 1 
2019-09-25 17:00:21 0.998098 0.0432138 -0.0437384 0 0.0443351 -0.998694 0.024999 0 -0.0426019 -0.0268911 -0.99873 0 -0.25487 -0.66178 0.0186034 1 
2019-09-25 17:00:21 0.998095 0.0433077 -0.0437305 0 0.0444259 -0.998692 0.0249282 0 -0.0425945 -0.026824 -0.998732 0 -0.254819 -0.661814 0.0183976 1 
2019-09-25 17:00:21 0.998105 0.0431541 -0.0436531 0 0.044256 -0.998708 0.024597 0 -0.042536 -0.0264828 -0.998744 0 -0.254897 -0.66171 0.018028 1 
2019-09-25 17:00:21 0.998105 0.0430485 -0.043756 0 0.0441665 -0.998704 0.0249119 0 -0.0426277 -0.0267978 -0.998732 0 -0.254895 -0.661826 0.0178228 1 
2019-09-25 17:00:21 0.998121 0.0427418 -0.043688 0 0.0438625 -0.998715 0.0250219 0 -0.0425632 -0.0268917 -0.998732 0 -0.254993 -0.66182 0.017831 1 
2019-09-25 17:00:21 0.998203 0.0411004 -0.0433836 0 0.0422236 -0.998778 0.0252978 0 -0.0422916 -0.0270847 -0.998738 0 -0.255107 -0.661816 0.01783 1 
2019-09-25 17:00:21 0.998363 0.0372819 -0.0431429 0 0.0384088 -0.998925 0.0255913 0 -0.0421432 -0.027207 -0.998741 0 -0.255272 -0.661791 0.0178236 1 
2019-09-25 17:00:21 0.998455 0.034851 -0.0430576 0 0.0359792 -0.999012 0.0257118 0 -0.0421198 -0.0272218 -0.998742 0 -0.255369 -0.661772 0.0177948 1 
2019-09-25 17:00:22 0.99846 0.0349148 -0.0428953 0 0.0360357 -0.999012 0.0256401 0 -0.0419585 -0.0271468 -0.99875 0 -0.255267 -0.661772 0.0176957 1 
2019-09-25 17:00:22 0.998466 0.0350262 -0.042655 0 0.0361131 -0.999026 0.024983 0 -0.0417392 -0.0264856 -0.998777 0 -0.255177 -0.661618 0.0170956 1 
2019-09-25 17:00:22 0.99846 0.0352332 -0.0426211 0 0.0362909 -0.999036 0.024302 0 -0.0417246 -0.0258118 -0.998796 0 -0.255179 -0.661617 0.0161735 1 
2019-09-25 17:00:22 0.998455 0.0354816 -0.0425274 0 0.0364893 -0.999056 0.0231562 0 -0.0416664 -0.0246727 -0.998827 0 -0.255166 -0.661532 0.0147536 1 
2019-09-25 17:00:22 0.998486 0.0345721 -0.0425625 0 0.0355663 -0.999097 0.0228273 0 -0.0417356 -0.024307 -0.998833 0 -0.255187 -0.661497 0.0133825 1 
2019-09-25 17:00:22 0.998489 0.0340715 -0.0428978 0 0.0350874 -0.999106 0.0231574 0 -0.0420713 -0.024628 -0.998811 0 -0.255251 -0.661468 0.0121019 1 
2019-09-25 17:00:22 0.998493 0.0338566 -0.0429707 0 0.0348792 -0.999111 0.0232742 0 -0.0421453 -0.0247383 -0.998805 0 -0.255193 -0.661519 0.0108222 1 
2019-09-25 17:00:22 0.998494 0.0338848 -0.0429191 0 0.0349118 -0.999107 0.0234087 0 -0.0420884 -0.0248723 -0.998804 0 -0.255027 -0.661795 0.00986498 1 
2019-09-25 17:00:22 0.998496 0.0334096 -0.0432549 0 0.0344518 -0.999119 0.023576 0 -0.0424299 -0.0250313 -0.998786 0 -0.255304 -0.6617 0.00855146 1 
2019-09-25 17:00:22 0.998518 0.0330047 -0.0430426 0 0.034042 -0.999132 0.0235935 0 -0.0422274 -0.0250243 -0.998795 0 -0.255294 -0.661833 0.00735647 1 
2019-09-25 17:00:22 0.99851 0.0327276 -0.0434371 0 0.0337721 -0.999143 0.023536 0 -0.0426305 -0.0249684 -0.998779 0 -0.255544 -0.661776 0.00603687 1 
2019-09-25 17:00:22 0.998569 0.0317466 -0.0428086 0 0.0327756 -0.999176 0.0235542 0 -0.0420263 -0.024924 -0.998806 0 -0.255557 -0.661679 0.00460038 1 
2019-09-25 17:00:22 0.998614 0.030937 -0.0423576 0 0.0319452 -0.999208 0.0233371 0 -0.0416028 -0.0246584 -0.99883 0 -0.255559 -0.661562 0.00315668 1 
2019-09-25 17:00:22 0.998632 0.0305501 -0.042219 0 0.03154 -0.999229 0.0229812 0 -0.0414851 -0.0242818 -0.998844 0 -0.255573 -0.661444 0.00179234 1 
2019-09-25 17:00:22 0.998641 0.0304272 -0.0420951 0 0.0314055 -0.999238 0.0227774 0 -0.0413708 -0.024069 -0.998854 0 -0.255546 -0.661455 0.000464354 1 
2019-09-25 17:00:22 0.998651 0.0303733 -0.0418957 0 0.0313162 -0.999257 0.0220366 0 -0.041196 -0.0233193 -0.998879 0 -0.255596 -0.661441 -0.00140429 1 
2019-09-25 17:00:22 0.998667 0.0303744 -0.0414991 0 0.0312665 -0.99928 0.0210183 0 -0.0408316 -0.0222882 -0.998917 0 -0.255612 -0.661564 -0.00420015 1 
2019-09-25 17:00:22 0.99862 0.030672 -0.0424062 0 0.0316036 -0.99926 0.0214755 0 -0.041717 -0.0227865 -0.99887 0 -0.255957 -0.66211 -0.00635784 1 
2019-09-25 17:00:23 0.998628 0.0305221 -0.0423172 0 0.0314666 -0.999257 0.0218374 0 -0.04162 -0.0231394 -0.998866 0 -0.256108 -0.662338 -0.0065373 1 
2019-09-25 17:00:23 0.998646 0.0301263 -0.0421733 0 0.0310785 -0.999263 0.0221069 0 -0.041477 -0.0233881 -0.998866 0 -0.256208 -0.662383 -0.00643151 1 
2019-09-25 17:00:23 0.998712 0.0284431 -0.0417778 0 0.0293916 -0.99931 0.0222676 0 -0.0411164 -0.0234673 -0.998879 0 -0.256245 -0.662342 -0.00647927 1 
2019-09-25 17:00:23 0.998978 0.0188535 -0.0408387 0 0.0197903 -0.999538 0.022657 0 -0.0403935 -0.0234425 -0.998909 0 -0.256411 -0.662188 -0.00654193 1 
2019-09-25 17:00:23 0.99923 -0.00343424 -0.0388309 0 -0.0025377 -0.99972 0.0231139 0 -0.0389001 -0.022998 -0.998978 0 -0.256688 -0.661832 -0.00665227 1 
2019-09-25 17:00:23 0.998637 -0.0370534 -0.0364902 0 -0.0362084 -0.999057 0.023552 0 -0.0373292 -0.022199 -0.999056 0 -0.257246 -0.661282 -0.00670614 1 
2019-09-25 17:00:23 0.996402 -0.0770893 -0.034942 0 -0.0762465 -0.99677 0.0248431 0 -0.036745 -0.0220899 -0.99908 0 -0.258067 -0.660877 -0.00672348 1 
2019-09-25 17:00:23 0.992538 -0.117101 -0.0337141 0 -0.116246 -0.992863 0.0262805 0 -0.0365517 -0.0221657 -0.999086 0 -0.258884 -0.660557 -0.00670963 1 
2019-09-25 17:00:23 0.986564 -0.160146 -0.0320248 0 -0.159279 -0.986827 0.028 0 -0.0360877 -0.0225234 -0.999095 0 -0.259108 -0.660522 -0.00668058 1 
2019-09-25 17:00:23 0.978384 -0.204491 -0.0304882 0 -0.20362 -0.978598 0.0294082 0 -0.0358501 -0.0225649 -0.999102 0 -0.258994 -0.660539 -0.00671114 1 
2019-09-25 17:00:23 0.967213 -0.252302 -0.0287122 0 -0.251428 -0.967374 0.030865 0 -0.0355634 -0.0226344 -0.999111 0 -0.258804 -0.660593 -0.00673438 1 
2019-09-25 17:00:23 0.955076 -0.295093 -0.0270501 0 -0.294219 -0.955189 0.0320792 0 -0.035305 -0.0226798 -0.999119 0 -0.258617 -0.660628 -0.00675634 1 
2019-09-25 17:00:23 0.94148 -0.336091 -0.0252796 0 -0.33522 -0.941543 0.0332456 0 -0.034976 -0.0228262 -0.999127 0 -0.258445 -0.660697 -0.00675949 1 
2019-09-25 17:00:23 0.924962 -0.379347 -0.0228329 0 -0.378494 -0.924954 0.0343962 0 -0.0341681 -0.0231735 -0.999147 0 -0.258053 -0.660842 -0.00677928 1 
2019-09-25 17:00:23 0.904554 -0.425863 -0.020077 0 -0.425035 -0.904469 0.0355087 0 -0.0332815 -0.0235865 -0.999168 0 -0.257569 -0.661037 -0.00677527 1 
2019-09-25 17:00:23 0.879303 -0.47593 -0.0172665 0 -0.475128 -0.879147 0.0365335 0 -0.0325678 -0.0239206 -0.999183 0 -0.257117 -0.661215 -0.0067691 1 
2019-09-25 17:00:23 0.847819 -0.530066 -0.0146037 0 -0.529288 -0.847605 0.0374191 0 -0.0322133 -0.0239955 -0.999193 0 -0.256843 -0.661282 -0.00681259 1 
2019-09-25 17:00:24 0.813488 -0.581437 -0.0122251 0 -0.580675 -0.813226 0.0382252 0 -0.0321679 -0.0239974 -0.999194 0 -0.25701 -0.661208 -0.00680799 1 
2019-09-25 17:00:24 0.777038 -0.629362 -0.00978893 0 -0.62862 -0.776728 0.038878 0 -0.0320723 -0.0240567 -0.999196 0 -0.257348 -0.661081 -0.00678268 1 
2019-09-25 17:00:24 0.739555 -0.673042 -0.0073314 0 -0.672327 -0.739197 0.0392962 0 -0.0318679 -0.024133 -0.999201 0 -0.25736 -0.661061 -0.00677491 1 
2019-09-25 17:00:24 0.699345 -0.714756 -0.0046193 0 -0.714078 -0.698936 0.0395159 0 -0.0314734 -0.0243371 -0.999208 0 -0.25718 -0.661132 -0.0067581 1 
2019-09-25 17:00:24 0.659579 -0.75162 -0.00172683 0 -0.75099 -0.659117 0.0394962 0 -0.0308249 -0.0247545 -0.999218 0 -0.256894 -0.661274 -0.00670266 1 
2019-09-25 17:00:24 0.61802 -0.786149 0.00135511 0 -0.785581 -0.617506 0.0391248 0 -0.0299217 -0.0252449 -0.999233 0 -0.256487 -0.661448 -0.00670412 1 
2019-09-25 17:00:24 0.575065 -0.818082 0.00469115 0 -0.817586 -0.574495 0.0385963 0 -0.0288805 -0.0260313 -0.999244 0 -0.256057 -0.661692 -0.00662147 1 
2019-09-25 17:00:24 0.530635 -0.847551 0.00802659 0 -0.84713 -0.530013 0.0379204 0 -0.0278858 -0.026922 -0.999249 0 -0.255503 -0.661994 -0.00658481 1 
2019-09-25 17:00:24 0.484759 -0.874568 0.0109472 0 -0.874215 -0.484099 0.0371221 0 -0.0271668 -0.0275661 -0.999251 0 -0.254926 -0.662284 -0.00657133 1 
2019-09-25 17:00:24 0.436076 -0.899801 0.0132646 0 -0.8995 -0.435396 0.0361999 0 -0.0267978 -0.0277179 -0.999257 0 -0.254377 -0.662487 -0.00658698 1 
2019-09-25 17:00:24 0.390678 -0.920393 0.0151144 0 -0.920131 -0.389986 0.0353718 0 -0.026662 -0.0277268 -0.99926 0 -0.253928 -0.662636 -0.00661396 1 
2019-09-25 17:00:24 0.350247 -0.936499 0.016647 0 -0.936269 -0.349546 0.0346087 0 -0.0265926 -0.0277082 -0.999262 0 -0.253724 -0.662695 -0.00663438 1 
2019-09-25 17:00:24 0.312085 -0.949871 0.0181398 0 -0.949675 -0.311375 0.0338231 0 -0.0264798 -0.0277832 -0.999263 0 -0.253654 -0.662732 -0.00663445 1 
2019-09-25 17:00:24 0.269834 -0.962694 0.0197451 0 -0.962537 -0.269115 0.0328754 0 -0.0263357 -0.0278768 -0.999264 0 -0.25355 -0.662772 -0.00664847 1 
