2019-09-25 17:02:20 0.998939 -0.0308815 -0.033893 0 -0.0295594 -0.998798 0.0388402 0 -0.0350524 -0.0377978 -0.99867 0 -0.267704 -0.450988 0.492828 1 
2019-09-25 17:02:20 0.998939 -0.0308804 -0.0338953 0 -0.0295579 -0.998798 0.0388467 0 -0.0350548 -0.0378044 -0.99867 0 -0.267701 -0.450989 0.492832 1 
2019-09-25 17:02:20 0.998939 -0.0308821 -0.033893 0 -0.0295598 -0.998798 0.0388423 0 -0.0350525 -0.0377999 -0.99867 0 -0.2677 -0.450989 0.492831 1 
2019-09-25 17:02:20 0.998939 -0.0308689 -0.0338939 0 -0.0295466 -0.998799 0.0388433 0 -0.0350529 -0.0378014 -0.99867 0 -0.267698 -0.450992 0.49283 1 
2019-09-25 17:02:20 0.998939 -0.0308743 -0.0338923 0 -0.0295522 -0.998799 0.038841 0 -0.0350515 -0.0377989 -0.99867 0 -0.2677 -0.450989 0.49283 1 
2019-09-25 17:02:20 0.998939 -0.0308761 -0.0338933 0 -0.0295541 -0.998799 0.0388386 0 -0.0350525 -0.0377964 -0.99867 0 -0.2677 -0.450989 0.492829 1 
2019-09-25 17:02:20 0.998939 -0.0308769 -0.033893 0 -0.0295549 -0.998799 0.0388382 0 -0.0350522 -0.037796 -0.998671 0 -0.267701 -0.450989 0.492828 1 
2019-09-25 17:02:20 0.998939 -0.0308782 -0.0338961 0 -0.0295557 -0.998798 0.0388467 0 -0.0350556 -0.0378043 -0.99867 0 -0.267701 -0.450991 0.492832 1 
2019-09-25 17:02:20 0.998939 -0.0308788 -0.033893 0 -0.0295566 -0.998799 0.0388414 0 -0.0350523 -0.0377991 -0.99867 0 -0.267702 -0.450989 0.49283 1 
2019-09-25 17:02:20 0.998939 -0.030873 -0.0338941 0 -0.0295507 -0.998799 0.0388428 0 -0.0350532 -0.0378007 -0.99867 0 -0.2677 -0.45099 0.492831 1 
2019-09-25 17:02:20 0.998939 -0.0308769 -0.0338921 0 -0.0295548 -0.998799 0.0388395 0 -0.0350513 -0.0377973 -0.998671 0 -0.267699 -0.45099 0.492829 1 
2019-09-25 17:02:21 0.998939 -0.0308751 -0.0338942 0 -0.0295528 -0.998799 0.0388425 0 -0.0350534 -0.0378004 -0.99867 0 -0.267701 -0.45099 0.49283 1 
2019-09-25 17:02:21 0.998939 -0.0308812 -0.033896 0 -0.0295588 -0.998798 0.038845 0 -0.0350555 -0.0378025 -0.99867 0 -0.267701 -0.45099 0.492832 1 
2019-09-25 17:02:21 0.998939 -0.0308801 -0.0338928 0 -0.0295579 -0.998798 0.0388421 0 -0.0350522 -0.0377998 -0.99867 0 -0.267701 -0.450989 0.49283 1 
2019-09-25 17:02:21 0.998939 -0.0308729 -0.0338914 0 -0.0295509 -0.998799 0.0388369 0 -0.0350504 -0.0377948 -0.998671 0 -0.267699 -0.45099 0.492828 1 
2019-09-25 17:02:21 0.998939 -0.030882 -0.0338946 0 -0.0295596 -0.998798 0.0388458 0 -0.0350542 -0.0378033 -0.99867 0 -0.267702 -0.450989 0.492832 1 
2019-09-25 17:02:21 0.998939 -0.0308818 -0.0338956 0 -0.0295594 -0.998798 0.0388448 0 -0.0350552 -0.0378024 -0.99867 0 -0.267702 -0.45099 0.492831 1 
2019-09-25 17:02:21 0.998939 -0.0308794 -0.033893 0 -0.0295573 -0.998799 0.0388397 0 -0.0350523 -0.0377974 -0.99867 0 -0.2677 -0.45099 0.492829 1 
2019-09-25 17:02:21 0.998939 -0.030875 -0.0338908 0 -0.029553 -0.998799 0.0388367 0 -0.0350499 -0.0377947 -0.998671 0 -0.2677 -0.45099 0.492827 1 
2019-09-25 17:02:21 0.998939 -0.0308743 -0.033891 0 -0.0295524 -0.998799 0.038837 0 -0.03505 -0.037795 -0.998671 0 -0.267699 -0.45099 0.492828 1 
2019-09-25 17:02:21 0.998939 -0.0308763 -0.0338903 0 -0.0295545 -0.998799 0.0388323 0 -0.0350492 -0.0377902 -0.998671 0 -0.267699 -0.450988 0.492826 1 
2019-09-25 17:02:21 0.998937 -0.030915 -0.0339007 0 -0.0295916 -0.998797 0.038866 0 -0.0350621 -0.0378223 -0.998669 0 -0.267719 -0.450979 0.492841 1 
2019-09-25 17:02:21 0.998939 -0.030873 -0.0338976 0 -0.0295505 -0.998799 0.038846 0 -0.0350568 -0.0378038 -0.99867 0 -0.267699 -0.450992 0.492832 1 
2019-09-25 17:02:21 0.998939 -0.0308748 -0.0338995 0 -0.0295519 -0.998798 0.0388551 0 -0.0350591 -0.0378128 -0.99867 0 -0.2677 -0.45099 0.492836 1 
2019-09-25 17:02:21 0.998939 -0.030857 -0.0339025 0 -0.0295339 -0.998799 0.0388564 0 -0.0350614 -0.0378147 -0.998669 0 -0.267692 -0.450995 0.492839 1 
2019-09-25 17:02:21 0.99894 -0.0308431 -0.0338968 0 -0.0295204 -0.998799 0.0388516 0 -0.035055 -0.0378105 -0.99867 0 -0.267683 -0.450999 0.492836 1 
2019-09-25 17:02:21 0.998938 -0.0309086 -0.0338958 0 -0.0295857 -0.998797 0.0388593 0 -0.0350567 -0.0378159 -0.99867 0 -0.267715 -0.45098 0.492839 1 
2019-09-25 17:02:21 0.998939 -0.0308751 -0.0338823 0 -0.029554 -0.998799 0.0388204 0 -0.0350409 -0.0377786 -0.998672 0 -0.267698 -0.450987 0.492821 1 
2019-09-25 17:02:21 0.998935 -0.0309864 -0.0338908 0 -0.0296638 -0.998795 0.0388567 0 -0.0350547 -0.0378107 -0.99867 0 -0.267752 -0.450959 0.492835 1 
2019-09-25 17:02:22 0.998935 -0.0309925 -0.0338968 0 -0.0296696 -0.998795 0.0388568 0 -0.0350609 -0.0378104 -0.99867 0 -0.267757 -0.450963 0.492831 1 
2019-09-25 17:02:22 0.998932 -0.031122 -0.033881 0 -0.0297996 -0.998791 0.0388595 0 -0.03505 -0.0378091 -0.99867 0 -0.267817 -0.450928 0.49283 1 
2019-09-25 17:02:22 0.998937 -0.0309586 -0.0338809 0 -0.0296376 -0.998797 0.0388196 0 -0.0350426 -0.0377749 -0.998672 0 -0.26774 -0.450973 0.492814 1 
2019-09-25 17:02:22 0.998933 -0.0310586 -0.0338969 0 -0.0297362 -0.998793 0.0388406 0 -0.0350631 -0.0377919 -0.99867 0 -0.267796 -0.45096 0.492815 1 
2019-09-25 17:02:22 0.998938 -0.0309482 -0.0338631 0 -0.0296305 -0.9988 0.0387447 0 -0.0350222 -0.0377009 -0.998675 0 -0.267744 -0.450979 0.492778 1 
2019-09-25 17:02:22 0.998952 -0.0305737 -0.0337658 0 -0.0292747 -0.998827 0.0383198 0 -0.0348984 -0.0372919 -0.998695 0 -0.267579 -0.451117 0.492564 1 
2019-09-25 17:02:22 0.999001 -0.0286935 -0.0339818 0 -0.0273893 -0.998883 0.0382413 0 -0.0350418 -0.0372731 -0.998691 0 -0.266793 -0.451827 0.492555 1 
2019-09-25 17:02:22 0.999083 -0.0239602 -0.0352211 0 -0.0225705 -0.998961 0.0393386 0 -0.0361278 -0.0385083 -0.998605 0 -0.264935 -0.453953 0.493249 1 
2019-09-25 17:02:22 0.999179 -0.0161119 -0.0369196 0 -0.0146345 -0.999085 0.0399429 0 -0.0375301 -0.0393705 -0.99852 0 -0.261815 -0.457381 0.493777 1 
2019-09-25 17:02:22 0.999244 -0.00587546 -0.0381751 0 -0.00438571 -0.99922 0.0389909 0 -0.0383752 -0.0387948 -0.99851 0 -0.257584 -0.461747 0.493454 1 
2019-09-25 17:02:22 0.999189 0.006354 -0.039521 0 0.00785049 -0.999244 0.0378261 0 -0.0392515 -0.0381064 -0.998502 0 -0.252532 -0.467047 0.492164 1 
2019-09-25 17:02:22 0.998962 0.0202849 -0.0405523 0 0.0217737 -0.999083 0.0366155 0 -0.0397731 -0.0374611 -0.998506 0 -0.246452 -0.473704 0.489974 1 
2019-09-25 17:02:22 0.998609 0.0310245 -0.042415 0 0.0326382 -0.998739 0.0378971 0 -0.0411866 -0.0392295 -0.998381 0 -0.240441 -0.482203 0.486523 1 
2019-09-25 17:02:22 0.998429 0.0357559 -0.0429078 0 0.0373901 -0.998572 0.0379088 0 -0.0414919 -0.0394544 -0.99836 0 -0.23368 -0.491344 0.4824 1 
2019-09-25 17:02:22 0.998523 0.0322025 -0.0435448 0 0.0338869 -0.998674 0.038514 0 -0.0422476 -0.0399334 -0.998309 0 -0.22762 -0.501035 0.47728 1 
2019-09-25 17:02:22 0.998793 0.0229875 -0.0431952 0 0.0246691 -0.998932 0.0388094 0 -0.0422577 -0.0398288 -0.998313 0 -0.221113 -0.511789 0.470869 1 
2019-09-25 17:02:22 0.998958 0.0141965 -0.0431577 0 0.0159495 -0.999041 0.0405486 0 -0.0425414 -0.0411955 -0.998245 0 -0.214638 -0.523287 0.463866 1 
2019-09-25 17:02:23 0.999063 0.00554638 -0.0426904 0 0.00731954 -0.999102 0.0414915 0 -0.0424227 -0.041766 -0.998226 0 -0.207428 -0.535451 0.455979 1 
2019-09-25 17:02:23 0.999086 -0.00810274 -0.0417468 0 -0.00630014 -0.99904 0.043131 0 -0.042057 -0.0428294 -0.998197 0 -0.1999 -0.547916 0.448074 1 
2019-09-25 17:02:23 0.998859 -0.0256666 -0.0400268 0 -0.0238683 -0.998702 0.0447764 0 -0.0411249 -0.0437708 -0.998195 0 -0.191666 -0.560818 0.439602 1 
2019-09-25 17:02:23 0.998123 -0.0470744 -0.0389383 0 -0.0453109 -0.997949 0.0449962 0 -0.0409774 -0.0431482 -0.998228 0 -0.183323 -0.573471 0.430706 1 
2019-09-25 17:02:23 0.996958 -0.0677388 -0.0383068 0 -0.0659712 -0.996766 0.0456632 0 -0.0412769 -0.0429979 -0.998222 0 -0.175118 -0.586093 0.421224 1 
2019-09-25 17:02:23 0.995627 -0.0852944 -0.0378477 0 -0.0835564 -0.995461 0.0453452 0 -0.0415444 -0.0419853 -0.998254 0 -0.166963 -0.598191 0.411086 1 
2019-09-25 17:02:23 0.994422 -0.0983824 -0.0377707 0 -0.0966563 -0.994286 0.0450913 0 -0.0419919 -0.0411898 -0.998269 0 -0.1597 -0.609801 0.400442 1 
2019-09-25 17:02:23 0.993601 -0.10646 -0.0374718 0 -0.104726 -0.993449 0.0455283 0 -0.0420741 -0.0413134 -0.99826 0 -0.15293 -0.621237 0.388918 1 
2019-09-25 17:02:23 0.992916 -0.112655 -0.0375052 0 -0.110905 -0.992762 0.0458685 0 -0.0424019 -0.0413849 -0.998243 0 -0.147302 -0.632489 0.376366 1 
2019-09-25 17:02:23 0.991945 -0.120752 -0.0380135 0 -0.118946 -0.991795 0.0466356 0 -0.0433338 -0.0417392 -0.998188 0 -0.142986 -0.643066 0.363708 1 
2019-09-25 17:02:23 0.990743 -0.130078 -0.038577 0 -0.128294 -0.990678 0.0455845 0 -0.0441477 -0.0402141 -0.998215 0 -0.139996 -0.652906 0.349705 1 
2019-09-25 17:02:23 0.989845 -0.136628 -0.0389953 0 -0.134837 -0.989818 0.0453831 0 -0.0447997 -0.0396649 -0.998208 0 -0.138733 -0.661667 0.336351 1 
2019-09-25 17:02:23 0.988784 -0.14402 -0.039319 0 -0.142269 -0.98883 0.0442197 0 -0.0452492 -0.0381306 -0.998248 0 -0.138964 -0.66944 0.322178 1 
2019-09-25 17:02:23 0.987802 -0.15054 -0.0395734 0 -0.148883 -0.987955 0.0419445 0 -0.045412 -0.0355417 -0.998336 0 -0.14081 -0.675621 0.307907 1 
2019-09-25 17:02:23 0.986722 -0.157289 -0.0402469 0 -0.155659 -0.986955 0.0408774 0 -0.0461523 -0.0340705 -0.998353 0 -0.144209 -0.680682 0.293497 1 
2019-09-25 17:02:23 0.98543 -0.164967 -0.0411577 0 -0.1634 -0.985782 0.0389133 0 -0.0469929 -0.0316218 -0.998395 0 -0.148569 -0.684006 0.27896 1 
2019-09-25 17:02:23 0.984146 -0.172055 -0.0428389 0 -0.170568 -0.984669 0.0362555 0 -0.048421 -0.0283743 -0.998424 0 -0.153913 -0.685837 0.264109 1 
2019-09-25 17:02:23 0.983472 -0.175429 -0.0445952 0 -0.174033 -0.98416 0.0334991 0 -0.0497665 -0.0251849 -0.998443 0 -0.160163 -0.686717 0.250492 1 
2019-09-25 17:02:24 0.983835 -0.173015 -0.0459957 0 -0.171625 -0.984611 0.0326544 0 -0.0509386 -0.0242329 -0.998408 0 -0.167263 -0.687268 0.238214 1 
2019-09-25 17:02:24 0.985347 -0.163934 -0.0468905 0 -0.16258 -0.986186 0.031378 0 -0.0513877 -0.0232952 -0.998407 0 -0.174976 -0.687125 0.227137 1 
2019-09-25 17:02:24 0.987427 -0.150699 -0.0475154 0 -0.14942 -0.988326 0.0294261 0 -0.0513962 -0.0219568 -0.998437 0 -0.183874 -0.686203 0.215796 1 
2019-09-25 17:02:24 0.989544 -0.135881 -0.0481665 0 -0.13471 -0.990513 0.0267783 0 -0.0513492 -0.0200102 -0.99848 0 -0.192911 -0.684645 0.205786 1 
2019-09-25 17:02:24 0.991314 -0.122118 -0.0486169 0 -0.120998 -0.992319 0.0253643 0 -0.0513419 -0.0192618 -0.998495 0 -0.202234 -0.682785 0.196641 1 
2019-09-25 17:02:24 0.99262 -0.110641 -0.0494385 0 -0.109564 -0.993681 0.0239858 0 -0.0517809 -0.0183925 -0.998489 0 -0.211512 -0.680752 0.188263 1 
2019-09-25 17:02:24 0.993744 -0.0994897 -0.0505456 0 -0.0984198 -0.994864 0.0232374 0 -0.0525988 -0.0181177 -0.998451 0 -0.221153 -0.678448 0.181007 1 
2019-09-25 17:02:24 0.995356 -0.0808453 -0.052075 0 -0.0798431 -0.996576 0.0210495 0 -0.0535995 -0.0167943 -0.998421 0 -0.231082 -0.675559 0.174642 1 
2019-09-25 17:02:24 0.99685 -0.0588038 -0.0530388 0 -0.057825 -0.998121 0.0198051 0 -0.0541048 -0.016676 -0.998396 0 -0.241332 -0.672307 0.168822 1 
2019-09-25 17:02:24 0.997924 -0.0374137 -0.0522431 0 -0.0364911 -0.999153 0.0185027 0 -0.0528921 -0.0165582 -0.998463 0 -0.25126 -0.668725 0.164193 1 
2019-09-25 17:02:24 0.998439 -0.0235087 -0.0504755 0 -0.0226152 -0.999569 0.0182009 0 -0.0508826 -0.0170313 -0.998559 0 -0.260239 -0.665453 0.160153 1 
2019-09-25 17:02:24 0.998716 -0.0119989 -0.0490159 0 -0.011224 -0.999798 0.0160546 0 -0.0491996 -0.0154841 -0.998669 0 -0.268056 -0.661984 0.155889 1 
2019-09-25 17:02:24 0.998757 0.00387354 -0.0494963 0 0.00460763 -0.999871 0.0147257 0 -0.0494339 -0.0149358 -0.998666 0 -0.274615 -0.658874 0.151667 1 
2019-09-25 17:02:24 0.998333 0.0277469 -0.0504243 0 0.0284488 -0.999498 0.0132544 0 -0.0500321 -0.0146671 -0.99864 0 -0.279922 -0.655862 0.147093 1 
2019-09-25 17:02:24 0.997213 0.0551273 -0.0500865 0 0.0557492 -0.998373 0.0111056 0 -0.0493938 -0.0138672 -0.998683 0 -0.283663 -0.65316 0.141896 1 
2019-09-25 17:02:24 0.995445 0.0818669 -0.0486694 0 0.0824593 -0.996532 0.0102879 0 -0.0476593 -0.0142545 -0.998762 0 -0.284672 -0.651667 0.135842 1 
2019-09-25 17:02:24 0.994169 0.0970174 -0.0468615 0 0.0976846 -0.995133 0.0121584 0 -0.0454547 -0.0166654 -0.998827 0 -0.283184 -0.651726 0.128975 1 
2019-09-25 17:02:25 0.993792 0.10127 -0.0458435 0 0.102006 -0.994675 0.0140071 0 -0.0441818 -0.0185968 -0.99885 0 -0.280587 -0.652476 0.122173 1 
2019-09-25 17:02:25 0.993427 0.10517 -0.0449751 0 0.105928 -0.994254 0.0148141 0 -0.0431595 -0.0194812 -0.998878 0 -0.277553 -0.653648 0.115372 1 
2019-09-25 17:02:25 0.992869 0.110311 -0.0449729 0 0.111133 -0.993664 0.0162095 0 -0.0429007 -0.0210923 -0.998857 0 -0.274108 -0.655173 0.107666 1 
2019-09-25 17:02:25 0.992401 0.114611 -0.0445589 0 0.115438 -0.993169 0.0164369 0 -0.0423714 -0.0214562 -0.998872 0 -0.270745 -0.656284 0.100239 1 
2019-09-25 17:02:25 0.992657 0.113059 -0.0427823 0 0.113847 -0.993353 0.0164371 0 -0.0406403 -0.0211875 -0.998949 0 -0.267468 -0.656958 0.0919832 1 
2019-09-25 17:02:25 0.993919 0.101964 -0.0413505 0 0.102838 -0.994495 0.0195917 0 -0.039126 -0.0237254 -0.998953 0 -0.264597 -0.658001 0.0846583 1 
2019-09-25 17:02:25 0.995827 0.082343 -0.0391064 0 0.0831946 -0.996309 0.0206685 0 -0.0372609 -0.0238362 -0.999021 0 -0.262071 -0.658211 0.0766948 1 
2019-09-25 17:02:25 0.99714 0.0648561 -0.0385585 0 0.0657285 -0.99759 0.0218033 0 -0.0370522 -0.0242758 -0.999018 0 -0.259952 -0.658476 0.0695841 1 
2019-09-25 17:02:25 0.998022 0.0495805 -0.0383993 0 0.0504554 -0.998471 0.0221603 0 -0.0372425 -0.0240544 -0.999017 0 -0.25816 -0.658454 0.0629299 1 
2019-09-25 17:02:25 0.998664 0.0342787 -0.0384155 0 0.0352052 -0.999089 0.0237058 0 -0.0375686 -0.025027 -0.998981 0 -0.256463 -0.658641 0.0569654 1 
2019-09-25 17:02:25 0.999099 0.0178564 -0.0382388 0 0.0187959 -0.999517 0.0243516 0 -0.0377862 -0.0250489 -0.998972 0 -0.255212 -0.658594 0.0522999 1 
2019-09-25 17:02:25 0.999256 0.0024668 -0.0382291 0 0.00341439 -0.999678 0.0247415 0 -0.0381565 -0.0248541 -0.998963 0 -0.254319 -0.658368 0.0481275 1 
2019-09-25 17:02:25 0.999227 -0.00917066 -0.0379659 0 -0.00824485 -0.999657 0.0244703 0 -0.0381781 -0.0241388 -0.998979 0 -0.253438 -0.658123 0.0449517 1 
2019-09-25 17:02:25 0.999123 -0.0174239 -0.0378322 0 -0.0164766 -0.999537 0.0252066 0 -0.0382546 -0.0245616 -0.998966 0 -0.252485 -0.658322 0.0431227 1 
2019-09-25 17:02:25 0.999078 -0.0200967 -0.0376884 0 -0.0191346 -0.999476 0.0257168 0 -0.0381863 -0.0249724 -0.998959 0 -0.251559 -0.658702 0.0423396 1 
2019-09-25 17:02:25 0.999053 -0.0206868 -0.0380215 0 -0.0196716 -0.999435 0.0268851 0 -0.0385569 -0.0261122 -0.998915 0 -0.250898 -0.659407 0.0420443 1 
2019-09-25 17:02:25 0.998946 -0.0251691 -0.038139 0 -0.0241178 -0.999313 0.0277784 0 -0.0388127 -0.0268298 -0.998886 0 -0.250433 -0.660179 0.0418097 1 
2019-09-25 17:02:25 0.998663 -0.0346684 -0.0380835 0 -0.0335851 -0.999013 0.0287271 0 -0.0390426 -0.0274102 -0.998862 0 -0.25016 -0.660972 0.0413044 1 
2019-09-25 17:02:26 0.998392 -0.0417709 -0.0380709 0 -0.0406899 -0.998749 0.0287403 0 -0.0392246 -0.0271455 -0.998862 0 -0.250113 -0.661379 0.0403207 1 
2019-09-25 17:02:26 0.998393 -0.041673 -0.0381522 0 -0.0406331 -0.998782 0.027638 0 -0.0392583 -0.0260438 -0.99889 0 -0.250043 -0.661396 0.0388824 1 
2019-09-25 17:02:26 0.998451 -0.0399321 -0.0384959 0 -0.038922 -0.998877 0.0266408 0 -0.0395173 -0.0251017 -0.998904 0 -0.249984 -0.661084 0.0372716 1 
2019-09-25 17:02:26 0.998848 -0.0271682 -0.0393216 0 -0.0261666 -0.999316 0.0257664 0 -0.0399955 -0.0247083 -0.998894 0 -0.24978 -0.660894 0.0358316 1 
2019-09-25 17:02:26 0.999161 -0.00249776 -0.0406383 0 -0.00146677 -0.999667 0.0253797 0 -0.0406889 -0.0252993 -0.998852 0 -0.249644 -0.66098 0.035019 1 
2019-09-25 17:02:26 0.998945 0.0186867 -0.041717 0 0.0197544 -0.999474 0.0253289 0 -0.0412226 -0.0261267 -0.998808 0 -0.249771 -0.661104 0.0348556 1 
2019-09-25 17:02:26 0.998684 0.0289731 -0.042085 0 0.0300462 -0.999224 0.0250935 0 -0.0413261 -0.0263254 -0.998799 0 -0.249949 -0.661105 0.0349115 1 
2019-09-25 17:02:26 0.998651 0.0300869 -0.0420959 0 0.0311562 -0.999193 0.0249801 0 -0.0413111 -0.0262585 -0.998801 0 -0.249941 -0.661082 0.0348552 1 
2019-09-25 17:02:26 0.998667 0.0296101 -0.0420409 0 0.0306734 -0.99921 0.0248759 0 -0.0412719 -0.0261328 -0.998806 0 -0.250021 -0.661003 0.0346872 1 
2019-09-25 17:02:26 0.998936 0.0192935 -0.0416568 0 0.020365 -0.999459 0.0254513 0 -0.041144 -0.0262731 -0.998808 0 -0.250231 -0.660905 0.0344695 1 
2019-09-25 17:02:26 0.999167 -0.00393843 -0.0403875 0 -0.0028511 -0.999623 0.0269445 0 -0.0404791 -0.0268074 -0.998821 0 -0.250457 -0.660856 0.0343189 1 
2019-09-25 17:02:26 0.998874 -0.0257193 -0.0396315 0 -0.0246348 -0.999305 0.0276121 0 -0.0403149 -0.0266052 -0.998833 0 -0.250704 -0.660685 0.0341349 1 
2019-09-25 17:02:26 0.998691 -0.032366 -0.0393529 0 -0.0313071 -0.999129 0.0272332 0 -0.0402009 -0.025966 -0.998854 0 -0.25079 -0.660449 0.0336888 1 
2019-09-25 17:02:26 0.998745 -0.0308513 -0.0392 0 -0.0298554 -0.999213 0.0257414 0 -0.0399641 -0.0245393 -0.9989 0 -0.250664 -0.660022 0.0325286 1 
2019-09-25 17:02:26 0.999032 -0.0182405 -0.0397842 0 -0.0172893 -0.99955 0.0241226 0 -0.0402071 -0.0234119 -0.998917 0 -0.250577 -0.659569 0.030739 1 
2019-09-25 17:02:26 0.999112 0.00466185 -0.0416386 0 0.00565969 -0.999689 0.0238784 0 -0.0415151 -0.0240934 -0.998847 0 -0.25074 -0.659599 0.0286304 1 
2019-09-25 17:02:26 0.998876 0.0187512 -0.0433131 0 0.0198108 -0.999502 0.0241644 0 -0.0428392 -0.0249958 -0.998769 0 -0.251091 -0.66032 0.026682 1 
2019-09-25 17:02:27 0.998756 0.0220827 -0.0444971 0 0.0231943 -0.999418 0.0246197 0 -0.0439284 -0.0256217 -0.998706 0 -0.251523 -0.661655 0.024842 1 
2019-09-25 17:02:27 0.99855 0.0277172 -0.0459466 0 0.0289082 -0.999248 0.0254624 0 -0.0452072 -0.0267542 -0.998619 0 -0.252233 -0.663206 0.0231679 1 
2019-09-25 17:02:27 0.998145 0.0379175 -0.0474264 0 0.0391851 -0.998882 0.0260891 0 -0.0463851 -0.0278996 -0.998534 0 -0.253185 -0.664502 0.0217817 1 
2019-09-25 17:02:27 0.997664 0.0478571 -0.0485399 0 0.0491637 -0.99844 0.0260911 0 -0.0472164 -0.0284171 -0.99848 0 -0.254159 -0.665283 0.0204475 1 
2019-09-25 17:02:27 0.997451 0.0517698 -0.0489022 0 0.0531047 -0.99823 0.0264021 0 -0.0474498 -0.0289323 -0.998455 0 -0.25492 -0.665406 0.0206019 1 
2019-09-25 17:02:27 0.99749 0.0510309 -0.0489006 0 0.0523692 -0.998267 0.026486 0 -0.0474652 -0.0289809 -0.998452 0 -0.25542 -0.665233 0.0207216 1 
2019-09-25 17:02:27 0.997536 0.0504265 -0.0485693 0 0.0517173 -0.998321 0.0256957 0 -0.0471929 -0.0281448 -0.998489 0 -0.255697 -0.664741 0.0203719 1 
2019-09-25 17:02:27 0.997547 0.0503585 -0.0484265 0 0.0516303 -0.998334 0.0253797 0 -0.0470687 -0.0278183 -0.998504 0 -0.255675 -0.664564 0.0202803 1 
2019-09-25 17:02:27 0.997548 0.0504081 -0.0483583 0 0.0516717 -0.998335 0.0252444 0 -0.0470062 -0.0276818 -0.998511 0 -0.255657 -0.664485 0.0202674 1 
2019-09-25 17:02:27 0.99754 0.0506926 -0.0482263 0 0.0519391 -0.998329 0.0249536 0 -0.0468817 -0.0273976 -0.998525 0 -0.255612 -0.664321 0.020225 1 
2019-09-25 17:02:27 0.997555 0.0507679 -0.047835 0 0.0519906 -0.998333 0.024673 0 -0.0465036 -0.0271001 -0.99855 0 -0.25535 -0.664162 0.0201871 1 
2019-09-25 17:02:27 0.997646 0.0495375 -0.0472138 0 0.0507346 -0.998402 0.0245017 0 -0.0459255 -0.0268399 -0.998584 0 -0.255056 -0.663965 0.0201754 1 
2019-09-25 17:02:27 0.997966 0.0437314 -0.0461663 0 0.0449108 -0.998673 0.024825 0 -0.0450202 -0.0268484 -0.998625 0 -0.25507 -0.663737 0.0201215 1 
2019-09-25 17:02:27 0.998351 0.0356771 -0.0447573 0 0.0368614 -0.998975 0.0259196 0 -0.0437876 -0.0275273 -0.998662 0 -0.255249 -0.663707 0.020165 1 
2019-09-25 17:02:27 0.998524 0.0316297 -0.0439396 0 0.0328166 -0.999099 0.0265584 0 -0.0430608 -0.0279617 -0.998681 0 -0.255481 -0.663648 0.0202046 1 
2019-09-25 17:02:27 0.998601 0.0298961 -0.0433996 0 0.0310801 -0.999146 0.0268676 0 -0.0425601 -0.0281794 -0.998696 0 -0.255461 -0.663648 0.0201926 1 
2019-09-25 17:02:27 0.998622 0.0293632 -0.0432792 0 0.030546 -0.999161 0.0269275 0 -0.042453 -0.0282129 -0.9987 0 -0.255406 -0.663663 0.0201842 1 
2019-09-25 17:02:27 0.998631 0.0291256 -0.0432369 0 0.0303079 -0.999168 0.0269456 0 -0.0424169 -0.0282197 -0.998701 0 -0.255381 -0.663668 0.0201798 1 
2019-09-25 17:02:28 0.998629 0.0291774 -0.043234 0 0.0303587 -0.999167 0.0269218 0 -0.0424133 -0.028198 -0.998702 0 -0.255368 -0.663664 0.0201633 1 
2019-09-25 17:02:28 0.998616 0.0295849 -0.0432667 0 0.0307665 -0.999155 0.0269034 0 -0.0424351 -0.0281978 -0.998701 0 -0.255359 -0.663669 0.0201716 1 
2019-09-25 17:02:28 0.99858 0.030764 -0.0432785 0 0.0319428 -0.99912 0.0268136 0 -0.0424164 -0.0281584 -0.998703 0 -0.255313 -0.663669 0.0201497 1 
2019-09-25 17:02:28 0.998568 0.0311138 -0.0432911 0 0.0322932 -0.999109 0.0268155 0 -0.042419 -0.0281757 -0.998703 0 -0.255312 -0.663676 0.0201545 1 
2019-09-25 17:02:28 0.998567 0.0311442 -0.0432878 0 0.032325 -0.999107 0.0268508 0 -0.0424137 -0.0282122 -0.998702 0 -0.25525 -0.663714 0.020159 1 
2019-09-25 17:02:28 0.998626 0.0292971 -0.0432173 0 0.0304812 -0.999161 0.0269979 0 -0.0423909 -0.0282786 -0.998701 0 -0.255144 -0.66378 0.020172 1 
2019-09-25 17:02:28 0.99886 0.0210466 -0.0426245 0 0.022218 -0.999374 0.0271968 0 -0.0420262 -0.0281133 -0.998721 0 -0.255048 -0.663713 0.0199464 1 
2019-09-25 17:02:28 0.999044 0.0114492 -0.0419707 0 0.0125831 -0.999551 0.0268516 0 -0.0416452 -0.0273545 -0.998758 0 -0.254862 -0.663493 0.0193482 1 
2019-09-25 17:02:28 0.999083 0.0088894 -0.0416417 0 0.00997409 -0.999605 0.025913 0 -0.0413957 -0.0263051 -0.998796 0 -0.254793 -0.663154 0.0185975 1 
2019-09-25 17:02:28 0.99909 0.00884255 -0.0414913 0 0.00988818 -0.999627 0.0250639 0 -0.041255 -0.0254519 -0.998824 0 -0.254858 -0.662843 0.0179973 1 
2019-09-25 17:02:28 0.999085 0.00922877 -0.0415257 0 0.0102663 -0.999629 0.0248416 0 -0.0412818 -0.0252457 -0.998829 0 -0.255034 -0.662716 0.0178591 1 
2019-09-25 17:02:28 0.999062 0.0106327 -0.0417384 0 0.0116793 -0.999612 0.0249126 0 -0.0414581 -0.0253772 -0.998818 0 -0.255199 -0.662729 0.0179641 1 
2019-09-25 17:02:28 0.999055 0.0113042 -0.041744 0 0.0123492 -0.999605 0.0248613 0 -0.0414473 -0.0253538 -0.998819 0 -0.255167 -0.662732 0.0179321 1 
2019-09-25 17:02:28 0.999056 0.0112927 -0.0417292 0 0.0123361 -0.999606 0.0248302 0 -0.0414331 -0.025322 -0.99882 0 -0.255162 -0.662722 0.0179059 1 
2019-09-25 17:02:28 0.999057 0.0111992 -0.0417277 0 0.0122426 -0.999607 0.0248338 0 -0.041434 -0.0253217 -0.99882 0 -0.255171 -0.662719 0.0178939 1 
2019-09-25 17:02:28 0.999073 0.00998341 -0.0416348 0 0.0110174 -0.999625 0.0246803 0 -0.0413736 -0.0251167 -0.998828 0 -0.255144 -0.662664 0.0177212 1 
2019-09-25 17:02:28 0.999078 0.00984118 -0.0415673 0 0.0108532 -0.999639 0.0241911 0 -0.0413151 -0.0246204 -0.998843 0 -0.255202 -0.662455 0.0172035 1 
2019-09-25 17:02:29 0.999085 0.00983781 -0.0413989 0 0.010805 -0.999663 0.0232044 0 -0.0411575 -0.0236309 -0.998873 0 -0.25516 -0.662119 0.0163177 1 
2019-09-25 17:02:29 0.999075 0.00987671 -0.0416304 0 0.0108407 -0.999667 0.0229944 0 -0.0413903 -0.0234249 -0.998868 0 -0.255165 -0.66196 0.0153649 1 
2019-09-25 17:02:29 0.999058 0.00993935 -0.0420032 0 0.0109262 -0.999658 0.0233315 0 -0.0417578 -0.0237689 -0.998845 0 -0.255165 -0.66194 0.0146019 1 
2019-09-25 17:02:29 0.999051 0.00999456 -0.0421578 0 0.0109842 -0.999658 0.0233085 0 -0.0419112 -0.0237499 -0.998839 0 -0.25514 -0.661871 0.0140005 1 
2019-09-25 17:02:29 0.999045 0.00997939 -0.0423 0 0.0109763 -0.999656 0.0234016 0 -0.0420527 -0.0238441 -0.998831 0 -0.255164 -0.661893 0.0135809 1 
2019-09-25 17:02:29 0.999046 0.00991846 -0.0422931 0 0.0109075 -0.999661 0.0232195 0 -0.0420493 -0.0236591 -0.998835 0 -0.255183 -0.661841 0.0131361 1 
2019-09-25 17:02:29 0.999056 0.00969226 -0.0421065 0 0.0106671 -0.999669 0.022989 0 -0.0418706 -0.0234169 -0.998849 0 -0.255168 -0.661805 0.0125126 1 
2019-09-25 17:02:29 0.99908 0.00913744 -0.041678 0 0.0100942 -0.999679 0.0228034 0 -0.041457 -0.0232036 -0.998871 0 -0.255125 -0.661764 0.011674 1 
2019-09-25 17:02:29 0.999105 0.00826446 -0.0412603 0 0.00921959 -0.999683 0.0230123 0 -0.0410578 -0.0233725 -0.998883 0 -0.255126 -0.661735 0.0107251 1 
2019-09-25 17:02:29 0.999129 0.00735559 -0.0408349 0 0.00832349 -0.999678 0.0235832 0 -0.040649 -0.023903 -0.998888 0 -0.255063 -0.661866 0.00966488 1 
2019-09-25 17:02:29 0.999179 0.0061135 -0.0397968 0 0.00706151 -0.999684 0.0237241 0 -0.03964 -0.0239861 -0.998926 0 -0.254878 -0.661934 0.00844595 1 
2019-09-25 17:02:29 0.999195 0.0052796 -0.0395315 0 0.0062266 -0.999686 0.0238708 0 -0.0393938 -0.0240981 -0.998933 0 -0.255054 -0.662101 0.0070742 1 
2019-09-25 17:02:29 0.999196 0.00490082 -0.0395403 0 0.00583815 -0.999694 0.0236251 0 -0.0394132 -0.0238374 -0.998939 0 -0.255238 -0.662255 0.00535171 1 
2019-09-25 17:02:29 0.999192 0.00463032 -0.0396786 0 0.00556141 -0.999701 0.0233874 0 -0.0395592 -0.0235897 -0.998939 0 -0.255419 -0.662297 0.00360578 1 
2019-09-25 17:02:29 0.999197 0.0042748 -0.0395855 0 0.00519177 -0.99971 0.0230904 0 -0.0394761 -0.0232778 -0.998949 0 -0.255395 -0.662152 0.00224033 1 
2019-09-25 17:02:29 0.999218 0.00367859 -0.0391252 0 0.00457495 -0.999719 0.0228448 0 -0.0390309 -0.0230064 -0.998973 0 -0.255247 -0.661908 0.00125499 1 
2019-09-25 17:02:29 0.999215 0.00306384 -0.0392456 0 0.00399032 -0.999705 0.0235505 0 -0.0391626 -0.0236891 -0.998952 0 -0.255277 -0.661849 0.000401161 1 
2019-09-25 17:02:29 0.999217 0.00245895 -0.0392543 0 0.00341763 -0.999687 0.0243737 0 -0.0391828 -0.0244892 -0.998932 0 -0.255202 -0.661821 -0.000528943 1 
2019-09-25 17:02:30 0.999205 0.00181503 -0.0395786 0 0.00282706 -0.99966 0.0255287 0 -0.0395196 -0.0256208 -0.99889 0 -0.25523 -0.661845 -0.00163753 1 
2019-09-25 17:02:30 0.999183 0.000976398 -0.0401697 0 0.00206949 -0.999619 0.0271791 0 -0.0401286 -0.0272405 -0.998823 0 -0.255313 -0.661881 -0.00314937 1 
2019-09-25 17:02:30 0.999165 0.000814193 -0.0406023 0 0.00195373 -0.999595 0.0280338 0 -0.0405639 -0.0280903 -0.998782 0 -0.255219 -0.661939 -0.00496553 1 
2019-09-25 17:02:30 0.999155 0.00126241 -0.0408497 0 0.00240599 -0.999597 0.0279576 0 -0.0407987 -0.0280328 -0.998774 0 -0.255105 -0.662105 -0.00623692 1 
2019-09-25 17:02:30 0.999154 0.00111753 -0.0408829 0 0.00226943 -0.999592 0.0281397 0 -0.0408355 -0.0282092 -0.998768 0 -0.255222 -0.662161 -0.00615489 1 
2019-09-25 17:02:30 0.999158 0.000796833 -0.0407915 0 0.00194403 -0.999594 0.0280913 0 -0.0407533 -0.0281474 -0.998773 0 -0.255376 -0.662074 -0.00617747 1 
2019-09-25 17:02:30 0.999167 0.000527795 -0.0405643 0 0.00166764 -0.999595 0.0280706 0 -0.0405339 -0.0281154 -0.998783 0 -0.255359 -0.66204 -0.00622673 1 
2019-09-25 17:02:30 0.999202 -0.000900486 -0.0396991 0 0.000218531 -0.999593 0.0281738 0 -0.0397091 -0.0281606 -0.998814 0 -0.25532 -0.661969 -0.00629781 1 
2019-09-25 17:02:30 0.999249 -0.0104639 -0.0370428 0 -0.00937572 -0.999513 0.0294298 0 -0.0373334 -0.0290609 -0.99888 0 -0.25531 -0.661912 -0.00637464 1 
2019-09-25 17:02:30 0.9988 -0.0352777 -0.0337008 0 -0.0342599 -0.998943 0.0303156 0 -0.0347354 -0.0291252 -0.998972 0 -0.25541 -0.661595 -0.00651435 1 
2019-09-25 17:02:30 0.997185 -0.0676418 -0.0320485 0 -0.0666441 -0.997278 0.0312403 0 -0.0340751 -0.0290171 -0.998998 0 -0.255594 -0.661427 -0.00651817 1 
2019-09-25 17:02:30 0.994027 -0.104636 -0.0306861 0 -0.103641 -0.994077 0.032396 0 -0.0338948 -0.0290227 -0.999004 0 -0.255548 -0.661426 -0.00653226 1 
2019-09-25 17:02:30 0.988773 -0.146493 -0.0291126 0 -0.145503 -0.988776 0.0336556 0 -0.0337168 -0.0290424 -0.999009 0 -0.255322 -0.6615 -0.00654039 1 
2019-09-25 17:02:30 0.980469 -0.194759 -0.0270306 0 -0.193779 -0.980407 0.0351025 0 -0.0333382 -0.0291795 -0.999018 0 -0.254904 -0.661653 -0.00655484 1 
2019-09-25 17:02:30 0.96948 -0.243844 -0.0251024 0 -0.24287 -0.969364 0.0364555 0 -0.0332234 -0.0292468 -0.99902 0 -0.254388 -0.661855 -0.00655754 1 
2019-09-25 17:02:30 0.956416 -0.291045 -0.0232548 0 -0.290081 -0.956252 0.0376277 0 -0.0331895 -0.0292425 -0.999021 0 -0.254132 -0.661946 -0.00655683 1 
2019-09-25 17:02:30 0.94182 -0.335404 -0.0214713 0 -0.334447 -0.94161 0.0386964 0 -0.0331971 -0.0292646 -0.99902 0 -0.254241 -0.661912 -0.00654757 1 
2019-09-25 17:02:31 0.923377 -0.383378 -0.0194181 0 -0.382434 -0.923117 0.0397434 0 -0.0331625 -0.0292726 -0.999021 0 -0.254511 -0.66181 -0.00653594 1 
2019-09-25 17:02:31 0.900245 -0.435037 -0.0167979 0 -0.434124 -0.899925 0.0406339 0 -0.0327947 -0.0292886 -0.999033 0 -0.254903 -0.661638 -0.00652165 1 
2019-09-25 17:02:31 0.872702 -0.488033 -0.0140146 0 -0.487157 -0.872324 0.0413521 0 -0.032407 -0.0292613 -0.999046 0 -0.254956 -0.661584 -0.00651037 1 
2019-09-25 17:02:31 0.842096 -0.539193 -0.011227 0 -0.538361 -0.841666 0.0417861 0 -0.0319808 -0.0291443 -0.999063 0 -0.254757 -0.661607 -0.00650566 1 
2019-09-25 17:02:31 0.808179 -0.588859 -0.00854414 0 -0.588062 -0.807699 0.0422621 0 -0.0317881 -0.0291314 -0.99907 0 -0.254605 -0.661649 -0.00649512 1 
2019-09-25 17:02:31 0.776486 -0.630087 -0.0063561 0 -0.629319 -0.775969 0.0425448 0 -0.0317397 -0.0290359 -0.999074 0 -0.254807 -0.661551 -0.00647747 1 
2019-09-25 17:02:31 0.74541 -0.666577 -0.0043453 0 -0.665841 -0.744864 0.0426008 0 -0.031634 -0.0288624 -0.999083 0 -0.255162 -0.661381 -0.00645584 1 
2019-09-25 17:02:31 0.7168 -0.69726 -0.00266028 0 -0.696548 -0.716231 0.0426139 0 -0.031619 -0.0286932 -0.999088 0 -0.255866 -0.661075 -0.00645937 1 
2019-09-25 17:02:31 0.686806 -0.726827 -0.00051012 0 -0.726161 -0.686206 0.0423459 0 -0.0311288 -0.0287136 -0.999103 0 -0.256578 -0.66077 -0.0064439 1 
2019-09-25 17:02:31 0.661213 -0.750184 0.00134994 0 -0.749557 -0.660584 0.0421198 0 -0.0307065 -0.0288626 -0.999112 0 -0.25703 -0.660586 -0.00644325 1 
2019-09-25 17:02:31 0.634072 -0.773254 0.00349137 0 -0.772676 -0.633409 0.0417697 0 -0.0300877 -0.0291832 -0.999121 0 -0.257689 -0.660324 -0.00643996 1 
2019-09-25 17:02:31 0.598847 -0.800815 0.00760707 0 -0.800364 -0.598125 0.0405638 0 -0.0279346 -0.0303805 -0.999148 0 -0.257956 -0.660266 -0.00642437 1 
2019-09-25 17:02:31 0.555197 -0.831619 0.012146 0 -0.831314 -0.554426 0.0388476 0 -0.0255729 -0.0316658 -0.999171 0 -0.258023 -0.660264 -0.00642598 1 
2019-09-25 17:02:31 0.511619 -0.859078 0.014524 0 -0.858833 -0.510832 0.0379182 0 -0.0251559 -0.031874 -0.999175 0 -0.257822 -0.660325 -0.00643538 1 
2019-09-25 17:02:31 0.465702 -0.884776 0.0165456 0 -0.884574 -0.464903 0.0370662 0 -0.0251036 -0.0318982 -0.999176 0 -0.257394 -0.660488 -0.00643728 1 
2019-09-25 17:02:31 0.419833 -0.907404 0.0184245 0 -0.907243 -0.419024 0.0361738 0 -0.0251044 -0.0319031 -0.999176 0 -0.257038 -0.660621 -0.00643325 1 
2019-09-25 17:02:31 0.381248 -0.924247 0.0199471 0 -0.924122 -0.380433 0.0353606 0 -0.0250939 -0.0319153 -0.999176 0 -0.256736 -0.660736 -0.00643783 1 
2019-09-25 17:02:31 0.352507 -0.935562 0.021053 0 -0.935461 -0.351687 0.0347705 0 -0.0251264 -0.0319517 -0.999174 0 -0.256662 -0.660776 -0.0064294 1 
2019-09-25 17:02:32 0.328138 -0.944364 0.0219745 0 -0.944285 -0.327315 0.0342155 0 -0.0251197 -0.0319783 -0.999173 0 -0.256625 -0.660795 -0.00643052 1 
2019-09-25 17:02:32 0.303664 -0.952495 0.0228509 0 -0.952436 -0.302836 0.0337257 0 -0.025204 -0.0320059 -0.99917 0 -0.256703 -0.660777 -0.00642008 1 
2019-09-25 17:02:32 0.279757 -0.959765 0.0238487 0 -0.959727 -0.278918 0.0333049 0 -0.0253135 -0.0322061 -0.999161 0 -0.256672 -0.66083 -0.00642358 1 
2019-09-25 17:02:32 0.256055 -0.966335 0.0247426 0 -0.966319 -0.255211 0.0327921 0 -0.025374 -0.0323064 -0.999156 0 -0.25668 -0.66085 -0.00641946 1 
2019-09-25 17:02:32 0.232296 -0.972299 0.0255709 0 -0.972304 -0.231451 0.032196 0 -0.0253862 -0.0323423 -0.999154 0 -0.256658 -0.660865 -0.00641946 1 
2019-09-25 17:02:32 0.211466 -0.977019 0.0263895 0 -0.977044 -0.210614 0.031745 0 -0.025458 -0.0324973 -0.999148 0 -0.256634 -0.660907 -0.00641929 1 
2019-09-25 17:02:32 0.190589 -0.981287 0.0270824 0 -0.981329 -0.189736 0.0312132 0 -0.0254911 -0.0325262 -0.999146 0 -0.256615 -0.660913 -0.00642397 1 
2019-09-25 17:02:32 0.173368 -0.984459 0.027643 0 -0.984517 -0.172515 0.0307481 0 -0.0255019 -0.0325464 -0.999145 0 -0.256535 -0.660938 -0.00643558 1 
2019-09-25 17:02:32 0.161181 -0.986513 0.0281836 0 -0.986582 -0.16032 0.0305522 0 -0.0256223 -0.0327305 -0.999136 0 -0.256586 -0.660961 -0.00641743 1 
2019-09-25 17:02:32 0.147701 -0.988608 0.0286107 0 -0.988691 -0.14684 0.0301636 0 -0.0256193 -0.032743 -0.999135 0 -0.256558 -0.660968 -0.0064273 1 
2019-09-25 17:02:32 0.130117 -0.991058 0.0292309 0 -0.991156 -0.129253 0.0297231 0 -0.0256796 -0.0328405 -0.999131 0 -0.256573 -0.66099 -0.00641025 1 
2019-09-25 17:02:32 0.110717 -0.993369 0.0306622 0 -0.993502 -0.109819 0.0295743 0 -0.0260114 -0.0337379 -0.999092 0 -0.256587 -0.661202 -0.00631431 1 
2019-09-25 17:02:32 0.0882121 -0.995573 0.0321533 0 -0.995749 -0.087289 0.029068 0 -0.0261332 -0.0345814 -0.99906 0 -0.256181 -0.661537 -0.00626512 1 
2019-09-25 17:02:32 0.06557 -0.997285 0.0332308 0 -0.997499 -0.0646425 0.0282569 0 -0.0260325 -0.0350012 -0.999048 0 -0.255533 -0.661861 -0.00625027 1 
2019-09-25 17:02:32 0.0407365 -0.998576 0.0341738 0 -0.998819 -0.0398054 0.0274971 0 -0.0260981 -0.0352543 -0.999038 0 -0.254898 -0.662171 -0.00621644 1 
2019-09-25 17:02:32 0.0195093 -0.99916 0.0357777 0 -0.999451 -0.0185445 0.0271025 0 -0.0264168 -0.0362875 -0.998992 0 -0.254052 -0.662846 -0.00623587 1 
2019-09-25 17:02:32 0.00469607 -0.999305 0.0367137 0 -0.999621 -0.00370905 0.0269059 0 -0.0267516 -0.0368268 -0.998964 0 -0.253787 -0.663217 -0.00619843 1 
2019-09-25 17:02:33 0.000675836 -0.999296 0.0372647 0 -0.999624 0.00033304 0.0270601 0 -0.027054 -0.0372697 -0.998939 0 -0.253981 -0.663416 -0.00618397 1 
2019-09-25 17:02:33 0.00058421 -0.999295 0.0372733 0 -0.999624 0.000424663 0.027053 0 -0.0270503 -0.0372758 -0.998939 0 -0.253986 -0.663417 -0.0061837 1 
2019-09-25 17:02:33 0.000558543 -0.999296 0.0372675 0 -0.999624 0.000450276 0.0270555 0 -0.0270538 -0.0372693 -0.998939 0 -0.253992 -0.663413 -0.00618552 1 
2019-09-25 17:02:33 0.000449268 -0.999295 0.0372856 0 -0.999623 0.000561903 0.0271045 0 -0.0271068 -0.0372844 -0.998937 0 -0.254084 -0.663395 -0.00617452 1 
2019-09-25 17:02:33 0.000402012 -0.999294 0.0373079 0 -0.999622 0.000610834 0.0271327 0 -0.0271368 -0.0373054 -0.998935 0 -0.25414 -0.663389 -0.00616176 1 
2019-09-25 17:02:33 0.000304395 -0.999293 0.0373342 0 -0.999621 0.000710476 0.0271669 0 -0.0271747 -0.037329 -0.998933 0 -0.254225 -0.663375 -0.00614982 1 
2019-09-25 17:02:33 0.00029327 -0.999293 0.0373492 0 -0.99962 0.000722843 0.0271891 0 -0.0271974 -0.0373437 -0.998932 0 -0.254244 -0.663383 -0.00615186 1 
2019-09-25 17:02:33 0.0001771 -0.999291 0.0373806 0 -0.999619 0.000842204 0.0272505 0 -0.0272632 -0.0373718 -0.998929 0 -0.254352 -0.663376 -0.00616482 1 
2019-09-25 17:02:33 -0.000206557 -0.999286 0.0375238 0 -0.999604 0.00124957 0.0277746 0 -0.0278022 -0.0375039 -0.99891 0 -0.254874 -0.663382 -0.00615641 1 
2019-09-25 17:02:33 -0.000821681 -0.99927 0.0379371 0 -0.999583 0.00190271 0.0284676 0 -0.0285196 -0.0378986 -0.998875 0 -0.255801 -0.663452 -0.00617185 1 
2019-09-25 17:02:33 -0.000889497 -0.999261 0.0381699 0 -0.999578 0.00198354 0.0286339 0 -0.028689 -0.038129 -0.998861 0 -0.25624 -0.663465 -0.00615353 1 
2019-09-25 17:02:33 -0.000405679 -0.999264 0.0380928 0 -0.999579 0.00149814 0.0286546 0 -0.0286911 -0.0380659 -0.998863 0 -0.256089 -0.663503 -0.00618295 1 
2019-09-25 17:02:33 -0.000364437 -0.999265 0.0380793 0 -0.999579 0.0014559 0.0286388 0 -0.0286737 -0.0380536 -0.998864 0 -0.256059 -0.663508 -0.00618896 1 
2019-09-25 17:02:33 -0.000317704 -0.999266 0.0380526 0 -0.99958 0.00140798 0.0286281 0 -0.0286612 -0.0380282 -0.998866 0 -0.256022 -0.663513 -0.00620537 1 
2019-09-25 17:02:33 -0.000270068 -0.999268 0.0379951 0 -0.999581 0.00135733 0.0285928 0 -0.028624 -0.0379721 -0.998869 0 -0.255973 -0.663511 -0.00623093 1 
2019-09-25 17:02:33 -0.000224948 -0.99927 0.0379419 0 -0.99958 0.00131112 0.0286044 0 -0.0286338 -0.0379203 -0.99887 0 -0.255952 -0.663503 -0.00624594 1 
2019-09-25 17:02:33 -0.000142451 -0.999275 0.0378236 0 -0.999581 0.00122417 0.0285773 0 -0.0286034 -0.0378044 -0.998876 0 -0.255904 -0.663488 -0.00627458 1 
2019-09-25 17:02:33 -7.08466e-05 -0.999278 0.0377509 0 -0.999581 0.00115044 0.0285767 0 -0.0286 -0.0377338 -0.998878 0 -0.255893 -0.663475 -0.00629193 1 
2019-09-25 17:02:34 -7.7417e-05 -0.999278 0.0377297 0 -0.999581 0.00115659 0.0285815 0 -0.0286051 -0.0377124 -0.998879 0 -0.255913 -0.663462 -0.00630086 1 
2019-09-25 17:02:34 6.83529e-06 -0.99928 0.0376928 0 -0.999581 0.0010712 0.0285801 0 -0.0286005 -0.0376779 -0.998881 0 -0.255893 -0.663459 -0.00631696 1 
2019-09-25 17:02:34 3.61687e-05 -0.999281 0.0376725 0 -0.999581 0.00104228 0.0286067 0 -0.0286259 -0.0376584 -0.998881 0 -0.255921 -0.663446 -0.00632461 1 
2019-09-25 17:02:34 6.67715e-05 -0.99928 0.0376782 0 -0.999579 0.00101361 0.0286539 0 -0.028672 -0.037665 -0.998879 0 -0.255959 -0.66344 -0.00631581 1 
2019-09-25 17:02:34 0.000627992 -0.99928 0.0376758 0 -0.999576 0.000457298 0.0287902 0 -0.0287872 -0.0376787 -0.998875 0 -0.255984 -0.663453 -0.0062854 1 
2019-09-25 17:02:34 0.000665795 -0.999277 0.0377648 0 -0.999574 0.000424281 0.0288493 0 -0.028845 -0.0377686 -0.99887 0 -0.256013 -0.663483 -0.00622552 1 
2019-09-25 17:02:34 0.000777702 -0.999275 0.0378041 0 -0.999574 0.000313299 0.0288446 0 -0.0288361 -0.0378112 -0.998869 0 -0.255946 -0.663522 -0.00619735 1 
2019-09-25 17:02:34 0.000788463 -0.999274 0.0378409 0 -0.999574 0.000303751 0.0288486 0 -0.0288397 -0.0378483 -0.998867 0 -0.25594 -0.663538 -0.00617326 1 
2019-09-25 17:02:34 0.000828481 -0.999274 0.0378405 0 -0.999574 0.000264206 0.0288617 0 -0.0288513 -0.037849 -0.998867 0 -0.255926 -0.663546 -0.00616565 1 
2019-09-25 17:02:34 0.00084203 -0.999274 0.0378441 0 -0.999574 0.000250878 0.0288649 0 -0.028854 -0.037853 -0.998867 0 -0.25592 -0.66355 -0.00616286 1 
2019-09-25 17:02:34 0.000848249 -0.999274 0.0378478 0 -0.999574 0.000244893 0.0288683 0 -0.0288572 -0.0378569 -0.998866 0 -0.255919 -0.663553 -0.00616009 1 
2019-09-25 17:02:34 0.000849018 -0.999274 0.037846 0 -0.999574 0.000243879 0.0288632 0 -0.0288521 -0.0378551 -0.998867 0 -0.255916 -0.663553 -0.00616371 1 
2019-09-25 17:02:34 0.000850017 -0.999273 0.0378517 0 -0.999574 0.000243198 0.0288673 0 -0.0288561 -0.0378608 -0.998866 0 -0.255919 -0.663554 -0.0061587 1 
2019-09-25 17:02:34 0.000846142 -0.999274 0.0378474 0 -0.999574 0.00024695 0.0288673 0 -0.0288562 -0.0378564 -0.998866 0 -0.25592 -0.663552 -0.00616156 1 
2019-09-25 17:02:34 0.000842313 -0.999274 0.0378463 0 -0.999574 0.000250827 0.0288694 0 -0.0288585 -0.0378552 -0.998866 0 -0.255923 -0.663552 -0.00616026 1 
