2019-09-25 17:01:01 0.998905 -0.0309214 -0.0348468 0 -0.0294555 -0.998681 0.0418222 0 -0.0360948 -0.0407508 -0.998517 0 -0.267761 -0.45117 0.494395 1 
2019-09-25 17:01:01 0.998905 -0.0309107 -0.0348485 0 -0.0294446 -0.998681 0.0418261 0 -0.0360961 -0.040755 -0.998517 0 -0.267758 -0.451174 0.494397 1 
2019-09-25 17:01:01 0.998904 -0.0309276 -0.0348487 0 -0.0294616 -0.998681 0.0418246 0 -0.0360969 -0.0407528 -0.998517 0 -0.267764 -0.451169 0.494396 1 
2019-09-25 17:01:01 0.998904 -0.0309236 -0.0348479 0 -0.0294577 -0.998681 0.0418214 0 -0.0360959 -0.0407498 -0.998517 0 -0.267761 -0.451172 0.494394 1 
2019-09-25 17:01:01 0.998905 -0.0309102 -0.034853 0 -0.0294438 -0.998681 0.0418287 0 -0.0361007 -0.0407574 -0.998517 0 -0.267759 -0.451174 0.494397 1 
2019-09-25 17:01:01 0.998905 -0.0309225 -0.0348471 0 -0.0294567 -0.998681 0.0418216 0 -0.0360951 -0.0407501 -0.998517 0 -0.267762 -0.451172 0.494394 1 
2019-09-25 17:01:01 0.998905 -0.0309118 -0.0348501 0 -0.0294457 -0.998681 0.0418248 0 -0.0360977 -0.0407536 -0.998517 0 -0.267757 -0.451174 0.494396 1 
2019-09-25 17:01:01 0.998905 -0.030917 -0.0348489 0 -0.0294509 -0.998681 0.0418255 0 -0.0360967 -0.0407541 -0.998517 0 -0.267761 -0.451173 0.494396 1 
2019-09-25 17:01:01 0.998905 -0.0309168 -0.0348509 0 -0.0294505 -0.998681 0.0418282 0 -0.0360988 -0.0407568 -0.998517 0 -0.267762 -0.451171 0.494398 1 
2019-09-25 17:01:01 0.998904 -0.030922 -0.034851 0 -0.0294556 -0.998681 0.0418315 0 -0.0360992 -0.0407599 -0.998517 0 -0.267761 -0.451171 0.4944 1 
2019-09-25 17:01:01 0.998905 -0.0309142 -0.0348476 0 -0.0294482 -0.998681 0.0418232 0 -0.0360953 -0.040752 -0.998517 0 -0.267759 -0.451172 0.494395 1 
2019-09-25 17:01:01 0.998905 -0.0309136 -0.0348502 0 -0.0294473 -0.998681 0.0418277 0 -0.0360979 -0.0407564 -0.998517 0 -0.267757 -0.451174 0.494397 1 
2019-09-25 17:01:01 0.998905 -0.0309202 -0.0348493 0 -0.029454 -0.998681 0.041829 0 -0.0360974 -0.0407575 -0.998517 0 -0.26776 -0.451171 0.494398 1 
2019-09-25 17:01:01 0.998905 -0.0309126 -0.0348516 0 -0.0294461 -0.998681 0.0418316 0 -0.0360994 -0.0407603 -0.998517 0 -0.26776 -0.451172 0.4944 1 
2019-09-25 17:01:01 0.998905 -0.0309151 -0.0348485 0 -0.0294491 -0.998681 0.0418222 0 -0.0360962 -0.0407509 -0.998517 0 -0.267758 -0.451173 0.494395 1 
2019-09-25 17:01:02 0.998905 -0.0309192 -0.0348439 0 -0.0294536 -0.998681 0.0418167 0 -0.0360916 -0.0407454 -0.998518 0 -0.267762 -0.45117 0.494392 1 
2019-09-25 17:01:02 0.998905 -0.0309138 -0.0348469 0 -0.0294479 -0.998681 0.0418235 0 -0.0360946 -0.0407523 -0.998517 0 -0.267759 -0.451172 0.494396 1 
2019-09-25 17:01:02 0.998905 -0.0309194 -0.0348485 0 -0.0294534 -0.998681 0.0418237 0 -0.0360964 -0.0407523 -0.998517 0 -0.267759 -0.451172 0.494396 1 
2019-09-25 17:01:02 0.998905 -0.0309219 -0.0348475 0 -0.0294559 -0.998681 0.041825 0 -0.0360956 -0.0407535 -0.998517 0 -0.267762 -0.451171 0.494396 1 
2019-09-25 17:01:02 0.998904 -0.0309311 -0.0348479 0 -0.0294649 -0.998681 0.0418277 0 -0.0360964 -0.0407558 -0.998517 0 -0.267769 -0.451167 0.494397 1 
2019-09-25 17:01:02 0.998904 -0.0309197 -0.0348543 0 -0.029453 -0.998681 0.0418382 0 -0.0361027 -0.0407666 -0.998516 0 -0.267763 -0.451172 0.494402 1 
2019-09-25 17:01:02 0.998904 -0.0309429 -0.0348456 0 -0.029477 -0.99868 0.0418227 0 -0.0360945 -0.0407505 -0.998517 0 -0.267773 -0.451165 0.494394 1 
2019-09-25 17:01:02 0.998904 -0.030924 -0.0348514 0 -0.0294577 -0.998681 0.0418308 0 -0.0360997 -0.0407591 -0.998517 0 -0.267764 -0.451171 0.494399 1 
2019-09-25 17:01:02 0.998904 -0.0309442 -0.0348461 0 -0.0294783 -0.99868 0.0418238 0 -0.036095 -0.0407515 -0.998517 0 -0.267771 -0.451165 0.494395 1 
2019-09-25 17:01:02 0.998904 -0.0309543 -0.0348423 0 -0.0294888 -0.99868 0.0418165 0 -0.0360914 -0.040744 -0.998518 0 -0.267777 -0.451161 0.494392 1 
2019-09-25 17:01:02 0.998903 -0.0309886 -0.0348405 0 -0.0295234 -0.99868 0.0418092 0 -0.0360908 -0.0407355 -0.998518 0 -0.267795 -0.451156 0.494384 1 
2019-09-25 17:01:02 0.998902 -0.0310335 -0.034834 0 -0.0295693 -0.998679 0.04179 0 -0.0360856 -0.0407148 -0.998519 0 -0.267818 -0.451145 0.494374 1 
2019-09-25 17:01:02 0.998901 -0.031081 -0.0348108 0 -0.02962 -0.99868 0.0417255 0 -0.0360625 -0.0406493 -0.998522 0 -0.267841 -0.451135 0.494338 1 
2019-09-25 17:01:02 0.998899 -0.0308517 -0.0350629 0 -0.0293682 -0.998674 0.0420633 0 -0.0363148 -0.0409881 -0.998499 0 -0.267797 -0.451321 0.494544 1 
2019-09-25 17:01:02 0.998863 -0.0308621 -0.0360739 0 -0.0292749 -0.998605 0.0437282 0 -0.0373738 -0.0426232 -0.998392 0 -0.267996 -0.451762 0.495483 1 
2019-09-25 17:01:02 0.998867 -0.0296253 -0.036988 0 -0.0279552 -0.998592 0.0448791 0 -0.0382662 -0.0437951 -0.998307 0 -0.267868 -0.452453 0.496176 1 
2019-09-25 17:01:02 0.998947 -0.0266067 -0.0371104 0 -0.0249723 -0.998717 0.0438313 0 -0.0382297 -0.0428592 -0.998349 0 -0.266901 -0.45354 0.495693 1 
2019-09-25 17:01:03 0.999089 -0.0215815 -0.0365589 0 -0.0201088 -0.99898 0.0401824 0 -0.0373895 -0.0394113 -0.998523 0 -0.264862 -0.455624 0.49361 1 
2019-09-25 17:01:03 0.999177 -0.0137104 -0.0379108 0 -0.0122472 -0.999171 0.0385625 0 -0.0384088 -0.0380672 -0.998537 0 -0.26218 -0.459909 0.490558 1 
2019-09-25 17:01:03 0.999153 -0.00478655 -0.0406452 0 -0.00319185 -0.999216 0.0392089 0 -0.0408018 -0.0390467 -0.998404 0 -0.259371 -0.465888 0.486629 1 
2019-09-25 17:01:03 0.999091 0.0061072 -0.0419693 0 0.00769122 -0.99925 0.0376847 0 -0.0417085 -0.037974 -0.998408 0 -0.255472 -0.473064 0.48096 1 
2019-09-25 17:01:03 0.998913 0.0172565 -0.0430897 0 0.0188991 -0.999089 0.0380079 0 -0.0423954 -0.0387817 -0.998348 0 -0.250473 -0.482104 0.474145 1 
2019-09-25 17:01:03 0.998669 0.0266472 -0.043944 0 0.0282972 -0.998891 0.0373634 0 -0.0429004 -0.0385579 -0.998335 0 -0.245618 -0.491812 0.465618 1 
2019-09-25 17:01:03 0.998498 0.0317239 -0.0444424 0 0.0333386 -0.998783 0.0360747 0 -0.0432447 -0.0375029 -0.99836 0 -0.239999 -0.502388 0.455602 1 
2019-09-25 17:01:03 0.998395 0.0338227 -0.0452061 0 0.0354523 -0.998722 0.0357448 0 -0.0439401 -0.0372909 -0.998338 0 -0.234503 -0.513399 0.444566 1 
2019-09-25 17:01:03 0.998438 0.0323166 -0.0453709 0 0.0339717 -0.998758 0.0361945 0 -0.0441457 -0.03768 -0.998314 0 -0.227955 -0.525376 0.43215 1 
2019-09-25 17:01:03 0.998571 0.0274741 -0.0456189 0 0.0291356 -0.998911 0.0361626 0 -0.0445766 -0.0374408 -0.998304 0 -0.221395 -0.537304 0.418523 1 
2019-09-25 17:01:03 0.998823 0.0175799 -0.045001 0 0.0192741 -0.999101 0.0374935 0 -0.0443022 -0.0383175 -0.998283 0 -0.214317 -0.549438 0.403956 1 
2019-09-25 17:01:03 0.999016 0.000742583 -0.0441178 0 0.002446 -0.999243 0.0385689 0 -0.0440566 -0.0386396 -0.998282 0 -0.20753 -0.56105 0.388665 1 
2019-09-25 17:01:03 0.998831 -0.0208178 -0.0434094 0 -0.0191023 -0.999025 0.0395651 0 -0.0441916 -0.0386904 -0.998274 0 -0.200529 -0.572402 0.372579 1 
2019-09-25 17:01:03 0.997897 -0.0487713 -0.042465 0 -0.0470144 -0.998025 0.0414328 0 -0.0444027 -0.03935 -0.998238 0 -0.194072 -0.583159 0.356468 1 
2019-09-25 17:01:03 0.995897 -0.0802563 -0.0415739 0 -0.0784471 -0.995961 0.0434612 0 -0.0448949 -0.0400223 -0.99819 0 -0.187742 -0.59359 0.340155 1 
2019-09-25 17:01:03 0.992909 -0.111764 -0.0402672 0 -0.10998 -0.992946 0.0440803 0 -0.0449106 -0.0393399 -0.998216 0 -0.182679 -0.603145 0.323689 1 
2019-09-25 17:01:03 0.989037 -0.142226 -0.0394801 0 -0.140379 -0.989011 0.0461628 0 -0.0456127 -0.0401153 -0.998153 0 -0.179129 -0.61259 0.307748 1 
2019-09-25 17:01:04 0.985405 -0.165698 -0.0387514 0 -0.163936 -0.985437 0.0449368 0 -0.0456339 -0.037929 -0.998238 0 -0.176701 -0.620976 0.291124 1 
2019-09-25 17:01:04 0.982228 -0.183494 -0.0392339 0 -0.181712 -0.982311 0.0450181 0 -0.0468013 -0.0370894 -0.998215 0 -0.176573 -0.630002 0.272103 1 
2019-09-25 17:01:04 0.98073 -0.191262 -0.0396132 0 -0.189511 -0.980879 0.0440685 0 -0.0472854 -0.0357129 -0.998243 0 -0.178266 -0.636561 0.255028 1 
2019-09-25 17:01:04 0.979167 -0.198907 -0.0406126 0 -0.197174 -0.979415 0.0430069 0 -0.0483319 -0.0341039 -0.998249 0 -0.181544 -0.64203 0.238331 1 
2019-09-25 17:01:04 0.977229 -0.208079 -0.0413203 0 -0.20639 -0.977573 0.0416625 0 -0.0490636 -0.0321864 -0.998277 0 -0.185736 -0.64642 0.221085 1 
2019-09-25 17:01:04 0.975394 -0.21621 -0.0428969 0 -0.214539 -0.97587 0.0403933 0 -0.0505962 -0.0301969 -0.998263 0 -0.190981 -0.649664 0.204318 1 
2019-09-25 17:01:04 0.974555 -0.219548 -0.0449763 0 -0.217915 -0.975198 0.038515 0 -0.0523177 -0.0277345 -0.998245 0 -0.197004 -0.651454 0.187456 1 
2019-09-25 17:01:04 0.976113 -0.211778 -0.0483205 0 -0.210131 -0.976963 0.0370076 0 -0.0550458 -0.0259705 -0.998146 0 -0.203586 -0.652306 0.171402 1 
2019-09-25 17:01:04 0.980796 -0.188175 -0.0510858 0 -0.186586 -0.98183 0.0343068 0 -0.0566143 -0.0241165 -0.998105 0 -0.209519 -0.65227 0.156677 1 
2019-09-25 17:01:04 0.986082 -0.157654 -0.052614 0 -0.156114 -0.987204 0.0322202 0 -0.0570214 -0.0235584 -0.998095 0 -0.215243 -0.651693 0.142683 1 
2019-09-25 17:01:04 0.989979 -0.131114 -0.0522676 0 -0.129675 -0.991092 0.0300438 0 -0.0557422 -0.0229654 -0.998181 0 -0.220469 -0.650565 0.12962 1 
2019-09-25 17:01:04 0.992452 -0.110894 -0.0521712 0 -0.109479 -0.993549 0.0292429 0 -0.0550786 -0.023311 -0.99821 0 -0.225602 -0.649437 0.117254 1 
2019-09-25 17:01:04 0.993854 -0.0971937 -0.0528009 0 -0.0957726 -0.994976 0.028815 0 -0.0553373 -0.0235815 -0.998189 0 -0.230484 -0.648112 0.105884 1 
2019-09-25 17:01:04 0.99479 -0.0865165 -0.0537368 0 -0.0850208 -0.995932 0.0295265 0 -0.0560738 -0.0248044 -0.998118 0 -0.234553 -0.647313 0.0953435 1 
2019-09-25 17:01:04 0.99585 -0.0727288 -0.0545429 0 -0.0712623 -0.997044 0.0283685 0 -0.056446 -0.0243643 -0.998108 0 -0.237188 -0.646832 0.0857659 1 
2019-09-25 17:01:04 0.997098 -0.0517386 -0.0556698 0 -0.0503778 -0.998393 0.0255765 0 -0.0569047 -0.0226982 -0.998122 0 -0.239041 -0.646887 0.0770059 1 
2019-09-25 17:01:04 0.998096 -0.0218407 -0.0575116 0 -0.0204983 -0.999496 0.0238294 0 -0.0580042 -0.0226056 -0.99806 0 -0.24089 -0.647843 0.0702556 1 
2019-09-25 17:01:04 0.998173 0.0095743 -0.0594967 0 0.0110184 -0.999642 0.0239918 0 -0.0592468 -0.024604 -0.99794 0 -0.24311 -0.649512 0.0645329 1 
2019-09-25 17:01:05 0.997781 0.0299653 -0.0592944 0 0.0314064 -0.99922 0.023522 0 -0.0585445 -0.0253325 -0.997963 0 -0.245479 -0.651345 0.0601201 1 
2019-09-25 17:01:05 0.99789 0.0304184 -0.0571916 0 0.0319882 -0.999121 0.0267363 0 -0.0563292 -0.0285099 -0.998005 0 -0.247581 -0.654015 0.0568952 1 
2019-09-25 17:01:05 0.998257 0.0245091 -0.0535089 0 0.0261117 -0.999215 0.0294577 0 -0.0527459 -0.0308042 -0.998133 0 -0.248959 -0.656186 0.0531069 1 
2019-09-25 17:01:05 0.998673 0.0113349 -0.0500491 0 0.0129695 -0.999379 0.0324574 0 -0.0496511 -0.0330641 -0.998219 0 -0.250089 -0.658152 0.0497129 1 
2019-09-25 17:01:05 0.998901 -0.0057959 -0.0462923 0 -0.00424566 -0.99942 0.0335162 0 -0.0464606 -0.0332835 -0.998365 0 -0.250821 -0.659219 0.0456326 1 
2019-09-25 17:01:05 0.99883 -0.0177798 -0.0447687 0 -0.016322 -0.999322 0.0327215 0 -0.045321 -0.0319531 -0.998461 0 -0.251395 -0.659784 0.0418362 1 
2019-09-25 17:01:05 0.998768 -0.0201767 -0.0451334 0 -0.0188027 -0.999343 0.0306615 0 -0.0457233 -0.0297756 -0.99851 0 -0.251888 -0.660029 0.0385718 1 
2019-09-25 17:01:05 0.998821 -0.0161968 -0.0455425 0 -0.0149576 -0.999502 0.0274192 0 -0.0459648 -0.0267062 -0.998586 0 -0.251844 -0.659611 0.0350338 1 
2019-09-25 17:01:05 0.998914 0.00419864 -0.0461892 0 0.00531857 -0.999685 0.0241502 0 -0.0460741 -0.0243701 -0.998641 0 -0.251707 -0.658861 0.0325229 1 
2019-09-25 17:01:05 0.998375 0.0313452 -0.0473786 0 0.0324331 -0.999214 0.0223714 0 -0.0466411 -0.0238722 -0.998626 0 -0.251939 -0.658486 0.0310962 1 
2019-09-25 17:01:05 0.997849 0.0443315 -0.0480937 0 0.0454451 -0.998708 0.0223145 0 -0.0470432 -0.0244526 -0.998594 0 -0.252229 -0.65849 0.030894 1 
2019-09-25 17:01:05 0.997831 0.0444906 -0.0483246 0 0.0456477 -0.998681 0.0231092 0 -0.0472337 -0.0252655 -0.998564 0 -0.252266 -0.658854 0.0312213 1 
2019-09-25 17:01:05 0.997935 0.0422915 -0.0481437 0 0.0435123 -0.99874 0.0245968 0 -0.0470437 -0.0266414 -0.998537 0 -0.25214 -0.659468 0.0316781 1 
2019-09-25 17:01:05 0.998501 0.0291947 -0.0460912 0 0.0304857 -0.999146 0.0275594 0 -0.0452481 -0.0289237 -0.998557 0 -0.251791 -0.660227 0.0321651 1 
2019-09-25 17:01:05 0.999006 0.007764 -0.0436745 0 0.00908978 -0.999492 0.0302393 0 -0.0434184 -0.0306068 -0.998588 0 -0.25153 -0.660672 0.0324254 1 
2019-09-25 17:01:05 0.999024 -0.00962527 -0.0428761 0 -0.00829814 -0.999475 0.0310237 0 -0.043153 -0.0306382 -0.998599 0 -0.251491 -0.660663 0.0323549 1 
2019-09-25 17:01:05 0.998989 -0.0135859 -0.0426352 0 -0.0122936 -0.999452 0.0304296 0 -0.0430261 -0.0298752 -0.998627 0 -0.251443 -0.660432 0.0318272 1 
2019-09-25 17:01:06 0.999015 -0.0122032 -0.0424368 0 -0.0109849 -0.999515 0.0288231 0 -0.0427688 -0.0283291 -0.998683 0 -0.251183 -0.660035 0.0307337 1 
2019-09-25 17:01:06 0.999073 -0.00256047 -0.0427561 0 -0.00140403 -0.999623 0.0270553 0 -0.0428101 -0.0269706 -0.998719 0 -0.250834 -0.659675 0.0293365 1 
2019-09-25 17:01:06 0.998964 0.0123176 -0.0435997 0 0.0134507 -0.999567 0.0257931 0 -0.043264 -0.0263534 -0.998716 0 -0.250621 -0.659481 0.027894 1 
2019-09-25 17:01:06 0.998711 0.0242161 -0.0443841 0 0.0253468 -0.999354 0.0250915 0 -0.0437487 -0.0261846 -0.998699 0 -0.250674 -0.659446 0.0268444 1 
2019-09-25 17:01:06 0.998598 0.0277927 -0.0448302 0 0.028942 -0.999254 0.0251952 0 -0.0440973 -0.0264579 -0.998677 0 -0.250805 -0.65959 0.0265117 1 
2019-09-25 17:01:06 0.998345 0.035333 -0.0451633 0 0.0364877 -0.999012 0.025003 0 -0.0442361 -0.02661 -0.998667 0 -0.251065 -0.65965 0.0264644 1 
2019-09-25 17:01:06 0.998087 0.0414896 -0.0456197 0 0.0426724 -0.99876 0.0252655 0 -0.0445158 -0.0271644 -0.998639 0 -0.251604 -0.659818 0.0265832 1 
2019-09-25 17:01:06 0.998037 0.0421913 -0.0460791 0 0.0434268 -0.998705 0.0261487 0 -0.044917 -0.0280989 -0.998595 0 -0.252336 -0.660136 0.0267946 1 
2019-09-25 17:01:06 0.998236 0.037093 -0.0461561 0 0.0384257 -0.99885 0.028329 0 -0.0450531 -0.0300532 -0.998532 0 -0.253179 -0.660836 0.0272789 1 
2019-09-25 17:01:06 0.998797 0.0204171 -0.044372 0 0.0218378 -0.999247 0.0317733 0 -0.0436907 -0.0327047 -0.99851 0 -0.253378 -0.66173 0.0277668 1 
2019-09-25 17:01:06 0.999066 0.00335737 -0.0428523 0 0.00480777 -0.999408 0.033788 0 -0.0427143 -0.0339631 -0.99851 0 -0.253259 -0.662158 0.027949 1 
2019-09-25 17:01:06 0.999084 -0.000867637 -0.042559 0 0.000551782 -0.999435 0.0333284 0 -0.0425646 -0.033322 -0.998538 0 -0.253152 -0.661983 0.0275025 1 
2019-09-25 17:01:06 0.999093 -0.00106592 -0.0423374 0 0.000281029 -0.999485 0.0317956 0 -0.0423503 -0.0317793 -0.998597 0 -0.253246 -0.661454 0.0264248 1 
2019-09-25 17:01:06 0.999111 -0.00374156 -0.0417617 0 -0.00247504 -0.999527 0.0303376 0 -0.0418563 -0.0302079 -0.998667 0 -0.253519 -0.660822 0.0251829 1 
2019-09-25 17:01:06 0.999041 -0.0158103 -0.040602 0 -0.0145977 -0.999434 0.0299904 0 -0.041054 -0.0293695 -0.998725 0 -0.253697 -0.660503 0.024084 1 
2019-09-25 17:01:06 0.998893 -0.0238446 -0.0403195 0 -0.0226437 -0.999284 0.029984 0 -0.0410064 -0.0290384 -0.998737 0 -0.253654 -0.660619 0.0233971 1 
2019-09-25 17:01:06 0.998813 -0.0268648 -0.0403915 0 -0.0256322 -0.999189 0.0307303 0 -0.0411852 -0.0296591 -0.998711 0 -0.253387 -0.661229 0.0232217 1 
2019-09-25 17:01:07 0.998812 -0.0260055 -0.0409867 0 -0.0247027 -0.999174 0.0319799 0 -0.0417852 -0.03093 -0.998648 0 -0.253161 -0.662269 0.023173 1 
2019-09-25 17:01:07 0.998805 -0.0250775 -0.0417138 0 -0.023706 -0.999163 0.0330545 0 -0.0425086 -0.0320267 -0.998583 0 -0.253162 -0.663304 0.0227925 1 
2019-09-25 17:01:07 0.998812 -0.0237413 -0.0423319 0 -0.022347 -0.999192 0.0331128 0 -0.0430847 -0.0321281 -0.998555 0 -0.25325 -0.663939 0.0218009 1 
2019-09-25 17:01:07 0.998886 -0.0182752 -0.0432935 0 -0.0168577 -0.999307 0.0328836 0 -0.0438653 -0.0321178 -0.998521 0 -0.253487 -0.664485 0.0208518 1 
2019-09-25 17:01:07 0.998977 -0.00715916 -0.0444425 0 -0.00563172 -0.999383 0.0343992 0 -0.0446622 -0.0341143 -0.99842 0 -0.253745 -0.665467 0.021686 1 
2019-09-25 17:01:07 0.998938 0.00643226 -0.0454221 0 0.00795992 -0.999396 0.0335318 0 -0.0451799 -0.0338584 -0.998405 0 -0.254346 -0.665231 0.0216714 1 
2019-09-25 17:01:07 0.998767 0.0183457 -0.0459219 0 0.0198496 -0.999265 0.032509 0 -0.0452926 -0.033381 -0.998416 0 -0.254817 -0.664911 0.0214421 1 
2019-09-25 17:01:07 0.998537 0.0282481 -0.0459076 0 0.0297064 -0.999056 0.0314001 0 -0.0449781 -0.0327186 -0.998452 0 -0.254781 -0.664682 0.0212618 1 
2019-09-25 17:01:07 0.998211 0.0380462 -0.0459129 0 0.0394784 -0.998739 0.0306999 0 -0.0446879 -0.0324582 -0.998474 0 -0.254481 -0.664646 0.0211233 1 
2019-09-25 17:01:07 0.998036 0.0424794 -0.0458257 0 0.043891 -0.998569 0.0302493 0 -0.044476 -0.0322019 -0.998491 0 -0.254265 -0.664589 0.0209898 1 
2019-09-25 17:01:07 0.997838 0.0469011 -0.045823 0 0.0482857 -0.998386 0.0295906 0 -0.044362 -0.0317399 -0.998511 0 -0.254294 -0.664358 0.0207975 1 
2019-09-25 17:01:07 0.99781 0.0477397 -0.0455819 0 0.0490866 -0.998367 0.0289011 0 -0.0441286 -0.0310759 -0.998542 0 -0.254239 -0.664045 0.0205087 1 
2019-09-25 17:01:07 0.997824 0.047802 -0.0452057 0 0.0491235 -0.998374 0.0285874 0 -0.0437665 -0.0307464 -0.998569 0 -0.254024 -0.663922 0.0203113 1 
2019-09-25 17:01:07 0.997879 0.0470563 -0.0447644 0 0.048377 -0.998402 0.0288929 0 -0.0433341 -0.0309978 -0.99858 0 -0.253609 -0.664105 0.0203248 1 
2019-09-25 17:01:07 0.998166 0.04071 -0.0445833 0 0.0420507 -0.998669 0.0295577 0 -0.0433215 -0.0313789 -0.998568 0 -0.253641 -0.664246 0.0204723 1 
2019-09-25 17:01:07 0.998481 0.0324719 -0.0442952 0 0.0338214 -0.998966 0.0300645 0 -0.043274 -0.0315176 -0.998566 0 -0.253638 -0.664298 0.0205121 1 
2019-09-25 17:01:07 0.998586 0.029258 -0.0441646 0 0.0306053 -0.999067 0.0301444 0 -0.0432423 -0.031454 -0.998569 0 -0.253794 -0.664213 0.0204663 1 
2019-09-25 17:01:07 0.998753 0.0235217 -0.0438116 0 0.0248676 -0.999218 0.030432 0 -0.0430623 -0.0314842 -0.998576 0 -0.253957 -0.664131 0.0204337 1 
2019-09-25 17:01:08 0.99879 0.0220754 -0.0437259 0 0.0234081 -0.99926 0.0302041 0 -0.0430276 -0.0311917 -0.998587 0 -0.254128 -0.663944 0.0202981 1 
2019-09-25 17:01:08 0.998794 0.0221712 -0.0435759 0 0.0234826 -0.99927 0.0298156 0 -0.0428839 -0.0308035 -0.998605 0 -0.254029 -0.663818 0.0200586 1 
2019-09-25 17:01:08 0.998801 0.0226838 -0.0431655 0 0.0239689 -0.999268 0.029489 0 -0.0424658 -0.0304889 -0.998633 0 -0.253566 -0.663838 0.0197332 1 
2019-09-25 17:01:08 0.998802 0.0228271 -0.0430684 0 0.024083 -0.999283 0.0288714 0 -0.0423793 -0.0298746 -0.998655 0 -0.253463 -0.663669 0.019271 1 
2019-09-25 17:01:08 0.998809 0.0223199 -0.0431674 0 0.0235629 -0.999306 0.0285035 0 -0.0425021 -0.0294873 -0.998661 0 -0.253842 -0.663421 0.0190522 1 
2019-09-25 17:01:08 0.99882 0.0218523 -0.0431542 0 0.0230812 -0.999327 0.0281873 0 -0.04251 -0.0291506 -0.998671 0 -0.25416 -0.663198 0.0188452 1 
2019-09-25 17:01:08 0.998829 0.0211875 -0.0432766 0 0.0223943 -0.999359 0.0275926 0 -0.0426651 -0.02853 -0.998682 0 -0.254656 -0.662831 0.018503 1 
2019-09-25 17:01:08 0.998853 0.0203117 -0.0431299 0 0.0214796 -0.999401 0.0267904 0 -0.0425607 -0.0276867 -0.99871 0 -0.255216 -0.662337 0.0179145 1 
2019-09-25 17:01:08 0.998882 0.0201215 -0.0425541 0 0.0212449 -0.999424 0.026115 0 -0.0420049 -0.0269904 -0.998753 0 -0.255149 -0.662051 0.0172277 1 
2019-09-25 17:01:08 0.99889 0.0205358 -0.0421686 0 0.0216197 -0.999434 0.0254109 0 -0.0416237 -0.0262949 -0.998787 0 -0.25474 -0.661859 0.0162334 1 
2019-09-25 17:01:08 0.998878 0.0206277 -0.0424016 0 0.0217191 -0.999431 0.0254421 0 -0.0418534 -0.0263349 -0.998777 0 -0.254597 -0.661728 0.0151436 1 
2019-09-25 17:01:08 0.998854 0.0205068 -0.0430326 0 0.0216326 -0.999422 0.0258619 0 -0.0424782 -0.0267637 -0.998739 0 -0.254712 -0.661656 0.0141785 1 
2019-09-25 17:01:08 0.998836 0.0200647 -0.0436344 0 0.0212386 -0.999411 0.0266076 0 -0.0430756 -0.0275039 -0.998693 0 -0.254906 -0.661613 0.013314 1 
2019-09-25 17:01:08 0.998835 0.0191212 -0.0440791 0 0.0203594 -0.999396 0.0278148 0 -0.0435215 -0.0286804 -0.998641 0 -0.255102 -0.661601 0.0123548 1 
2019-09-25 17:01:08 0.998904 0.0171868 -0.0433219 0 0.018447 -0.999404 0.028859 0 -0.0428008 -0.0296271 -0.998644 0 -0.255102 -0.661617 0.0110319 1 
2019-09-25 17:01:08 0.999 0.0143868 -0.0420996 0 0.0156732 -0.999406 0.0303871 0 -0.0416382 -0.0310172 -0.998651 0 -0.255025 -0.661734 0.00924542 1 
2019-09-25 17:01:08 0.999034 0.0129023 -0.0417834 0 0.0142383 -0.999382 0.0318357 0 -0.0413476 -0.0324005 -0.998619 0 -0.254869 -0.661898 0.00733907 1 
2019-09-25 17:01:09 0.999036 0.0118941 -0.0420341 0 0.0132933 -0.999352 0.0331672 0 -0.0416131 -0.0336946 -0.998565 0 -0.254866 -0.662044 0.00561049 1 
2019-09-25 17:01:09 0.999041 0.0110687 -0.0421378 0 0.0125065 -0.999333 0.0340131 0 -0.041734 -0.0345082 -0.998533 0 -0.254842 -0.661994 0.0043702 1 
2019-09-25 17:01:09 0.999071 0.0107469 -0.0415108 0 0.0121653 -0.999336 0.0340711 0 -0.0411179 -0.034545 -0.998557 0 -0.254517 -0.661938 0.0037151 1 
2019-09-25 17:01:09 0.99909 0.0106427 -0.0410651 0 0.0120443 -0.999338 0.0340371 0 -0.0406765 -0.0345014 -0.998577 0 -0.254286 -0.661931 0.00338557 1 
2019-09-25 17:01:09 0.999103 0.0104908 -0.0407952 0 0.0118825 -0.999341 0.0340215 0 -0.0404122 -0.0344763 -0.998588 0 -0.254199 -0.661924 0.00326731 1 
2019-09-25 17:01:09 0.999128 0.0103489 -0.0402151 0 0.0117106 -0.999351 0.0337734 0 -0.0398402 -0.0342155 -0.99862 0 -0.253949 -0.661857 0.00289844 1 
2019-09-25 17:01:09 0.999141 0.0101927 -0.0399174 0 0.0115279 -0.999367 0.0333636 0 -0.0395529 -0.0337957 -0.998646 0 -0.253879 -0.661746 0.00237626 1 
2019-09-25 17:01:09 0.99914 0.0102518 -0.0399343 0 0.0115818 -0.999371 0.033217 0 -0.0395694 -0.0336516 -0.99865 0 -0.253871 -0.661796 0.00190033 1 
2019-09-25 17:01:09 0.999143 0.01009 -0.0399114 0 0.011414 -0.999378 0.0330854 0 -0.0395535 -0.0335132 -0.998655 0 -0.253906 -0.661735 0.00139846 1 
2019-09-25 17:01:09 0.999141 0.00977419 -0.0400254 0 0.0111096 -0.999375 0.0332779 0 -0.0396759 -0.0336946 -0.998644 0 -0.25396 -0.66172 0.000635818 1 
2019-09-25 17:01:09 0.999138 0.00959896 -0.0401358 0 0.0109431 -0.999372 0.0334053 0 -0.0397908 -0.0338164 -0.998636 0 -0.253958 -0.661734 -0.000265172 1 
2019-09-25 17:01:09 0.999135 0.0093654 -0.0402877 0 0.0107087 -0.99938 0.0332565 0 -0.039952 -0.0336598 -0.998634 0 -0.254055 -0.661702 -0.00144104 1 
2019-09-25 17:01:09 0.999134 0.00898503 -0.0403776 0 0.0103229 -0.999391 0.0330486 0 -0.0400568 -0.0334375 -0.998638 0 -0.254285 -0.661824 -0.0029268 1 
2019-09-25 17:01:09 0.999142 0.00857671 -0.0402804 0 0.00985859 -0.999438 0.0317337 0 -0.0399863 -0.0321042 -0.998684 0 -0.254678 -0.661638 -0.00499825 1 
2019-09-25 17:01:09 0.999124 0.00821477 -0.0407888 0 0.00951757 -0.999438 0.0318492 0 -0.040505 -0.0322101 -0.99866 0 -0.255191 -0.661765 -0.00580734 1 
2019-09-25 17:01:09 0.999137 0.00738223 -0.0406398 0 0.00866404 -0.999458 0.0314553 0 -0.0403863 -0.0317809 -0.998679 0 -0.255689 -0.661427 -0.00605502 1 
2019-09-25 17:01:09 0.999149 0.00710966 -0.0403811 0 0.00838847 -0.999456 0.0315876 0 -0.0401353 -0.0319001 -0.998685 0 -0.255725 -0.661427 -0.00606003 1 
2019-09-25 17:01:09 0.999158 0.00685933 -0.0402194 0 0.00813358 -0.999458 0.0316045 0 -0.0399816 -0.0319056 -0.998691 0 -0.255693 -0.66142 -0.00609871 1 
2019-09-25 17:01:10 0.999236 -0.0021572 -0.0387829 0 -0.00092251 -0.999483 0.0318253 0 -0.0388323 -0.0317658 -0.998741 0 -0.255672 -0.661274 -0.00622247 1 
2019-09-25 17:01:10 0.998806 -0.0336054 -0.0351876 0 -0.032482 -0.998949 0.032027 0 -0.0362277 -0.0308463 -0.998867 0 -0.255878 -0.660769 -0.00637628 1 
2019-09-25 17:01:10 0.996816 -0.0725791 -0.0327359 0 -0.0714973 -0.996882 0.0330882 0 -0.035036 -0.0306429 -0.998916 0 -0.256386 -0.660424 -0.00638909 1 
2019-09-25 17:01:10 0.992832 -0.115301 -0.0311711 0 -0.114226 -0.992851 0.0343397 0 -0.0349084 -0.0305336 -0.998924 0 -0.256862 -0.660189 -0.0064184 1 
2019-09-25 17:01:10 0.987225 -0.156451 -0.0298476 0 -0.155372 -0.987206 0.0355684 0 -0.0350311 -0.0304771 -0.998921 0 -0.257308 -0.660015 -0.00640829 1 
2019-09-25 17:01:10 0.980027 -0.196776 -0.0284054 0 -0.1957 -0.979966 0.0367186 0 -0.0350624 -0.0304269 -0.998922 0 -0.257628 -0.659879 -0.0064104 1 
2019-09-25 17:01:10 0.971324 -0.23619 -0.0269234 0 -0.235118 -0.971223 0.0377665 0 -0.0350694 -0.0303539 -0.998924 0 -0.257924 -0.659744 -0.00641781 1 
2019-09-25 17:01:10 0.961278 -0.274374 -0.0253832 0 -0.273309 -0.961135 0.038773 0 -0.0350356 -0.0303347 -0.998926 0 -0.258134 -0.659656 -0.00641967 1 
2019-09-25 17:01:10 0.948471 -0.315956 -0.0235568 0 -0.314909 -0.948284 0.0396387 0 -0.0348632 -0.0301785 -0.998936 0 -0.258321 -0.659536 -0.00643759 1 
2019-09-25 17:01:10 0.933986 -0.356619 -0.021776 0 -0.355585 -0.933755 0.0405236 0 -0.0347856 -0.0301059 -0.998941 0 -0.258531 -0.659432 -0.00644562 1 
2019-09-25 17:01:10 0.9178 -0.396516 -0.01995 0 -0.395504 -0.91753 0.0411881 0 -0.0346372 -0.0299127 -0.998952 0 -0.25865 -0.659334 -0.00645966 1 
2019-09-25 17:01:10 0.900183 -0.435112 -0.0181364 0 -0.434115 -0.899869 0.0419492 0 -0.0345737 -0.0298893 -0.998955 0 -0.258662 -0.659323 -0.00644472 1 
2019-09-25 17:01:10 0.879868 -0.474922 -0.016182 0 -0.473945 -0.879511 0.0426157 0 -0.034472 -0.0298274 -0.99896 0 -0.258622 -0.65931 -0.00646415 1 
2019-09-25 17:01:10 0.857165 -0.514833 -0.0139977 0 -0.513884 -0.85676 0.0432085 0 -0.0342385 -0.0298442 -0.998968 0 -0.258474 -0.659351 -0.00647493 1 
2019-09-25 17:01:10 0.831435 -0.555488 -0.0114343 0 -0.554583 -0.830977 0.0435293 0 -0.0336823 -0.0298511 -0.998987 0 -0.257985 -0.65949 -0.00650583 1 
2019-09-25 17:01:10 0.805453 -0.592574 -0.00910594 0 -0.591707 -0.804949 0.0438234 0 -0.0332991 -0.0299102 -0.998998 0 -0.257337 -0.65972 -0.0065076 1 
2019-09-25 17:01:10 0.775256 -0.631597 -0.00671049 0 -0.630768 -0.774706 0.0440752 0 -0.033037 -0.0299373 -0.999006 0 -0.257067 -0.65979 -0.00651992 1 
2019-09-25 17:01:11 0.741478 -0.670948 -0.00444615 0 -0.670149 -0.740889 0.0443251 0 -0.0330346 -0.0298871 -0.999007 0 -0.257579 -0.659565 -0.00652265 1 
2019-09-25 17:01:11 0.705613 -0.70858 -0.00217301 0 -0.707814 -0.704986 0.0444392 0 -0.0330213 -0.0298194 -0.99901 0 -0.258638 -0.659114 -0.0065146 1 
2019-09-25 17:01:11 0.666461 -0.745527 0.000394874 0 -0.744804 -0.665791 0.0443886 0 -0.0328306 -0.0298779 -0.999014 0 -0.25968 -0.658662 -0.00647027 1 
2019-09-25 17:01:11 0.628349 -0.777914 0.00294964 0 -0.777237 -0.627634 0.0442567 0 -0.0325773 -0.0301018 -0.999016 0 -0.260317 -0.65845 -0.00643332 1 
2019-09-25 17:01:11 0.591942 -0.805949 0.00561153 0 -0.805335 -0.591186 0.0437569 0 -0.031949 -0.0304213 -0.999026 0 -0.260022 -0.658563 -0.00643717 1 
2019-09-25 17:01:11 0.560978 -0.82778 0.00811824 0 -0.827235 -0.560186 0.0430558 0 -0.0310936 -0.0308696 -0.99904 0 -0.258647 -0.659129 -0.00643594 1 
2019-09-25 17:01:11 0.531782 -0.846809 0.010165 0 -0.84632 -0.530966 0.0424041 0 -0.0305115 -0.0311532 -0.999049 0 -0.257127 -0.659725 -0.00642997 1 
2019-09-25 17:01:11 0.50495 -0.863057 0.0118265 0 -0.862608 -0.504113 0.0419409 0 -0.0302361 -0.0313803 -0.99905 0 -0.255926 -0.660216 -0.00638264 1 
2019-09-25 17:01:11 0.477668 -0.87843 0.0132261 0 -0.878008 -0.476812 0.0416208 0 -0.0302552 -0.0314942 -0.999046 0 -0.255885 -0.660262 -0.00635498 1 
2019-09-25 17:01:11 0.450689 -0.89255 0.0146354 0 -0.892159 -0.449816 0.0412191 0 -0.0302074 -0.0316347 -0.999043 0 -0.256254 -0.660148 -0.00633782 1 
2019-09-25 17:01:11 0.418865 -0.907892 0.0162629 0 -0.907539 -0.417975 0.0406349 0 -0.0300952 -0.0317804 -0.999042 0 -0.256675 -0.660009 -0.00632797 1 
2019-09-25 17:01:11 0.385548 -0.922506 0.0177575 0 -0.922187 -0.384645 0.0399869 0 -0.0300584 -0.0317933 -0.999042 0 -0.256686 -0.66 -0.00633813 1 
2019-09-25 17:01:11 0.352349 -0.935661 0.0192223 0 -0.93538 -0.351438 0.0391995 0 -0.0299226 -0.0317926 -0.999046 0 -0.25623 -0.660154 -0.0063615 1 
2019-09-25 17:01:11 0.320044 -0.947168 0.0206153 0 -0.946922 -0.319124 0.0384568 0 -0.0298468 -0.0318296 -0.999048 0 -0.255671 -0.660366 -0.00637238 1 
2019-09-25 17:01:11 0.288728 -0.95715 0.021947 0 -0.956941 -0.287802 0.0376163 0 -0.0296886 -0.0318634 -0.999051 0 -0.255057 -0.660589 -0.0064047 1 
2019-09-25 17:01:11 0.257081 -0.966099 0.0233139 0 -0.965932 -0.256152 0.036643 0 -0.0294295 -0.0319405 -0.999056 0 -0.254405 -0.660826 -0.00643599 1 
2019-09-25 17:01:11 0.224265 -0.974207 0.0246321 0 -0.974077 -0.223331 0.0357627 0 -0.0293397 -0.0320145 -0.999057 0 -0.25401 -0.660987 -0.00643221 1 
2019-09-25 17:01:11 0.198343 -0.979785 0.0257297 0 -0.979683 -0.197399 0.0351619 0 -0.0293726 -0.0321816 -0.99905 0 -0.253752 -0.661117 -0.00642787 1 
2019-09-25 17:01:12 0.181034 -0.983112 0.02644 0 -0.983026 -0.180083 0.0347887 0 -0.0294404 -0.0322898 -0.999045 0 -0.253831 -0.661122 -0.0064055 1 
2019-09-25 17:01:12 0.162254 -0.986362 0.027277 0 -0.986296 -0.161291 0.034443 0 -0.0295743 -0.0324924 -0.999034 0 -0.253985 -0.661115 -0.00639035 1 
2019-09-25 17:01:12 0.141737 -0.989498 0.0280289 0 -0.98945 -0.140768 0.0339572 0 -0.0296555 -0.0325468 -0.99903 0 -0.254209 -0.661047 -0.00638974 1 
2019-09-25 17:01:12 0.118721 -0.992496 0.0289436 0 -0.99247 -0.117742 0.0334673 0 -0.0298088 -0.0326996 -0.999021 0 -0.254621 -0.660934 -0.00637205 1 
2019-09-25 17:01:12 0.097718 -0.994758 0.0298169 0 -0.994753 -0.0967278 0.0330208 0 -0.0299642 -0.0328878 -0.99901 0 -0.254969 -0.660848 -0.00636149 1 
2019-09-25 17:01:12 0.0776336 -0.996497 0.0307687 0 -0.996516 -0.0766278 0.0326242 0 -0.0301527 -0.0331949 -0.998994 0 -0.255118 -0.660866 -0.00634926 1 
2019-09-25 17:01:12 0.061126 -0.997607 0.0319993 0 -0.997656 -0.0600886 0.0324368 0 -0.030437 -0.0339077 -0.998961 0 -0.255053 -0.66112 -0.00631551 1 
2019-09-25 17:01:12 0.045929 -0.998356 0.0339999 0 -0.998446 -0.0448151 0.0328289 0 -0.0312518 -0.0354555 -0.998882 0 -0.25499 -0.66186 -0.00625722 1 
2019-09-25 17:01:12 0.0305551 -0.998892 0.0355258 0 -0.999022 -0.0293951 0.0327298 0 -0.0316499 -0.0364919 -0.998833 0 -0.254977 -0.662525 -0.00624585 1 
2019-09-25 17:01:12 0.0134707 -0.999205 0.0372707 0 -0.999391 -0.0122661 0.0323615 0 -0.0318792 -0.0376847 -0.998781 0 -0.254811 -0.663273 -0.00629627 1 
2019-09-25 17:01:12 0.00598781 -0.999259 0.0377667 0 -0.999461 -0.00477276 0.0321808 0 -0.0319773 -0.0379398 -0.998768 0 -0.254739 -0.663497 -0.00630636 1 
2019-09-25 17:01:12 0.00562812 -0.99926 0.0378026 0 -0.999463 -0.00441189 0.0321798 0 -0.0319898 -0.0379641 -0.998767 0 -0.254795 -0.663487 -0.00629692 1 
2019-09-25 17:01:12 0.00555293 -0.999259 0.0378279 0 -0.999463 -0.00433565 0.0321856 0 -0.0319984 -0.037987 -0.998766 0 -0.254825 -0.663486 -0.00628866 1 
2019-09-25 17:01:12 0.00531974 -0.99926 0.037844 0 -0.999464 -0.00410217 0.0321785 0 -0.0320001 -0.0379956 -0.998765 0 -0.254846 -0.663484 -0.00628286 1 
2019-09-25 17:01:12 0.0053226 -0.99926 0.0378436 0 -0.999464 -0.00410499 0.0321797 0 -0.0320012 -0.0379953 -0.998765 0 -0.254845 -0.663485 -0.00628327 1 
2019-09-25 17:01:12 0.00531498 -0.99926 0.0378335 0 -0.999464 -0.00409764 0.0321812 0 -0.032003 -0.037985 -0.998766 0 -0.254857 -0.663478 -0.00628485 1 
2019-09-25 17:01:12 0.00530283 -0.99926 0.0378346 0 -0.999464 -0.00408539 0.0321828 0 -0.032005 -0.0379858 -0.998766 0 -0.254863 -0.663476 -0.00628124 1 
2019-09-25 17:01:13 0.00534654 -0.999261 0.03782 0 -0.999464 -0.00412939 0.0321876 0 -0.0320082 -0.0379726 -0.998766 0 -0.254846 -0.663479 -0.00628524 1 
2019-09-25 17:01:13 0.00538948 -0.999261 0.0378068 0 -0.999463 -0.00417265 0.0321905 0 -0.0320096 -0.0379608 -0.998766 0 -0.25484 -0.663479 -0.00628304 1 
2019-09-25 17:01:13 0.00544378 -0.999261 0.0378069 0 -0.999463 -0.00422621 0.0322103 0 -0.0320273 -0.0379627 -0.998766 0 -0.254839 -0.663483 -0.00627323 1 
2019-09-25 17:01:13 0.00610551 -0.999258 0.0377849 0 -0.999457 -0.00488575 0.0322897 0 -0.0320818 -0.0379622 -0.998764 0 -0.254852 -0.663486 -0.00625366 1 
2019-09-25 17:01:13 0.0061751 -0.999255 0.0378473 0 -0.999456 -0.0049522 0.0323199 0 -0.032109 -0.0380271 -0.998761 0 -0.254838 -0.663518 -0.0062046 1 
2019-09-25 17:01:13 0.00632706 -0.999254 0.0378435 0 -0.999455 -0.00510493 0.0323039 0 -0.0320872 -0.038028 -0.998761 0 -0.254732 -0.663555 -0.00620074 1 
2019-09-25 17:01:13 0.00631436 -0.999254 0.0378586 0 -0.999455 -0.00509142 0.0323125 0 -0.0320962 -0.0380427 -0.998761 0 -0.254746 -0.663557 -0.00618411 1 
2019-09-25 17:01:13 0.00631566 -0.999254 0.0378557 0 -0.999455 -0.00509277 0.0323136 0 -0.0320973 -0.0380399 -0.998761 0 -0.254741 -0.663557 -0.00618315 1 
2019-09-25 17:01:13 0.00632478 -0.999253 0.0378583 0 -0.999455 -0.00510159 0.0323192 0 -0.0321025 -0.0380428 -0.99876 0 -0.254738 -0.66356 -0.00618153 1 
2019-09-25 17:01:13 0.00633427 -0.999254 0.0378552 0 -0.999455 -0.00511123 0.032318 0 -0.032101 -0.03804 -0.99876 0 -0.254737 -0.66356 -0.00618338 1 
2019-09-25 17:01:13 0.00633554 -0.999254 0.037855 0 -0.999455 -0.00511244 0.0323197 0 -0.0321027 -0.0380399 -0.99876 0 -0.254736 -0.66356 -0.00618318 1 
2019-09-25 17:01:13 0.00633658 -0.999253 0.0378583 0 -0.999455 -0.00511337 0.0323199 0 -0.0321028 -0.0380432 -0.99876 0 -0.254733 -0.663562 -0.00618119 1 
2019-09-25 17:01:13 0.00634361 -0.999253 0.0378572 0 -0.999455 -0.00512042 0.0323201 0 -0.0321027 -0.0380424 -0.99876 0 -0.254733 -0.663561 -0.00618127 1 
2019-09-25 17:01:13 0.00633133 -0.999253 0.0378568 0 -0.999455 -0.00510825 0.0323177 0 -0.0321008 -0.0380415 -0.99876 0 -0.254734 -0.663561 -0.0061805 1 
2019-09-25 17:01:13 0.00633284 -0.999253 0.0378574 0 -0.999455 -0.00510962 0.0323208 0 -0.0321039 -0.0380422 -0.99876 0 -0.254734 -0.663561 -0.00618199 1 
2019-09-25 17:01:13 0.00634422 -0.999253 0.0378598 0 -0.999454 -0.00512048 0.0323324 0 -0.032115 -0.038045 -0.99876 0 -0.254734 -0.663561 -0.00618094 1 
2019-09-25 17:01:13 0.0063341 -0.999253 0.0378629 0 -0.999455 -0.00511085 0.0323169 0 -0.0320999 -0.0380477 -0.99876 0 -0.254734 -0.663562 -0.00617319 1 
2019-09-25 17:01:14 0.00634644 -0.999253 0.0378553 0 -0.999455 -0.00512343 0.0323174 0 -0.0320999 -0.0380405 -0.99876 0 -0.254729 -0.663561 -0.00617786 1 
2019-09-25 17:01:14 0.00634771 -0.999253 0.0378597 0 -0.999455 -0.00512446 0.0323195 0 -0.032102 -0.038045 -0.99876 0 -0.254729 -0.663564 -0.0061776 1 
