2019-09-25 16:56:04 0.998867 -0.0316059 -0.0353107 0 -0.0301082 -0.998647 0.0421725 0 -0.0365965 -0.0410624 -0.998486 0 -0.267983 -0.450879 0.494426 1 
2019-09-25 16:56:04 0.998867 -0.031608 -0.0353108 0 -0.0301099 -0.998647 0.0421788 0 -0.0365969 -0.0410686 -0.998486 0 -0.267983 -0.450879 0.494428 1 
2019-09-25 16:56:04 0.998867 -0.0316067 -0.0353105 0 -0.0301087 -0.998647 0.0421786 0 -0.0365966 -0.0410684 -0.998486 0 -0.267984 -0.45088 0.494426 1 
2019-09-25 16:56:04 0.998867 -0.0316016 -0.0353074 0 -0.030104 -0.998647 0.0421704 0 -0.036593 -0.0410605 -0.998486 0 -0.267983 -0.450879 0.494424 1 
2019-09-25 16:56:04 0.998867 -0.0316022 -0.0353072 0 -0.0301047 -0.998647 0.0421698 0 -0.0365928 -0.0410599 -0.998486 0 -0.267982 -0.450878 0.494425 1 
2019-09-25 16:56:04 0.998867 -0.0316006 -0.0353103 0 -0.0301028 -0.998647 0.0421722 0 -0.0365959 -0.0410623 -0.998486 0 -0.267982 -0.450879 0.494426 1 
2019-09-25 16:56:04 0.998867 -0.031602 -0.0353084 0 -0.0301042 -0.998647 0.0421744 0 -0.0365941 -0.0410644 -0.998486 0 -0.267981 -0.45088 0.494426 1 
2019-09-25 16:56:04 0.998867 -0.0316052 -0.0353069 0 -0.0301076 -0.998647 0.0421701 0 -0.0365927 -0.0410601 -0.998486 0 -0.267981 -0.45088 0.494423 1 
2019-09-25 16:56:05 0.998867 -0.0316041 -0.0353102 0 -0.0301062 -0.998647 0.0421752 0 -0.0365961 -0.0410652 -0.998486 0 -0.267983 -0.45088 0.494425 1 
2019-09-25 16:56:05 0.998867 -0.0315998 -0.0353089 0 -0.030102 -0.998647 0.042173 0 -0.0365945 -0.0410631 -0.998486 0 -0.267981 -0.450881 0.494424 1 
2019-09-25 16:56:05 0.998867 -0.0316101 -0.0353064 0 -0.0301125 -0.998647 0.0421729 0 -0.0365924 -0.0410628 -0.998486 0 -0.267984 -0.450878 0.494424 1 
2019-09-25 16:56:05 0.998867 -0.0316024 -0.0353095 0 -0.0301047 -0.998647 0.0421721 0 -0.0365952 -0.0410621 -0.998486 0 -0.267981 -0.45088 0.494424 1 
2019-09-25 16:56:05 0.998867 -0.0316015 -0.0353127 0 -0.0301035 -0.998647 0.0421756 0 -0.0365984 -0.0410656 -0.998486 0 -0.267982 -0.45088 0.494427 1 
2019-09-25 16:56:05 0.998867 -0.0315969 -0.0353054 0 -0.0300995 -0.998647 0.0421678 0 -0.0365907 -0.0410582 -0.998487 0 -0.267979 -0.450881 0.494423 1 
2019-09-25 16:56:05 0.998867 -0.0316023 -0.0353096 0 -0.0301044 -0.998647 0.0421768 0 -0.0365955 -0.0410668 -0.998486 0 -0.267981 -0.450881 0.494426 1 
2019-09-25 16:56:05 0.998867 -0.0316019 -0.0353072 0 -0.0301042 -0.998647 0.0421742 0 -0.0365929 -0.0410643 -0.998486 0 -0.267982 -0.45088 0.494425 1 
2019-09-25 16:56:05 0.998867 -0.0316036 -0.0353087 0 -0.0301058 -0.998647 0.0421748 0 -0.0365945 -0.0410648 -0.998486 0 -0.267981 -0.450879 0.494426 1 
2019-09-25 16:56:05 0.998867 -0.0316024 -0.0353081 0 -0.0301047 -0.998647 0.0421742 0 -0.0365938 -0.0410643 -0.998486 0 -0.267982 -0.450879 0.494425 1 
2019-09-25 16:56:05 0.998867 -0.0316085 -0.0353091 0 -0.0301107 -0.998647 0.0421757 0 -0.0365951 -0.0410655 -0.998486 0 -0.267983 -0.450879 0.494426 1 
2019-09-25 16:56:05 0.998867 -0.0316057 -0.0353073 0 -0.0301078 -0.998647 0.0421779 0 -0.0365933 -0.0410679 -0.998486 0 -0.267981 -0.450879 0.494427 1 
2019-09-25 16:56:05 0.998867 -0.0316047 -0.0353063 0 -0.0301071 -0.998647 0.0421725 0 -0.0365921 -0.0410625 -0.998486 0 -0.267982 -0.450879 0.494424 1 
2019-09-25 16:56:05 0.998867 -0.0316086 -0.0353083 0 -0.0301108 -0.998647 0.0421749 0 -0.0365943 -0.0410648 -0.998486 0 -0.267983 -0.450879 0.494426 1 
2019-09-25 16:56:05 0.998867 -0.031604 -0.0353084 0 -0.0301063 -0.998647 0.0421748 0 -0.0365943 -0.0410648 -0.998486 0 -0.267981 -0.45088 0.494426 1 
2019-09-25 16:56:05 0.998867 -0.0316115 -0.0353081 0 -0.0301138 -0.998647 0.0421743 0 -0.0365942 -0.0410641 -0.998486 0 -0.267983 -0.450879 0.494425 1 
2019-09-25 16:56:06 0.998867 -0.0316009 -0.0353065 0 -0.0301033 -0.998647 0.0421713 0 -0.036592 -0.0410614 -0.998486 0 -0.267981 -0.45088 0.494425 1 
2019-09-25 16:56:06 0.998867 -0.0316086 -0.0353078 0 -0.0301109 -0.998647 0.0421735 0 -0.0365938 -0.0410634 -0.998486 0 -0.267983 -0.450879 0.494424 1 
2019-09-25 16:56:06 0.998867 -0.0316009 -0.03531 0 -0.030103 -0.998647 0.0421773 0 -0.0365958 -0.0410674 -0.998486 0 -0.267981 -0.450881 0.494427 1 
2019-09-25 16:56:06 0.998867 -0.0316043 -0.0353084 0 -0.0301065 -0.998647 0.0421745 0 -0.0365942 -0.0410645 -0.998486 0 -0.267983 -0.450879 0.494425 1 
2019-09-25 16:56:06 0.998867 -0.0316028 -0.0353084 0 -0.030105 -0.998647 0.0421751 0 -0.0365942 -0.0410651 -0.998486 0 -0.267983 -0.450879 0.494426 1 
2019-09-25 16:56:06 0.998867 -0.0316023 -0.0353139 0 -0.0301043 -0.998647 0.0421751 0 -0.0365996 -0.041065 -0.998486 0 -0.267982 -0.45088 0.494426 1 
2019-09-25 16:56:06 0.998867 -0.0316092 -0.035308 0 -0.0301115 -0.998647 0.0421749 0 -0.036594 -0.0410647 -0.998486 0 -0.267983 -0.450879 0.494424 1 
2019-09-25 16:56:06 0.998867 -0.0315987 -0.0353082 0 -0.030101 -0.998647 0.0421723 0 -0.0365937 -0.0410625 -0.998486 0 -0.267981 -0.45088 0.494425 1 
2019-09-25 16:56:06 0.998867 -0.0316044 -0.035307 0 -0.0301068 -0.998647 0.0421719 0 -0.0365927 -0.0410619 -0.998486 0 -0.267982 -0.450879 0.494425 1 
2019-09-25 16:56:06 0.998867 -0.0316014 -0.0353084 0 -0.0301037 -0.998647 0.0421725 0 -0.036594 -0.0410626 -0.998486 0 -0.267983 -0.450879 0.494424 1 
2019-09-25 16:56:06 0.998867 -0.0316094 -0.0353077 0 -0.0301118 -0.998647 0.0421725 0 -0.0365937 -0.0410624 -0.998486 0 -0.267984 -0.450879 0.494423 1 
2019-09-25 16:56:06 0.998867 -0.0316025 -0.0353065 0 -0.0301049 -0.998647 0.0421722 0 -0.0365921 -0.0410623 -0.998486 0 -0.267981 -0.45088 0.494423 1 
2019-09-25 16:56:06 0.998867 -0.0316099 -0.0353082 0 -0.030112 -0.998647 0.0421785 0 -0.0365944 -0.0410683 -0.998486 0 -0.267984 -0.450878 0.494427 1 
2019-09-25 16:56:06 0.998867 -0.0316046 -0.0353059 0 -0.0301071 -0.998647 0.0421706 0 -0.0365916 -0.0410606 -0.998486 0 -0.267983 -0.450879 0.494424 1 
2019-09-25 16:56:06 0.998867 -0.0316096 -0.0353096 0 -0.030112 -0.998647 0.0421662 0 -0.0365954 -0.041056 -0.998486 0 -0.267983 -0.450879 0.494423 1 
2019-09-25 16:56:06 0.998867 -0.0316059 -0.0353083 0 -0.0301079 -0.998647 0.0421796 0 -0.0365944 -0.0410695 -0.998486 0 -0.267982 -0.45088 0.494427 1 
2019-09-25 16:56:06 0.998867 -0.0316029 -0.0353107 0 -0.030105 -0.998647 0.0421755 0 -0.0365965 -0.0410654 -0.998486 0 -0.267982 -0.45088 0.494427 1 
2019-09-25 16:56:07 0.998866 -0.0316049 -0.0353241 0 -0.0301055 -0.998646 0.0422018 0 -0.0366107 -0.0410913 -0.998484 0 -0.267983 -0.450885 0.494441 1 
2019-09-25 16:56:07 0.998866 -0.0316226 -0.0353243 0 -0.0301227 -0.998645 0.0422147 0 -0.0366121 -0.0411036 -0.998484 0 -0.267992 -0.45088 0.494448 1 
2019-09-25 16:56:07 0.998866 -0.0316063 -0.0353331 0 -0.0301057 -0.998645 0.0422229 0 -0.0366204 -0.0411121 -0.998483 0 -0.267986 -0.450889 0.494453 1 
2019-09-25 16:56:07 0.998859 -0.0316407 -0.0354882 0 -0.0301211 -0.99863 0.0425661 0 -0.0367871 -0.0414494 -0.998463 0 -0.268019 -0.450917 0.494639 1 
2019-09-25 16:56:07 0.998859 -0.0316511 -0.0355021 0 -0.0301284 -0.998627 0.0426342 0 -0.0368034 -0.0415167 -0.99846 0 -0.268019 -0.450905 0.494675 1 
2019-09-25 16:56:07 0.998859 -0.0316299 -0.0355006 0 -0.0301074 -0.998627 0.0426311 0 -0.036801 -0.0415145 -0.99846 0 -0.268012 -0.450906 0.494672 1 
2019-09-25 16:56:07 0.998859 -0.0316366 -0.0355011 0 -0.0301142 -0.998627 0.0426272 0 -0.0368017 -0.0415103 -0.99846 0 -0.268014 -0.450904 0.494672 1 
2019-09-25 16:56:07 0.998859 -0.0316447 -0.0354968 0 -0.0301226 -0.998627 0.0426241 0 -0.0367976 -0.041507 -0.99846 0 -0.268014 -0.450906 0.494668 1 
2019-09-25 16:56:07 0.998859 -0.0316405 -0.0354988 0 -0.0301181 -0.998627 0.0426285 0 -0.0367995 -0.0415115 -0.99846 0 -0.268013 -0.450906 0.49467 1 
2019-09-25 16:56:07 0.998859 -0.0316318 -0.0355012 0 -0.0301091 -0.998627 0.0426338 0 -0.0368018 -0.0415171 -0.99846 0 -0.268011 -0.450907 0.494673 1 
2019-09-25 16:56:07 0.998859 -0.0316446 -0.0354968 0 -0.0301225 -0.998627 0.0426243 0 -0.0367976 -0.0415072 -0.99846 0 -0.268013 -0.450905 0.49467 1 
2019-09-25 16:56:07 0.998859 -0.0316436 -0.0354995 0 -0.0301212 -0.998627 0.0426292 0 -0.0368004 -0.0415121 -0.99846 0 -0.268016 -0.450903 0.494671 1 
2019-09-25 16:56:07 0.998859 -0.0316331 -0.0354996 0 -0.0301106 -0.998627 0.0426315 0 -0.0368001 -0.0415147 -0.99846 0 -0.268012 -0.450906 0.494672 1 
2019-09-25 16:56:07 0.998859 -0.0316426 -0.035497 0 -0.0301205 -0.998627 0.0426235 0 -0.0367977 -0.0415065 -0.99846 0 -0.268014 -0.450904 0.49467 1 
2019-09-25 16:56:07 0.998859 -0.0316441 -0.035495 0 -0.0301224 -0.998628 0.0426157 0 -0.0367955 -0.0414987 -0.998461 0 -0.268014 -0.450903 0.494667 1 
2019-09-25 16:56:07 0.998859 -0.031643 -0.0354997 0 -0.0301209 -0.998627 0.0426233 0 -0.0368004 -0.0415062 -0.99846 0 -0.268015 -0.450903 0.49467 1 
2019-09-25 16:56:08 0.998859 -0.0316427 -0.0355011 0 -0.0301203 -0.998627 0.0426287 0 -0.036802 -0.0415116 -0.99846 0 -0.268016 -0.450903 0.494672 1 
2019-09-25 16:56:08 0.998858 -0.031671 -0.0354985 0 -0.0301486 -0.998626 0.0426305 0 -0.0368006 -0.0415124 -0.99846 0 -0.26803 -0.450896 0.494671 1 
2019-09-25 16:56:08 0.998858 -0.0316664 -0.0354945 0 -0.0301446 -0.998627 0.0426195 0 -0.0367961 -0.0415017 -0.998461 0 -0.268025 -0.450897 0.494668 1 
2019-09-25 16:56:08 0.998858 -0.0316799 -0.0354956 0 -0.0301578 -0.998626 0.042626 0 -0.0367979 -0.0415076 -0.99846 0 -0.268028 -0.450894 0.494671 1 
2019-09-25 16:56:08 0.998857 -0.0316906 -0.0354996 0 -0.0301679 -0.998625 0.0426369 0 -0.0368027 -0.041518 -0.99846 0 -0.268037 -0.450892 0.494674 1 
2019-09-25 16:56:08 0.998856 -0.0317453 -0.0354888 0 -0.0302235 -0.998624 0.0426231 0 -0.0367938 -0.0415025 -0.998461 0 -0.268062 -0.450875 0.494669 1 
2019-09-25 16:56:08 0.998856 -0.0317182 -0.0355089 0 -0.0301942 -0.998624 0.0426614 0 -0.0368139 -0.0415412 -0.998458 0 -0.268053 -0.450888 0.494684 1 
2019-09-25 16:56:08 0.998856 -0.031737 -0.0355105 0 -0.0302128 -0.998623 0.0426654 0 -0.0368164 -0.0415445 -0.998458 0 -0.26806 -0.450884 0.494687 1 
2019-09-25 16:56:08 0.998856 -0.0317447 -0.0354875 0 -0.0302238 -0.998625 0.0426035 0 -0.0367919 -0.041483 -0.998462 0 -0.268062 -0.450884 0.494656 1 
2019-09-25 16:56:08 0.998859 -0.0315567 -0.0355827 0 -0.0300263 -0.998625 0.0427521 0 -0.0368836 -0.0416357 -0.998452 0 -0.267991 -0.450966 0.494748 1 
2019-09-25 16:56:08 0.998792 -0.0317698 -0.0372226 0 -0.030048 -0.998483 0.0459383 0 -0.0386263 -0.0447652 -0.998251 0 -0.268314 -0.451466 0.496521 1 
2019-09-25 16:56:08 0.998735 -0.031529 -0.0389261 0 -0.0296004 -0.998342 0.0491643 0 -0.0404124 -0.0479508 -0.998032 0 -0.268402 -0.452081 0.498845 1 
2019-09-25 16:56:08 0.998752 -0.0297542 -0.0398712 0 -0.0277096 -0.99831 0.0508859 0 -0.0413186 -0.0497185 -0.997908 0 -0.267691 -0.452855 0.500122 1 
2019-09-25 16:56:08 0.99889 -0.0253455 -0.0394606 0 -0.0233915 -0.998505 0.0492169 0 -0.0406498 -0.0482402 -0.998008 0 -0.26568 -0.454143 0.499282 1 
2019-09-25 16:56:08 0.999059 -0.0201816 -0.0381421 0 -0.0184607 -0.998809 0.0449413 0 -0.0390044 -0.0441957 -0.998261 0 -0.26255 -0.456136 0.496944 1 
2019-09-25 16:56:08 0.999182 -0.0132414 -0.0379629 0 -0.0116594 -0.999057 0.0415946 0 -0.0384786 -0.0411187 -0.998413 0 -0.259322 -0.459297 0.494339 1 
2019-09-25 16:56:08 0.999183 -0.00962688 -0.0390006 0 -0.00806126 -0.999153 0.0401033 0 -0.0393544 -0.0397569 -0.998434 0 -0.256588 -0.463341 0.491477 1 
2019-09-25 16:56:09 0.999037 -0.0136725 -0.0414525 0 -0.0119633 -0.99907 0.0412037 0 -0.0419781 -0.040669 -0.99829 0 -0.254191 -0.468485 0.488153 1 
2019-09-25 16:56:09 0.998846 -0.019949 -0.0434621 0 -0.0182085 -0.999021 0.0400809 0 -0.0442199 -0.0392441 -0.998251 0 -0.251947 -0.473977 0.483438 1 
2019-09-25 16:56:09 0.998683 -0.021628 -0.0463113 0 -0.0198151 -0.999023 0.0392532 0 -0.0471159 -0.0382846 -0.998155 0 -0.249755 -0.480641 0.477474 1 
2019-09-25 16:56:09 0.99878 -0.0160511 -0.0464999 0 -0.0142414 -0.999128 0.0389924 0 -0.0470862 -0.0382833 -0.998157 0 -0.246738 -0.487926 0.470807 1 
2019-09-25 16:56:09 0.998968 -0.0071161 -0.0446357 0 -0.00532527 -0.999171 0.0401121 0 -0.044885 -0.0398338 -0.998198 0 -0.242606 -0.496098 0.463766 1 
2019-09-25 16:56:09 0.998991 0.00243763 -0.0446258 0 0.00422261 -0.999183 0.0399481 0 -0.0444928 -0.040097 -0.998205 0 -0.238641 -0.504432 0.455836 1 
2019-09-25 16:56:09 0.998882 0.0116928 -0.0455973 0 0.0135204 -0.999099 0.0399799 0 -0.0450897 -0.0405525 -0.99816 0 -0.234976 -0.512776 0.44753 1 
2019-09-25 16:56:09 0.998651 0.0214075 -0.0471 0 0.0233327 -0.998889 0.0407106 0 -0.0461771 -0.0417555 -0.99806 0 -0.231014 -0.521463 0.43892 1 
2019-09-25 16:56:09 0.998325 0.0301183 -0.0492088 0 0.0322534 -0.998537 0.0431865 0 -0.047837 -0.0447021 -0.997854 0 -0.227526 -0.530781 0.429343 1 
2019-09-25 16:56:09 0.998077 0.0364922 -0.0499176 0 0.0387441 -0.99823 0.0449151 0 -0.0481911 -0.0467637 -0.997743 0 -0.224725 -0.539723 0.419007 1 
2019-09-25 16:56:09 0.997992 0.0403745 -0.0485987 0 0.0425768 -0.998062 0.0451672 0 -0.0466818 -0.0471466 -0.997797 0 -0.222529 -0.548118 0.407615 1 
2019-09-25 16:56:09 0.998102 0.03984 -0.0467466 0 0.0419429 -0.998101 0.0449 0 -0.0448699 -0.0467763 -0.997897 0 -0.220993 -0.556416 0.395056 1 
2019-09-25 16:56:09 0.998501 0.0309484 -0.0449217 0 0.0328992 -0.998508 0.043357 0 -0.0435137 -0.0447708 -0.998049 0 -0.219841 -0.564702 0.381132 1 
2019-09-25 16:56:09 0.998927 0.0168482 -0.0429241 0 0.0186592 -0.998928 0.0421468 0 -0.0421688 -0.0429033 -0.998189 0 -0.218236 -0.573595 0.365902 1 
2019-09-25 16:56:09 0.999062 0.00931428 -0.0420716 0 0.0111006 -0.999028 0.0424255 0 -0.0416363 -0.0428536 -0.998213 0 -0.215999 -0.583003 0.350926 1 
2019-09-25 16:56:09 0.999072 0.0066647 -0.0423286 0 0.00849229 -0.999023 0.043144 0 -0.0420005 -0.0434643 -0.998172 0 -0.212808 -0.593455 0.336018 1 
2019-09-25 16:56:10 0.999059 0.00325473 -0.0430247 0 0.00508978 -0.999069 0.0426102 0 -0.0428468 -0.0427899 -0.998165 0 -0.210136 -0.603273 0.322117 1 
2019-09-25 16:56:10 0.999083 -0.00690732 -0.0420245 0 -0.00516759 -0.999121 0.0413662 0 -0.0422742 -0.0411119 -0.99826 0 -0.207876 -0.612277 0.309244 1 
2019-09-25 16:56:10 0.998978 -0.0162369 -0.0419469 0 -0.0145388 -0.999065 0.0404759 0 -0.0425658 -0.0398254 -0.9983 0 -0.206028 -0.620739 0.296523 1 
2019-09-25 16:56:10 0.998913 -0.0198711 -0.04193 0 -0.0183067 -0.999124 0.0373693 0 -0.0426366 -0.0365618 -0.998421 0 -0.20505 -0.627884 0.282697 1 
2019-09-25 16:56:10 0.998862 -0.021675 -0.0422524 0 -0.0201457 -0.999129 0.0362888 0 -0.043003 -0.035397 -0.998448 0 -0.205302 -0.634356 0.268079 1 
2019-09-25 16:56:10 0.998772 -0.0245976 -0.0427848 0 -0.0231384 -0.999135 0.034273 0 -0.0435916 -0.0332415 -0.998496 0 -0.206327 -0.6391 0.252858 1 
2019-09-25 16:56:10 0.998653 -0.0285531 -0.0430903 0 -0.0271696 -0.999097 0.0323561 0 -0.0439761 -0.0311424 -0.998547 0 -0.207583 -0.64258 0.236701 1 
2019-09-25 16:56:10 0.998521 -0.0321135 -0.0436508 0 -0.0308069 -0.999057 0.0302848 0 -0.0445831 -0.0288958 -0.998588 0 -0.208493 -0.644896 0.220374 1 
2019-09-25 16:56:10 0.998404 -0.0347803 -0.044289 0 -0.033474 -0.998983 0.0299017 0 -0.0452848 -0.028372 -0.998571 0 -0.208564 -0.647398 0.203417 1 
2019-09-25 16:56:10 0.998368 -0.0343208 -0.0454421 0 -0.0330089 -0.999016 0.0293117 0 -0.0464043 -0.0277644 -0.998537 0 -0.207454 -0.649671 0.187081 1 
2019-09-25 16:56:10 0.998359 -0.0312327 -0.0478022 0 -0.0298727 -0.999126 0.0289041 0 -0.0486641 -0.0274292 -0.998439 0 -0.205851 -0.651665 0.171975 1 
2019-09-25 16:56:10 0.998438 -0.0225589 -0.0509287 0 -0.0212416 -0.99942 0.0262585 0 -0.0514925 -0.0251362 -0.998357 0 -0.204032 -0.652918 0.156784 1 
2019-09-25 16:56:10 0.998477 -0.00380868 -0.0548673 0 -0.00250291 -0.999703 0.0238477 0 -0.0549429 -0.0236745 -0.998209 0 -0.203151 -0.653652 0.143408 1 
2019-09-25 16:56:10 0.997858 0.0279232 -0.0589923 0 0.0291775 -0.999354 0.0205071 0 -0.0583827 -0.0221849 -0.998048 0 -0.203496 -0.653701 0.131227 1 
2019-09-25 16:56:10 0.996184 0.062159 -0.0611024 0 0.0634141 -0.9978 0.0188178 0 -0.0597994 -0.0226212 -0.997954 0 -0.204557 -0.653561 0.120058 1 
2019-09-25 16:56:10 0.995096 0.0787173 -0.0597394 0 0.0799572 -0.996614 0.0186529 0 -0.0580699 -0.0233385 -0.99804 0 -0.206183 -0.652919 0.109773 1 
2019-09-25 16:56:10 0.99568 0.0722754 -0.0581192 0 0.0735909 -0.997062 0.0208192 0 -0.0564448 -0.0250068 -0.998093 0 -0.208619 -0.652202 0.101195 1 
2019-09-25 16:56:11 0.996236 0.0639257 -0.0583743 0 0.0653006 -0.997614 0.021955 0 -0.0568327 -0.0256847 -0.998053 0 -0.211888 -0.65097 0.0934127 1 
2019-09-25 16:56:11 0.996596 0.0564739 -0.0598946 0 0.0579047 -0.998061 0.0224281 0 -0.058513 -0.0258204 -0.997953 0 -0.215905 -0.649685 0.087076 1 
2019-09-25 16:56:11 0.996952 0.0481711 -0.0612137 0 0.0497407 -0.998455 0.0243802 0 -0.0599459 -0.0273512 -0.997827 0 -0.219852 -0.648614 0.081275 1 
2019-09-25 16:56:11 0.997806 0.0317856 -0.057907 0 0.0334296 -0.999049 0.0276458 0 -0.0569743 -0.0295215 -0.997939 0 -0.223292 -0.647945 0.0771511 1 
2019-09-25 16:56:11 0.998582 0.00864049 -0.0523545 0 0.0102134 -0.999493 0.02985 0 -0.052071 -0.030343 -0.998182 0 -0.226951 -0.647535 0.0738938 1 
2019-09-25 16:56:11 0.998688 -0.00310596 -0.0509161 0 -0.00152557 -0.999507 0.0310483 0 -0.0509884 -0.0309305 -0.99822 0 -0.23127 -0.647559 0.0718744 1 
2019-09-25 16:56:11 0.998574 -0.00702312 -0.0527448 0 -0.00524099 -0.999404 0.0338501 0 -0.0529521 -0.033526 -0.998034 0 -0.236502 -0.648813 0.070946 1 
2019-09-25 16:56:11 0.99847 0.00584198 -0.0548189 0 0.0077863 -0.999336 0.0353215 0 -0.0545772 -0.0356949 -0.997871 0 -0.240181 -0.650835 0.0690339 1 
2019-09-25 16:56:11 0.997826 0.033411 -0.0566423 0 0.0354686 -0.998723 0.0357175 0 -0.0553777 -0.0376495 -0.997755 0 -0.241631 -0.653597 0.0664539 1 
2019-09-25 16:56:11 0.996847 0.0533292 -0.0585939 0 0.0554162 -0.997854 0.034589 0 -0.0566247 -0.0377277 -0.997682 0 -0.24278 -0.656428 0.0626929 1 
2019-09-25 16:56:11 0.996582 0.0565678 -0.0600408 0 0.0586951 -0.997678 0.0342775 0 -0.0579635 -0.0376851 -0.997607 0 -0.244336 -0.659179 0.0581581 1 
2019-09-25 16:56:11 0.996793 0.0539134 -0.0589685 0 0.0559641 -0.997854 0.0336935 0 -0.0570265 -0.0368862 -0.997691 0 -0.246397 -0.661432 0.0516257 1 
2019-09-25 16:56:11 0.997181 0.0490897 -0.0565789 0 0.051046 -0.998119 0.0336664 0 -0.0548209 -0.0364603 -0.99783 0 -0.248291 -0.662965 0.0459257 1 
2019-09-25 16:56:11 0.997535 0.0438864 -0.0545772 0 0.0458169 -0.998339 0.034639 0 -0.0529674 -0.0370549 -0.997909 0 -0.249869 -0.66459 0.0413964 1 
2019-09-25 16:56:11 0.997855 0.0379812 -0.0531457 0 0.0398376 -0.998607 0.0343173 0 -0.0517692 -0.0363615 -0.997997 0 -0.251316 -0.66541 0.037156 1 
2019-09-25 16:56:11 0.998133 0.0314606 -0.0521719 0 0.0333058 -0.998827 0.0348846 0 -0.0510142 -0.0365578 -0.998029 0 -0.252534 -0.66617 0.0345384 1 
2019-09-25 16:56:12 0.998521 0.0203889 -0.0502164 0 0.0221478 -0.999142 0.0347227 0 -0.0494663 -0.0357842 -0.998135 0 -0.253309 -0.666104 0.0322523 1 
2019-09-25 16:56:12 0.998788 0.00824604 -0.0483146 0 0.00988718 -0.999369 0.0338274 0 -0.0480061 -0.0342648 -0.998259 0 -0.253294 -0.665439 0.0308764 1 
2019-09-25 16:56:12 0.998794 0.00800211 -0.0482459 0 0.00965419 -0.999362 0.0341073 0 -0.0479431 -0.0345326 -0.998253 0 -0.253208 -0.665516 0.0310974 1 
2019-09-25 16:56:12 0.998725 0.0136548 -0.0484048 0 0.015325 -0.999284 0.0343032 0 -0.0479027 -0.035002 -0.998239 0 -0.253011 -0.665781 0.0316953 1 
2019-09-25 16:56:12 0.998404 0.0280506 -0.0488261 0 0.0297089 -0.998985 0.0335749 0 -0.0478357 -0.0349725 -0.998243 0 -0.252706 -0.66591 0.0318591 1 
2019-09-25 16:56:12 0.99753 0.04973 -0.0494102 0 0.0513565 -0.998151 0.0322116 0 -0.0477178 -0.0346703 -0.998259 0 -0.252438 -0.6659 0.0316683 1 
2019-09-25 16:56:12 0.996745 0.0632059 -0.0498492 0 0.0648228 -0.997389 0.0315138 0 -0.0477281 -0.0346432 -0.998259 0 -0.252504 -0.665869 0.0316497 1 
2019-09-25 16:56:12 0.996744 0.0631263 -0.0499644 0 0.0647644 -0.997382 0.0318724 0 -0.0478225 -0.0350052 -0.998242 0 -0.252729 -0.665931 0.0318503 1 
2019-09-25 16:56:12 0.996775 0.0626648 -0.0499299 0 0.0643053 -0.997409 0.0319546 0 -0.047799 -0.035063 -0.998241 0 -0.25294 -0.665867 0.0318874 1 
2019-09-25 16:56:12 0.996933 0.0602747 -0.049722 0 0.061905 -0.997562 0.0319257 0 -0.0476774 -0.0349065 -0.998253 0 -0.253062 -0.665745 0.0317966 1 
2019-09-25 16:56:12 0.99759 0.0486507 -0.0492664 0 0.050291 -0.998192 0.0326217 0 -0.0475912 -0.0350215 -0.998253 0 -0.253232 -0.665705 0.0318567 1 
2019-09-25 16:56:12 0.99797 0.0404586 -0.048979 0 0.0421012 -0.998559 0.0329832 0 -0.0475749 -0.034979 -0.998255 0 -0.253444 -0.665607 0.0318617 1 
2019-09-25 16:56:12 0.997996 0.0399808 -0.0488562 0 0.0416023 -0.998592 0.0326343 0 -0.0474835 -0.0346021 -0.998273 0 -0.253489 -0.665416 0.0317005 1 
2019-09-25 16:56:12 0.997885 0.0431185 -0.0484456 0 0.0446545 -0.998509 0.0310841 0 -0.047034 -0.0331823 -0.998342 0 -0.253269 -0.664836 0.0310574 1 
2019-09-25 16:56:12 0.997376 0.0539857 -0.0480357 0 0.0553925 -0.99805 0.0284517 0 -0.0464069 -0.0310384 -0.99844 0 -0.253005 -0.663917 0.0300477 1 
2019-09-25 16:56:12 0.996914 0.0619788 -0.0479689 0 0.0633189 -0.99762 0.0269403 0 -0.0461859 -0.029895 -0.998485 0 -0.253017 -0.663373 0.0292972 1 
2019-09-25 16:56:13 0.996912 0.0619809 -0.0480223 0 0.0633238 -0.997619 0.0269645 0 -0.0462375 -0.0299227 -0.998482 0 -0.253143 -0.663332 0.0292213 1 
2019-09-25 16:56:13 0.996924 0.0616788 -0.0481549 0 0.0630432 -0.997626 0.0273461 0 -0.0463548 -0.0302984 -0.998465 0 -0.253275 -0.663441 0.0293274 1 
2019-09-25 16:56:13 0.997191 0.0573815 -0.047936 0 0.0587453 -0.997883 0.0275429 0 -0.046255 -0.0302822 -0.998471 0 -0.253338 -0.663404 0.0292944 1 
2019-09-25 16:56:13 0.997876 0.0447015 -0.0471813 0 0.0460568 -0.998536 0.0280396 0 -0.0458597 -0.0301536 -0.998493 0 -0.253126 -0.663394 0.0290971 1 
2019-09-25 16:56:13 0.998208 0.037134 -0.0467164 0 0.0384762 -0.998853 0.0281661 0 -0.0456178 -0.0299136 -0.998511 0 -0.252956 -0.66335 0.0288844 1 
2019-09-25 16:56:13 0.998217 0.0369896 -0.0466473 0 0.0383136 -0.998869 0.0278169 0 -0.0455665 -0.0295551 -0.998524 0 -0.253039 -0.663201 0.0286536 1 
2019-09-25 16:56:13 0.99823 0.0367688 -0.0465469 0 0.0380646 -0.998894 0.0272645 0 -0.0454938 -0.0289886 -0.998544 0 -0.253218 -0.662948 0.0282322 1 
2019-09-25 16:56:13 0.998139 0.0389967 -0.0466665 0 0.0402666 -0.998826 0.0265863 0 -0.0455758 -0.0284165 -0.998557 0 -0.253295 -0.662695 0.027483 1 
2019-09-25 16:56:13 0.997956 0.0431518 -0.0469283 0 0.0444191 -0.998657 0.0263051 0 -0.045731 -0.0283364 -0.998552 0 -0.253166 -0.662713 0.0268642 1 
2019-09-25 16:56:13 0.997923 0.0438181 -0.0470252 0 0.0451192 -0.998608 0.0269725 0 -0.0457787 -0.0290388 -0.998529 0 -0.253026 -0.663138 0.026906 1 
2019-09-25 16:56:13 0.998071 0.0401911 -0.0471201 0 0.0415532 -0.998726 0.0282934 0 -0.0459238 -0.0301974 -0.998488 0 -0.25299 -0.663693 0.0273506 1 
2019-09-25 16:56:13 0.998288 0.0346257 -0.0469356 0 0.0360144 -0.998919 0.0290718 0 -0.0458791 -0.030713 -0.998475 0 -0.253042 -0.663884 0.027539 1 
2019-09-25 16:56:13 0.998557 0.0265435 -0.046473 0 0.0279107 -0.999179 0.0290212 0 -0.0456654 -0.030277 -0.998498 0 -0.252989 -0.663721 0.0272548 1 
2019-09-25 16:56:13 0.998606 0.0249376 -0.0463123 0 0.026273 -0.99924 0.0284541 0 -0.0455684 -0.0296318 -0.998522 0 -0.253271 -0.663374 0.0268867 1 
2019-09-25 16:56:13 0.998601 0.0251766 -0.0462888 0 0.0264854 -0.999251 0.0278825 0 -0.045553 -0.02907 -0.998539 0 -0.253778 -0.663014 0.0265332 1 
2019-09-25 16:56:13 0.998262 0.0358261 -0.0465874 0 0.0371045 -0.99894 0.0268721 0 -0.0455762 -0.0285546 -0.998553 0 -0.254261 -0.662683 0.0262169 1 
2019-09-25 16:56:13 0.997345 0.0553967 -0.0470651 0 0.056645 -0.998056 0.025614 0 -0.0455555 -0.0282125 -0.998563 0 -0.254607 -0.662447 0.0259966 1 
2019-09-25 16:56:14 0.996865 0.0633704 -0.0471775 0 0.0646014 -0.997587 0.0250412 0 -0.0454777 -0.028011 -0.998573 0 -0.254878 -0.662277 0.0258466 1 
2019-09-25 16:56:14 0.997005 0.0612435 -0.0470307 0 0.0624706 -0.997722 0.0250788 0 -0.0453886 -0.0279423 -0.998579 0 -0.255412 -0.662045 0.0257847 1 
2019-09-25 16:56:14 0.997744 0.0483393 -0.0463793 0 0.0495717 -0.998428 0.0257998 0 -0.0450601 -0.0280413 -0.998591 0 -0.256144 -0.661755 0.0257474 1 
2019-09-25 16:56:14 0.998469 0.030845 -0.0457154 0 0.0320808 -0.999123 0.0265508 0 -0.0448572 -0.0279773 -0.998602 0 -0.256591 -0.661541 0.0256672 1 
2019-09-25 16:56:14 0.998615 0.0261438 -0.0454448 0 0.027364 -0.999266 0.0264388 0 -0.0447211 -0.0276463 -0.998617 0 -0.25658 -0.661427 0.0254163 1 
2019-09-25 16:56:14 0.99861 0.0271866 -0.044947 0 0.0283665 -0.999254 0.0258241 0 -0.0442123 -0.0270637 -0.998656 0 -0.256097 -0.661369 0.0248951 1 
2019-09-25 16:56:14 0.998363 0.0351127 -0.0449322 0 0.0362529 -0.999025 0.0248167 0 -0.0440178 -0.0264055 -0.998682 0 -0.255585 -0.661281 0.024095 1 
2019-09-25 16:56:14 0.998017 0.04366 -0.0451364 0 0.0447593 -0.998708 0.0236375 0 -0.0440469 -0.0256113 -0.998701 0 -0.255535 -0.661006 0.0231691 1 
2019-09-25 16:56:14 0.997997 0.0437494 -0.0454811 0 0.0448462 -0.998711 0.023382 0 -0.0444004 -0.0253753 -0.998691 0 -0.255744 -0.660838 0.0222332 1 
2019-09-25 16:56:14 0.998035 0.0425146 -0.0458103 0 0.0436251 -0.998761 0.0235196 0 -0.0447545 -0.0254724 -0.998673 0 -0.256033 -0.660758 0.0215186 1 
2019-09-25 16:56:14 0.998299 0.0356952 -0.045894 0 0.0368539 -0.999007 0.024653 0 -0.0449693 -0.0263029 -0.998642 0 -0.256222 -0.661081 0.0213434 1 
2019-09-25 16:56:14 0.998483 0.0299846 -0.0459805 0 0.0312014 -0.999166 0.025978 0 -0.0451641 -0.0273738 -0.998604 0 -0.256377 -0.661605 0.0215847 1 
2019-09-25 16:56:14 0.998583 0.0264503 -0.0459698 0 0.0276944 -0.999252 0.0266415 0 -0.0452316 -0.0278774 -0.998587 0 -0.256405 -0.661839 0.0217598 1 
2019-09-25 16:56:14 0.998586 0.0266079 -0.0458074 0 0.0278331 -0.999256 0.0263202 0 -0.0450738 -0.0275584 -0.998603 0 -0.256294 -0.661761 0.0215125 1 
2019-09-25 16:56:14 0.998564 0.0281378 -0.0453695 0 0.0293257 -0.999229 0.0257328 0 -0.0446113 -0.0270269 -0.998639 0 -0.255901 -0.661686 0.0210435 1 
2019-09-25 16:56:14 0.998492 0.0314135 -0.0448056 0 0.0325654 -0.999142 0.0252142 0 -0.0439759 -0.0266358 -0.998677 0 -0.255256 -0.661727 0.0205657 1 
2019-09-25 16:56:15 0.998448 0.0333902 -0.0443473 0 0.0345244 -0.99908 0.0250605 0 -0.0434705 -0.0265532 -0.998702 0 -0.254722 -0.661839 0.0203515 1 
2019-09-25 16:56:15 0.998449 0.033357 -0.0443543 0 0.0344945 -0.999079 0.0251323 0 -0.0434759 -0.0266238 -0.9987 0 -0.254735 -0.661859 0.0203702 1 
2019-09-25 16:56:15 0.998459 0.0329212 -0.0444583 0 0.0340751 -0.999086 0.0254515 0 -0.0435806 -0.0269278 -0.998687 0 -0.255027 -0.661898 0.0204967 1 
2019-09-25 16:56:15 0.998524 0.0306034 -0.0446448 0 0.0317961 -0.99914 0.0262526 0 -0.0438038 -0.0276339 -0.998658 0 -0.255405 -0.662112 0.0207891 1 
2019-09-25 16:56:15 0.998647 0.0259285 -0.044871 0 0.0271791 -0.999243 0.0274907 0 -0.044125 -0.0286736 -0.998614 0 -0.255723 -0.662513 0.0212232 1 
2019-09-25 16:56:15 0.998713 0.0229156 -0.0450402 0 0.0242089 -0.999294 0.0283813 0 -0.0443589 -0.0294357 -0.998582 0 -0.2559 -0.662849 0.0214997 1 
2019-09-25 16:56:15 0.99875 0.0210749 -0.0451105 0 0.0223891 -0.999324 0.0288288 0 -0.0444733 -0.0298033 -0.998566 0 -0.255938 -0.663067 0.0215474 1 
2019-09-25 16:56:15 0.998773 0.0199542 -0.0451109 0 0.0212615 -0.999353 0.028688 0 -0.0445101 -0.0296125 -0.99857 0 -0.256056 -0.663052 0.0212533 1 
2019-09-25 16:56:15 0.998779 0.0195858 -0.0451358 0 0.0208736 -0.999374 0.0282388 0 -0.0445553 -0.029147 -0.998582 0 -0.256364 -0.662926 0.020688 1 
2019-09-25 16:56:15 0.998751 0.0197025 -0.0457121 0 0.0210713 -0.999328 0.0296589 0 -0.0450979 -0.0305856 -0.998514 0 -0.256611 -0.663657 0.0211138 1 
2019-09-25 16:56:15 0.998733 0.0200075 -0.0459682 0 0.02141 -0.999304 0.0302244 0 -0.0453324 -0.0311709 -0.998486 0 -0.256615 -0.664036 0.0212007 1 
2019-09-25 16:56:15 0.998717 0.0212068 -0.0457693 0 0.0225831 -0.999292 0.0297674 0 -0.0451065 -0.0307634 -0.998508 0 -0.256412 -0.663961 0.020867 1 
2019-09-25 16:56:15 0.998661 0.023581 -0.0458403 0 0.024974 -0.999226 0.0300581 0 -0.0450969 -0.0311633 -0.998496 0 -0.256059 -0.66427 0.0210017 1 
2019-09-25 16:56:15 0.99857 0.0269098 -0.0459849 0 0.028327 -0.999125 0.0304494 0 -0.0451262 -0.0317091 -0.998478 0 -0.255629 -0.664675 0.021204 1 
2019-09-25 16:56:15 0.998515 0.0287086 -0.0460895 0 0.0301356 -0.999069 0.0305708 0 -0.0451698 -0.0319149 -0.998469 0 -0.255364 -0.66487 0.0212913 1 
2019-09-25 16:56:15 0.998478 0.029964 -0.0461039 0 0.031385 -0.999035 0.0304108 0 -0.045149 -0.0318121 -0.998474 0 -0.255336 -0.664844 0.02125 1 
2019-09-25 16:56:15 0.998397 0.0324717 -0.0461395 0 0.0338853 -0.99896 0.030193 0 -0.0451119 -0.0317087 -0.998479 0 -0.255324 -0.664808 0.0212087 1 
2019-09-25 16:56:16 0.998077 0.0409481 -0.0463295 0 0.0423515 -0.998651 0.0297263 0 -0.0450506 -0.0316319 -0.998484 0 -0.255239 -0.664803 0.0211743 1 
2019-09-25 16:56:16 0.997918 0.0446563 -0.0463184 0 0.046056 -0.99849 0.0296037 0 -0.0449274 -0.0316759 -0.998488 0 -0.255083 -0.664864 0.0211658 1 
2019-09-25 16:56:16 0.997918 0.0447027 -0.0462814 0 0.0460991 -0.99849 0.0295551 0 -0.0448912 -0.0316277 -0.998491 0 -0.25505 -0.664856 0.0211249 1 
2019-09-25 16:56:16 0.997909 0.0448914 -0.0463013 0 0.0462944 -0.998477 0.0296868 0 -0.044899 -0.0317688 -0.998486 0 -0.254929 -0.664953 0.0212013 1 
2019-09-25 16:56:16 0.997891 0.0453765 -0.0461997 0 0.0467778 -0.998454 0.0297138 0 -0.0447808 -0.0318129 -0.99849 0 -0.254579 -0.665079 0.0211959 1 
2019-09-25 16:56:16 0.997844 0.0464126 -0.0461978 0 0.0478099 -0.998408 0.0296131 0 -0.0447507 -0.0317585 -0.998493 0 -0.254258 -0.66517 0.0211588 1 
2019-09-25 16:56:16 0.99778 0.047681 -0.0462857 0 0.0490779 -0.998349 0.0295274 0 -0.0448023 -0.0317341 -0.998492 0 -0.254304 -0.665148 0.0211723 1 
2019-09-25 16:56:16 0.997602 0.0510186 -0.0465678 0 0.0524047 -0.998194 0.0290464 0 -0.0450026 -0.0314177 -0.998493 0 -0.25476 -0.664868 0.0211089 1 
2019-09-25 16:56:16 0.997577 0.0514721 -0.046591 0 0.0528559 -0.998172 0.0289724 0 -0.0450154 -0.0313654 -0.998494 0 -0.255102 -0.664726 0.0211067 1 
2019-09-25 16:56:16 0.997566 0.0517266 -0.0465586 0 0.0531102 -0.998158 0.0289859 0 -0.0449743 -0.0313887 -0.998495 0 -0.254994 -0.664769 0.021111 1 
2019-09-25 16:56:16 0.99754 0.0522536 -0.046511 0 0.0536314 -0.998133 0.0288844 0 -0.0449157 -0.0313084 -0.9985 0 -0.254647 -0.664862 0.0210753 1 
2019-09-25 16:56:16 0.997522 0.0527094 -0.0463977 0 0.0540693 -0.998119 0.0285594 0 -0.044806 -0.0309979 -0.998515 0 -0.254528 -0.664756 0.0209401 1 
2019-09-25 16:56:16 0.997479 0.0536096 -0.0462953 0 0.0549467 -0.998084 0.0281074 0 -0.0447006 -0.0305809 -0.998532 0 -0.254601 -0.664529 0.0207706 1 
2019-09-25 16:56:16 0.997383 0.0553408 -0.0463099 0 0.0566712 -0.997993 0.0279267 0 -0.0446723 -0.0304786 -0.998537 0 -0.254669 -0.664448 0.020742 1 
2019-09-25 16:56:16 0.997359 0.0557769 -0.0463093 0 0.0571074 -0.997968 0.0279206 0 -0.0446587 -0.030492 -0.998537 0 -0.254627 -0.664465 0.0207477 1 
2019-09-25 16:56:16 0.997357 0.0558269 -0.0462945 0 0.057156 -0.997966 0.0279 0 -0.0446436 -0.0304729 -0.998538 0 -0.254619 -0.664459 0.0207339 1 
2019-09-25 16:56:17 0.997358 0.0558469 -0.0462546 0 0.0571727 -0.997966 0.0278527 0 -0.0446058 -0.0304242 -0.998541 0 -0.254594 -0.664445 0.0207032 1 
2019-09-25 16:56:17 0.99736 0.0558235 -0.0462326 0 0.0571463 -0.997969 0.0278 0 -0.0445877 -0.0303692 -0.998544 0 -0.254603 -0.664419 0.0206707 1 
2019-09-25 16:56:17 0.997362 0.0558386 -0.0461703 0 0.0571585 -0.997969 0.0277776 0 -0.0445264 -0.030344 -0.998547 0 -0.254567 -0.664413 0.0206432 1 
2019-09-25 16:56:17 0.997362 0.0558527 -0.0461526 0 0.0571726 -0.997968 0.0277885 0 -0.0445076 -0.0303545 -0.998548 0 -0.254545 -0.664424 0.0206392 1 
2019-09-25 16:56:17 0.997362 0.0558922 -0.0461057 0 0.0572104 -0.997966 0.0277834 0 -0.0444599 -0.0303484 -0.99855 0 -0.254501 -0.664433 0.0206253 1 
2019-09-25 16:56:17 0.997363 0.0559985 -0.0459658 0 0.0573159 -0.997958 0.0278598 0 -0.0443127 -0.0304215 -0.998554 0 -0.254364 -0.664492 0.0206224 1 
2019-09-25 16:56:17 0.997351 0.0562981 -0.0458555 0 0.0576128 -0.99794 0.0278707 0 -0.0441928 -0.0304393 -0.998559 0 -0.254143 -0.664564 0.0206011 1 
2019-09-25 16:56:17 0.997327 0.0567461 -0.0458102 0 0.0580637 -0.997912 0.0279614 0 -0.0441287 -0.0305472 -0.998559 0 -0.253846 -0.664703 0.0206367 1 
2019-09-25 16:56:17 0.997276 0.0576068 -0.0458616 0 0.0589254 -0.997862 0.0279386 0 -0.0441549 -0.0305655 -0.998557 0 -0.253782 -0.664737 0.0206488 1 
2019-09-25 16:56:17 0.9969 0.0635323 -0.0462019 0 0.0648513 -0.997503 0.0276327 0 -0.0443318 -0.0305439 -0.99855 0 -0.25407 -0.664651 0.0206747 1 
2019-09-25 16:56:17 0.996378 0.0708752 -0.0467747 0 0.0722083 -0.997002 0.027451 0 -0.0446897 -0.0307297 -0.998528 0 -0.254471 -0.664625 0.0208514 1 
2019-09-25 16:56:17 0.996108 0.0744587 -0.0469581 0 0.075791 -0.996741 0.0272564 0 -0.0447765 -0.0307099 -0.998525 0 -0.254699 -0.664547 0.0208618 1 
2019-09-25 16:56:17 0.996039 0.0753569 -0.0469832 0 0.0766904 -0.996673 0.0272552 0 -0.0447739 -0.030751 -0.998524 0 -0.254709 -0.664558 0.0208857 1 
2019-09-25 16:56:17 0.99593 0.0767887 -0.0469798 0 0.0781184 -0.996565 0.02715 0 -0.0447344 -0.0307101 -0.998527 0 -0.254562 -0.664588 0.0208596 1 
2019-09-25 16:56:17 0.995791 0.0785481 -0.0470205 0 0.0798764 -0.996428 0.027067 0 -0.0447273 -0.0307094 -0.998527 0 -0.254497 -0.664608 0.0208589 1 
2019-09-25 16:56:17 0.995765 0.0788573 -0.0470492 0 0.0801884 -0.996401 0.0271066 0 -0.0447432 -0.0307652 -0.998525 0 -0.254497 -0.664632 0.0208889 1 
2019-09-25 16:56:18 0.995782 0.0786103 -0.0471106 0 0.0799483 -0.996418 0.0272194 0 -0.044803 -0.0308716 -0.998519 0 -0.254677 -0.664612 0.020961 1 
2019-09-25 16:56:18 0.995818 0.078036 -0.0473014 0 0.0793869 -0.996458 0.0273843 0 -0.0449978 -0.0310255 -0.998505 0 -0.255113 -0.664539 0.0210795 1 
2019-09-25 16:56:18 0.995865 0.0774162 -0.0473371 0 0.0787697 -0.996506 0.0274255 0 -0.0450494 -0.0310415 -0.998502 0 -0.255536 -0.664397 0.0211122 1 
2019-09-25 16:56:18 0.995876 0.0772642 -0.0473476 0 0.0786198 -0.996517 0.0274682 0 -0.0450612 -0.031078 -0.998501 0 -0.255638 -0.664373 0.0211395 1 
2019-09-25 16:56:18 0.995862 0.0774167 -0.0474026 0 0.0787853 -0.996497 0.0277146 0 -0.0450918 -0.0313351 -0.998491 0 -0.255536 -0.664504 0.0212918 1 
2019-09-25 16:56:18 0.995852 0.0774408 -0.0475684 0 0.0788352 -0.99648 0.0281685 0 -0.0452204 -0.0318023 -0.998471 0 -0.255552 -0.664685 0.0215788 1 
2019-09-25 16:56:18 0.995864 0.0772438 -0.0476416 0 0.0786501 -0.996488 0.0283847 0 -0.0452827 -0.0320149 -0.998461 0 -0.255696 -0.664707 0.021739 1 
2019-09-25 16:56:18 0.995865 0.0773237 -0.0474831 0 0.0787159 -0.996489 0.0281827 0 -0.0451381 -0.0318045 -0.998474 0 -0.255585 -0.66464 0.0216396 1 
2019-09-25 16:56:18 0.995843 0.077707 -0.0473175 0 0.0790823 -0.996467 0.0279204 0 -0.0449816 -0.0315469 -0.99849 0 -0.255275 -0.664623 0.0215225 1 
2019-09-25 16:56:18 0.995845 0.0777791 -0.047162 0 0.0791336 -0.996473 0.0275635 0 -0.0448526 -0.0311817 -0.998507 0 -0.255168 -0.664483 0.0213776 1 
2019-09-25 16:56:18 0.995863 0.0776359 -0.0470171 0 0.078968 -0.996497 0.027167 0 -0.0447441 -0.030768 -0.998525 0 -0.255202 -0.664272 0.0212208 1 
2019-09-25 16:56:18 0.995898 0.0772215 -0.0469553 0 0.0785432 -0.996536 0.0269837 0 -0.0447097 -0.0305616 -0.998532 0 -0.255448 -0.664086 0.0211445 1 
2019-09-25 16:56:18 0.995958 0.0764427 -0.0469605 0 0.0777564 -0.996602 0.0268116 0 -0.0447523 -0.0303553 -0.998537 0 -0.25591 -0.663832 0.0210821 1 
2019-09-25 16:56:18 0.996124 0.0743336 -0.0468211 0 0.0756348 -0.99677 0.0266587 0 -0.0446891 -0.0300973 -0.998547 0 -0.256358 -0.663542 0.0209864 1 
2019-09-25 16:56:18 0.996365 0.0711445 -0.0466497 0 0.0724362 -0.997008 0.026608 0 -0.044618 -0.029891 -0.998557 0 -0.256565 -0.663365 0.0209016 1 
2019-09-25 16:56:18 0.996709 0.066263 -0.046479 0 0.0675549 -0.997346 0.0267956 0 -0.0445809 -0.0298479 -0.99856 0 -0.256561 -0.663338 0.0208851 1 
2019-09-25 16:56:18 0.99708 0.06054 -0.0463412 0 0.0618344 -0.997711 0.0270271 0 -0.0445997 -0.0298142 -0.99856 0 -0.256642 -0.663294 0.0208899 1 
2019-09-25 16:56:19 0.997217 0.0582421 -0.046341 0 0.0595362 -0.99785 0.0270521 0 -0.0446666 -0.0297364 -0.998559 0 -0.25689 -0.663173 0.0208912 1 
2019-09-25 16:56:19 0.9973 0.0568356 -0.0462994 0 0.0581265 -0.997934 0.0270292 0 -0.0446684 -0.029648 -0.998562 0 -0.257012 -0.663083 0.0208762 1 
2019-09-25 16:56:19 0.99731 0.0567177 -0.0462251 0 0.0579968 -0.997947 0.0268151 0 -0.0446101 -0.0294244 -0.998571 0 -0.257026 -0.662967 0.0208031 1 
2019-09-25 16:56:19 0.997294 0.0570156 -0.046212 0 0.0582925 -0.997931 0.0267695 0 -0.0445909 -0.0293914 -0.998573 0 -0.256944 -0.662962 0.0208374 1 
2019-09-25 16:56:19 0.99715 0.0595079 -0.0461648 0 0.0607669 -0.997794 0.0263635 0 -0.044495 -0.0290943 -0.998586 0 -0.256832 -0.662815 0.020796 1 
2019-09-25 16:56:19 0.996961 0.0626488 -0.0460895 0 0.0638877 -0.997611 0.0259142 0 -0.0443567 -0.0287805 -0.998601 0 -0.256728 -0.66265 0.0207414 1 
2019-09-25 16:56:19 0.996827 0.0647514 -0.0460954 0 0.0659851 -0.997478 0.0257639 0 -0.0443118 -0.0287244 -0.998605 0 -0.256554 -0.662669 0.0207423 1 
2019-09-25 16:56:19 0.996802 0.0651415 -0.0460717 0 0.0663758 -0.997452 0.0257858 0 -0.0442754 -0.0287619 -0.998605 0 -0.256348 -0.662753 0.0207473 1 
2019-09-25 16:56:19 0.99678 0.0655056 -0.0460449 0 0.0667399 -0.997427 0.025799 0 -0.0442373 -0.0287895 -0.998606 0 -0.256085 -0.662856 0.02074 1 
2019-09-25 16:56:19 0.996783 0.0656376 -0.0457777 0 0.0668778 -0.99741 0.0261045 0 -0.0439465 -0.0290826 -0.99861 0 -0.25574 -0.663071 0.0207836 1 
2019-09-25 16:56:19 0.996929 0.0634796 -0.0456461 0 0.0647239 -0.997546 0.0263163 0 -0.0438644 -0.0291904 -0.998611 0 -0.255662 -0.663139 0.020799 1 
2019-09-25 16:56:19 0.997204 0.0590893 -0.0455368 0 0.0603378 -0.997815 0.0265473 0 -0.0438695 -0.0292212 -0.99861 0 -0.255807 -0.663103 0.0208072 1 
2019-09-25 16:56:19 0.99743 0.0551843 -0.0454751 0 0.0564408 -0.998036 0.0268235 0 -0.0439064 -0.0293218 -0.998605 0 -0.255889 -0.66313 0.020837 1 
2019-09-25 16:56:19 0.997613 0.0518347 -0.0454015 0 0.0530956 -0.998214 0.0270212 0 -0.0439206 -0.0293679 -0.998603 0 -0.255898 -0.663153 0.0208464 1 
2019-09-25 16:56:19 0.99772 0.0498694 -0.0452512 0 0.0511292 -0.998314 0.0271212 0 -0.0438232 -0.0293736 -0.998607 0 -0.255761 -0.663206 0.0207994 1 
2019-09-25 16:56:19 0.997712 0.0502775 -0.0449773 0 0.0515306 -0.998293 0.027148 0 -0.0435364 -0.0294042 -0.998619 0 -0.255413 -0.663312 0.0207419 1 
2019-09-25 16:56:20 0.997666 0.0512714 -0.0448842 0 0.0525216 -0.998242 0.0271315 0 -0.0434151 -0.0294261 -0.998624 0 -0.255 -0.663458 0.0207153 1 
2019-09-25 16:56:20 0.997558 0.0532807 -0.0449367 0 0.0545298 -0.998136 0.0270431 0 -0.0434129 -0.029428 -0.998624 0 -0.254805 -0.663531 0.0207048 1 
2019-09-25 16:56:20 0.99756 0.0532091 -0.0449826 0 0.0544615 -0.998139 0.0270892 0 -0.0434584 -0.0294735 -0.99862 0 -0.25488 -0.66353 0.0207297 1 
2019-09-25 16:56:20 0.997586 0.0527146 -0.0449975 0 0.0539687 -0.998164 0.0271263 0 -0.0434858 -0.0294899 -0.998619 0 -0.2552 -0.663431 0.0207354 1 
2019-09-25 16:56:20 0.997604 0.0523757 -0.0449896 0 0.0536307 -0.998182 0.0271562 0 -0.0434864 -0.0295046 -0.998618 0 -0.255387 -0.663373 0.0207384 1 
2019-09-25 16:56:20 0.997654 0.0514725 -0.0449286 0 0.0527278 -0.998228 0.0272158 0 -0.0434489 -0.0295215 -0.998619 0 -0.255301 -0.663412 0.0207233 1 
2019-09-25 16:56:20 0.997657 0.0515244 -0.0448042 0 0.0527849 -0.99822 0.0274192 0 -0.0433126 -0.0297205 -0.998619 0 -0.254973 -0.663609 0.0207477 1 
2019-09-25 16:56:20 0.99769 0.0512295 -0.0443918 0 0.0524708 -0.998241 0.0272628 0 -0.0429179 -0.0295297 -0.998642 0 -0.254664 -0.663617 0.020516 1 
2019-09-25 16:56:20 0.997699 0.0513931 -0.0440126 0 0.0525918 -0.998254 0.0265246 0 -0.0425734 -0.0287788 -0.998679 0 -0.254471 -0.663407 0.0199499 1 
2019-09-25 16:56:20 0.997725 0.0510759 -0.0437726 0 0.0522138 -0.998307 0.0252572 0 -0.0424093 -0.0274858 -0.998722 0 -0.254655 -0.662902 0.0189876 1 
2019-09-25 16:56:20 0.997731 0.0509407 -0.0437924 0 0.0520915 -0.998306 0.0255501 0 -0.0424175 -0.0277738 -0.998714 0 -0.254744 -0.662976 0.0190451 1 
2019-09-25 16:56:20 0.997733 0.0509014 -0.0437913 0 0.0520521 -0.998308 0.0255487 0 -0.0424176 -0.0277707 -0.998714 0 -0.254773 -0.662964 0.0190436 1 
