0.998584 -0.0404231 -0.0342908 0 -0.0412916 -0.998824 -0.0250084 0 -0.0332403 0.0263894 -0.999099 0 -0.259868 -0.660349 0.022344 1 
0.998585 -0.0404067 -0.0342872 0 -0.041275 -0.998825 -0.0250052 0 -0.0332372 0.0263856 -0.999099 0 -0.259854 -0.660356 0.0223467 1 
0.998585 -0.0404191 -0.0342851 0 -0.0412877 -0.998824 -0.0250184 0 -0.0332342 0.026399 -0.999099 0 -0.259863 -0.660347 0.0223405 1 
0.998584 -0.0404294 -0.0342883 0 -0.0412983 -0.998824 -0.0250224 0 -0.033237 0.0264036 -0.999099 0 -0.259874 -0.660342 0.0223386 1 
0.998584 -0.040424 -0.0342895 0 -0.0412924 -0.998824 -0.0250088 0 -0.0332389 0.0263898 -0.999099 0 -0.25987 -0.660348 0.0223453 1 
0.998585 -0.0404139 -0.0342874 0 -0.0412825 -0.998825 -0.0250161 0 -0.0332368 0.0263967 -0.999099 0 -0.259864 -0.660348 0.0223403 1 
0.998585 -0.0404191 -0.0342887 0 -0.0412876 -0.998825 -0.0250123 0 -0.0332381 0.0263931 -0.999099 0 -0.259865 -0.660349 0.0223429 1 
0.998584 -0.0404245 -0.0342915 0 -0.0412931 -0.998824 -0.0250107 0 -0.0332407 0.0263918 -0.999099 0 -0.259869 -0.660348 0.0223446 1 
0.998585 -0.0404148 -0.0342885 0 -0.0412833 -0.998825 -0.0250103 0 -0.0332381 0.0263909 -0.999099 0 -0.259864 -0.66035 0.0223453 1 
0.998586 -0.0404011 -0.0342826 0 -0.0412696 -0.998825 -0.0250146 0 -0.0332323 0.0263946 -0.999099 0 -0.259854 -0.660352 0.0223417 1 
0.998585 -0.0404134 -0.0342852 0 -0.041282 -0.998825 -0.0250162 0 -0.0332345 0.0263967 -0.999099 0 -0.259858 -0.66035 0.0223408 1 
0.998585 -0.0404109 -0.034289 0 -0.0412792 -0.998825 -0.0250041 0 -0.0332389 0.0263847 -0.999099 0 -0.259863 -0.660352 0.0223483 1 
0.998584 -0.0404232 -0.0342892 0 -0.0412916 -0.998825 -0.0250057 0 -0.0332387 0.0263866 -0.999099 0 -0.259866 -0.660351 0.0223468 1 
0.998585 -0.0404127 -0.0342872 0 -0.0412811 -0.998825 -0.0250088 0 -0.0332369 0.0263893 -0.999099 0 -0.259861 -0.660352 0.0223454 1 
0.998586 -0.040401 -0.0342845 0 -0.0412694 -0.998825 -0.0250118 0 -0.0332343 0.0263918 -0.999099 0 -0.259855 -0.660352 0.0223446 1 
0.998585 -0.04041 -0.034287 0 -0.0412785 -0.998825 -0.0250122 0 -0.0332366 0.0263927 -0.999099 0 -0.259859 -0.660351 0.0223439 1 
0.998585 -0.0404068 -0.0342862 0 -0.0412751 -0.998825 -0.0250082 0 -0.033236 0.0263885 -0.999099 0 -0.259859 -0.660352 0.0223462 1 
0.998586 -0.0403901 -0.034284 0 -0.0412584 -0.998826 -0.0250089 0 -0.0332342 0.0263886 -0.999099 0 -0.259846 -0.660357 0.0223447 1 
0.998586 -0.0403842 -0.03428 0 -0.0412525 -0.998826 -0.0250103 0 -0.0332304 0.0263896 -0.999099 0 -0.25984 -0.660358 0.0223433 1 
0.998586 -0.0403945 -0.0342799 0 -0.0412628 -0.998826 -0.0250096 0 -0.03323 0.0263892 -0.999099 0 -0.259847 -0.660356 0.0223445 1 
0.998585 -0.0404089 -0.0342867 0 -0.0412772 -0.998825 -0.0250069 0 -0.0332365 0.0263873 -0.999099 0 -0.259856 -0.660354 0.022347 1 
0.998586 -0.0403976 -0.0342835 0 -0.0412659 -0.998826 -0.0250091 0 -0.0332336 0.026389 -0.999099 0 -0.25985 -0.660355 0.022345 1 
0.998586 -0.0403817 -0.0342796 0 -0.04125 -0.998826 -0.0250124 0 -0.03323 0.0263915 -0.999099 0 -0.259841 -0.660357 0.0223432 1 
0.998586 -0.0403831 -0.0342797 0 -0.0412515 -0.998826 -0.025017 0 -0.0332298 0.0263962 -0.999099 0 -0.259841 -0.660356 0.0223409 1 
0.998586 -0.0403853 -0.0342784 0 -0.0412538 -0.998826 -0.0250194 0 -0.0332284 0.0263987 -0.999099 0 -0.259844 -0.660354 0.0223395 1 
0.998586 -0.0403992 -0.0342793 0 -0.0412678 -0.998825 -0.0250207 0 -0.0332288 0.0264004 -0.999099 0 -0.259848 -0.660351 0.0223383 1 
0.998586 -0.0403944 -0.0342788 0 -0.0412629 -0.998825 -0.02502 0 -0.0332285 0.0263996 -0.999099 0 -0.259845 -0.660353 0.0223392 1 
0.998586 -0.0403954 -0.0342811 0 -0.0412639 -0.998825 -0.0250178 0 -0.0332309 0.0263975 -0.999099 0 -0.259848 -0.660353 0.0223406 1 
0.998585 -0.0404094 -0.0342833 0 -0.0412781 -0.998825 -0.0250219 0 -0.0332326 0.0264022 -0.999099 0 -0.259856 -0.660349 0.022339 1 
0.998585 -0.0404212 -0.0342849 0 -0.0412901 -0.998824 -0.0250252 0 -0.0332337 0.0264059 -0.999099 0 -0.259866 -0.660343 0.0223365 1 
0.998585 -0.0404107 -0.034285 0 -0.0412792 -0.998825 -0.0250144 0 -0.0332345 0.0263948 -0.999099 0 -0.259857 -0.660351 0.0223425 1 
0.998587 -0.040367 -0.0342743 0 -0.0412354 -0.998827 -0.0250198 0 -0.0332248 0.0263983 -0.999099 0 -0.259829 -0.660359 0.0223372 1 
0.998587 -0.0403685 -0.0342739 0 -0.0412366 -0.998827 -0.0250126 0 -0.0332246 0.0263911 -0.999099 0 -0.259828 -0.660362 0.0223393 1 
0.998586 -0.0403966 -0.0342851 0 -0.0412648 -0.998826 -0.0250055 0 -0.0332353 0.0263854 -0.999099 0 -0.25985 -0.660357 0.0223459 1 
0.998585 -0.0404131 -0.0342907 0 -0.0412816 -0.998825 -0.0250094 0 -0.0332403 0.0263901 -0.999099 0 -0.259861 -0.660351 0.0223458 1 
0.998586 -0.0403977 -0.0342833 0 -0.0412663 -0.998825 -0.025018 0 -0.033233 0.0263978 -0.999099 0 -0.25985 -0.660353 0.0223383 1 
0.998587 -0.0403781 -0.0342757 0 -0.0412466 -0.998826 -0.0250207 0 -0.0332258 0.0263996 -0.999099 0 -0.259837 -0.660356 0.0223373 1 
0.998586 -0.0403975 -0.0342807 0 -0.0412662 -0.998825 -0.0250218 0 -0.0332302 0.0264016 -0.999099 0 -0.259849 -0.660352 0.0223365 1 
0.998584 -0.0404312 -0.0342917 0 -0.0413 -0.998824 -0.0250153 0 -0.0332406 0.0263966 -0.999099 0 -0.259873 -0.660345 0.0223411 1 
0.998584 -0.0404218 -0.0342958 0 -0.04129 -0.998825 -0.0249942 0 -0.0332458 0.0263754 -0.999099 0 -0.259871 -0.660353 0.0223527 1 
0.998584 -0.0404169 -0.0342962 0 -0.0412844 -0.998826 -0.0249725 0 -0.0332473 0.0263536 -0.9991 0 -0.259864 -0.660363 0.0223655 1 
0.998584 -0.0404256 -0.0343014 0 -0.0412935 -0.998825 -0.0249837 0 -0.0332518 0.0263652 -0.999099 0 -0.259876 -0.660355 0.0223617 1 
0.998581 -0.0404876 -0.0343162 0 -0.0413567 -0.998822 -0.0250058 0 -0.033264 0.02639 -0.999098 0 -0.259919 -0.660333 0.0223542 1 
0.998578 -0.0405632 -0.0343161 0 -0.0414322 -0.998819 -0.0250019 0 -0.0332621 0.0263887 -0.999098 0 -0.25997 -0.660314 0.0223544 1 
0.998574 -0.0406501 -0.0343295 0 -0.0415195 -0.998815 -0.0250013 0 -0.0332731 0.0263915 -0.999098 0 -0.260027 -0.660294 0.0223586 1 
0.998573 -0.0406721 -0.0343398 0 -0.0415414 -0.998815 -0.0249922 0 -0.0332832 0.0263836 -0.999098 0 -0.260051 -0.660289 0.0223639 1 
0.998573 -0.0406608 -0.0343401 0 -0.04153 -0.998815 -0.0249877 0 -0.033284 0.0263787 -0.999098 0 -0.260039 -0.660294 0.0223669 1 
0.998573 -0.040661 -0.0343473 0 -0.0415298 -0.998816 -0.0249716 0 -0.0332919 0.026363 -0.999098 0 -0.260044 -0.660299 0.0223765 1 
0.998572 -0.0406783 -0.0343516 0 -0.0415473 -0.998815 -0.0249741 0 -0.0332956 0.0263662 -0.999098 0 -0.260056 -0.660293 0.0223758 1 
0.998573 -0.0406597 -0.0343398 0 -0.0415287 -0.998815 -0.0249835 0 -0.0332839 0.0263744 -0.999098 0 -0.260042 -0.660295 0.0223699 1 
0.998578 -0.0405696 -0.0342996 0 -0.0414385 -0.998818 -0.0250109 0 -0.033245 0.0263971 -0.999099 0 -0.259969 -0.66031 0.0223463 1 
0.998583 -0.0404782 -0.0342817 0 -0.0413464 -0.998822 -0.0250055 0 -0.0332298 0.026388 -0.999099 0 -0.259905 -0.660335 0.0223453 1 
0.998582 -0.0404722 -0.0342963 0 -0.0413394 -0.998824 -0.024963 0 -0.0332462 0.0263459 -0.9991 0 -0.259901 -0.660352 0.022371 1 
0.998582 -0.0404679 -0.0342986 0 -0.0413351 -0.998824 -0.0249631 0 -0.0332487 0.026346 -0.9991 0 -0.259902 -0.660352 0.0223738 1 
0.998584 -0.0404417 -0.0342742 0 -0.0413093 -0.998824 -0.0249962 0 -0.0332237 0.0263772 -0.9991 0 -0.259873 -0.660349 0.0223496 1 
0.998586 -0.0403948 -0.0342681 0 -0.0412618 -0.998826 -0.0249844 0 -0.0332193 0.0263636 -0.9991 0 -0.259844 -0.660363 0.0223536 1 
0.998585 -0.0404027 -0.0343005 0 -0.0412682 -0.998828 -0.0249104 0 -0.0332544 0.0262911 -0.999101 0 -0.259857 -0.660387 0.022404 1 
0.998584 -0.040408 -0.0343108 0 -0.0412731 -0.998828 -0.0248918 0 -0.0332654 0.0262732 -0.999101 0 -0.259868 -0.660391 0.0224156 1 
0.998585 -0.0404177 -0.0342884 0 -0.0412851 -0.998826 -0.0249767 0 -0.0332393 0.0263575 -0.9991 0 -0.259866 -0.66036 0.0223682 1 
0.998585 -0.0404222 -0.0342809 0 -0.0412908 -0.998824 -0.0250185 0 -0.03323 0.0263991 -0.999099 0 -0.259866 -0.660344 0.0223496 1 
0.998586 -0.0403921 -0.0342742 0 -0.0412597 -0.998826 -0.0249955 0 -0.033225 0.0263749 -0.9991 0 -0.259844 -0.66036 0.0223624 1 
0.998589 -0.040326 -0.0342739 0 -0.0411932 -0.998829 -0.0249841 0 -0.0332269 0.0263612 -0.9991 0 -0.259801 -0.660381 0.0223677 1 
0.99859 -0.0402935 -0.0342763 0 -0.0411607 -0.998831 -0.0249816 0 -0.0332303 0.0263577 -0.9991 0 -0.259779 -0.660391 0.0223719 1 
0.99859 -0.0402867 -0.0342928 0 -0.0411535 -0.998832 -0.0249554 0 -0.033248 0.026332 -0.9991 0 -0.259788 -0.660397 0.0223833 1 
0.998589 -0.0399264 -0.0347373 0 -0.0407952 -0.998853 -0.0246734 0 -0.033713 0.0260562 -0.999092 0 -0.259848 -0.660499 0.0226365 1 
0.998583 -0.0394306 -0.0354617 0 -0.0402829 -0.998899 -0.0236498 0 -0.0344908 0.0250453 -0.999091 0 -0.259927 -0.660804 0.0231516 1 
0.998582 -0.0388753 -0.0361067 0 -0.0397136 -0.998941 -0.0227994 0 -0.0351828 0.0242015 -0.999088 0 -0.259927 -0.661143 0.0238726 1 
0.998577 -0.0384123 -0.0367438 0 -0.0392215 -0.998988 -0.0215602 0 -0.0358791 0.0229711 -0.999092 0 -0.259915 -0.661607 0.024864 1 
0.998569 -0.0379428 -0.0374322 0 -0.0387147 -0.999038 -0.0201168 0 -0.0366336 0.0215376 -0.999097 0 -0.259887 -0.66214 0.0260307 1 
0.99856 -0.0374323 -0.0381749 0 -0.0381571 -0.999092 -0.018439 0 -0.0374507 0.0198695 -0.999101 0 -0.259839 -0.662753 0.0273859 1 
0.998555 -0.0368834 -0.0388291 0 -0.0375677 -0.999139 -0.0170438 0 -0.0381678 0.0184782 -0.9991 0 -0.259733 -0.663287 0.0286643 1 
0.998554 -0.0362269 -0.0394824 0 -0.0368695 -0.999188 -0.0156703 0 -0.0388834 0.0171037 -0.999097 0 -0.259536 -0.663802 0.0300087 1 
0.998552 -0.0356802 -0.0400303 0 -0.036277 -0.99923 -0.014281 0 -0.0394907 0.0157127 -0.999096 0 -0.259307 -0.664236 0.0313861 1 
0.998554 -0.0351376 -0.0404371 0 -0.0356951 -0.999267 -0.0131481 0 -0.0399462 0.0145728 -0.999096 0 -0.258994 -0.664527 0.0327292 1 
0.998565 -0.0344637 -0.0407541 0 -0.0349926 -0.999302 -0.0123348 0 -0.0403013 0.0137435 -0.999093 0 -0.258561 -0.664708 0.0339942 1 
0.998589 -0.0335489 -0.0409284 0 -0.0340638 -0.999339 -0.0119469 0 -0.0405013 0.0133245 -0.999091 0 -0.257891 -0.664754 0.0352333 1 
0.998623 -0.0324744 -0.0409618 0 -0.0329875 -0.999375 -0.0119123 0 -0.0405502 0.0132474 -0.99909 0 -0.257075 -0.664747 0.036146 1 
0.998666 -0.031189 -0.0409096 0 -0.0317081 -0.999414 -0.0121017 0 -0.040509 0.013383 -0.99909 0 -0.25608 -0.664697 0.0368618 1 
0.998714 -0.0297772 -0.0407856 0 -0.0303087 -0.999453 -0.0124743 0 -0.0403926 0.0136947 -0.99909 0 -0.254975 -0.66459 0.0374329 1 
0.998761 -0.0284629 -0.0405823 0 -0.0290152 -0.999484 -0.0130869 0 -0.0401896 0.0142484 -0.99909 0 -0.253919 -0.664382 0.0378253 1 
0.998809 -0.0271205 -0.0403164 0 -0.0277001 -0.99951 -0.0138882 0 -0.0399208 0.0149887 -0.99909 0 -0.252818 -0.664098 0.038129 1 
0.998851 -0.0259783 -0.0400244 0 -0.0265867 -0.999528 -0.0147431 0 -0.0396233 0.0157906 -0.99909 0 -0.251846 -0.663752 0.0383617 1 
0.998888 -0.0250643 -0.0396969 0 -0.0257051 -0.999536 -0.015716 0 -0.0392853 0.0167192 -0.999088 0 -0.251006 -0.663288 0.0385665 1 
0.998923 -0.0242871 -0.0392813 0 -0.0249669 -0.999536 -0.0169098 0 -0.0388532 0.0178727 -0.999085 0 -0.250216 -0.662647 0.0387606 1 
0.998956 -0.0236365 -0.0388468 0 -0.0243574 -0.999528 -0.0181904 0 -0.0383992 0.019118 -0.99908 0 -0.249496 -0.661935 0.0389285 1 
0.998987 -0.0231046 -0.0383706 0 -0.0238694 -0.999513 -0.0195939 0 -0.0378999 0.0204903 -0.999071 0 -0.248845 -0.661132 0.0390414 1 
0.999014 -0.0227072 -0.0379088 0 -0.0235125 -0.999495 -0.0209345 0 -0.037415 0.0218056 -0.999062 0 -0.248294 -0.660356 0.0390941 1 
0.999037 -0.0223703 -0.0375 0 -0.0232105 -0.999476 -0.0221214 0 -0.0369862 0.0229709 -0.999052 0 -0.247826 -0.659678 0.0391102 1 
0.999055 -0.0220827 -0.0371874 0 -0.0229487 -0.999462 -0.0230236 0 -0.0366596 0.0238557 -0.999043 0 -0.247451 -0.659181 0.0391038 1 
0.999068 -0.0218198 -0.0369823 0 -0.022702 -0.999454 -0.0236032 0 -0.0364478 0.0244213 -0.999037 0 -0.247157 -0.658882 0.0390853 1 
0.999075 -0.0216011 -0.0369161 0 -0.0224888 -0.999454 -0.0238031 0 -0.0363824 0.0246117 -0.999035 0 -0.246974 -0.658808 0.0390728 1 
0.999078 -0.0214333 -0.0369316 0 -0.0223193 -0.999459 -0.0237459 0 -0.0364033 0.0245487 -0.999036 0 -0.246869 -0.658874 0.0390737 1 
0.99908 -0.0213243 -0.0369349 0 -0.0222105 -0.999461 -0.0237524 0 -0.0364092 0.0245514 -0.999035 0 -0.2468 -0.6589 0.0390593 1 
0.999083 -0.0212518 -0.0369173 0 -0.0221388 -0.999462 -0.023785 0 -0.0363927 0.024581 -0.999035 0 -0.246747 -0.658908 0.0390262 1 
0.999084 -0.0212236 -0.0369011 0 -0.0221121 -0.999462 -0.0238401 0 -0.036376 0.0246347 -0.999034 0 -0.246726 -0.658898 0.0389857 1 
0.999084 -0.0212469 -0.0368903 0 -0.0221375 -0.999459 -0.0239053 0 -0.0363632 0.0247005 -0.999033 0 -0.246738 -0.658872 0.0389364 1 
0.999084 -0.0212932 -0.0368666 0 -0.0221876 -0.999455 -0.0240252 0 -0.0363357 0.0248216 -0.999031 0 -0.24676 -0.658826 0.0388457 1 
0.999083 -0.0213512 -0.0368508 0 -0.0222502 -0.999451 -0.0241605 0 -0.0363154 0.0249588 -0.999029 0 -0.246793 -0.658768 0.0387164 1 
0.999077 -0.0214116 -0.0369731 0 -0.0222974 -0.99946 -0.0237153 0 -0.0364461 0.0245183 -0.999035 0 -0.246862 -0.658827 0.0386094 1 
0.999075 -0.0214863 -0.0369791 0 -0.0223712 -0.99946 -0.0236846 0 -0.0364509 0.0244904 -0.999035 0 -0.246918 -0.658812 0.038469 1 
0.999076 -0.0215673 -0.036923 0 -0.022457 -0.999454 -0.0238524 0 -0.0363891 0.02466 -0.999033 0 -0.246964 -0.658759 0.0383068 1 
0.999076 -0.0216646 -0.0368637 0 -0.02256 -0.999447 -0.0240514 0 -0.0363229 0.0248613 -0.999031 0 -0.247016 -0.658691 0.0381231 1 
0.999075 -0.0217986 -0.0368116 0 -0.0226991 -0.999439 -0.0242257 0 -0.0362635 0.0250394 -0.999029 0 -0.2471 -0.658632 0.0379353 1 
0.999072 -0.0219884 -0.0367733 0 -0.0228934 -0.999431 -0.0243715 0 -0.0362172 0.0251912 -0.999026 0 -0.247222 -0.658579 0.0377467 1 
0.99907 -0.0221795 -0.0367094 0 -0.0230895 -0.999422 -0.0245543 0 -0.0361443 0.0253796 -0.999024 0 -0.247343 -0.658514 0.0375273 1 
0.999069 -0.0223238 -0.0366407 0 -0.0232397 -0.999413 -0.024766 0 -0.036067 0.0255949 -0.999022 0 -0.247429 -0.658457 0.0372726 1 
0.999067 -0.0225111 -0.0366041 0 -0.0234309 -0.999406 -0.0248949 0 -0.0360226 0.0257298 -0.99902 0 -0.24753 -0.658427 0.0370707 1 
0.999057 -0.0229928 -0.0365666 0 -0.0239141 -0.999393 -0.0249599 0 -0.0359711 0.0258113 -0.999019 0 -0.247655 -0.658406 0.036899 1 
0.999026 -0.0243301 -0.0365465 0 -0.0252531 -0.999359 -0.0250118 0 -0.0359153 0.0259108 -0.999019 0 -0.247764 -0.65838 0.036719 1 
0.998989 -0.0257572 -0.0365813 0 -0.0266793 -0.999323 -0.024947 0 -0.0359146 0.0258982 -0.999019 0 -0.247829 -0.658409 0.0366256 1 
0.998956 -0.0269698 -0.0366115 0 -0.0278863 -0.999295 -0.0247562 0 -0.0359187 0.0257518 -0.999023 0 -0.24788 -0.658488 0.0366147 1 
0.998925 -0.0281081 -0.0366043 0 -0.029017 -0.999268 -0.0245422 0 -0.0358884 0.0255784 -0.999028 0 -0.247924 -0.658567 0.0366345 1 
0.998907 -0.0286688 -0.0366515 0 -0.0295742 -0.999255 -0.0244029 0 -0.0359252 0.0254607 -0.99903 0 -0.247928 -0.658634 0.036661 1 
0.998894 -0.029075 -0.0366886 0 -0.0299766 -0.999246 -0.0242671 0 -0.0359561 0.0253405 -0.999032 0 -0.247923 -0.658696 0.0366995 1 
0.998864 -0.0300678 -0.0367117 0 -0.0309634 -0.999221 -0.024075 0 -0.0359599 0.0251848 -0.999036 0 -0.247959 -0.65876 0.0367444 1 
0.998809 -0.0318156 -0.0367266 0 -0.032705 -0.99917 -0.0238757 0 -0.0359372 0.0250489 -0.99904 0 -0.247994 -0.658817 0.0367677 1 
0.998755 -0.0334138 -0.0367769 0 -0.0343011 -0.999119 -0.0237651 0 -0.0359512 0.0249975 -0.999041 0 -0.248008 -0.658856 0.0367529 1 
0.998701 -0.0349917 -0.0367898 0 -0.0358766 -0.999066 -0.0236733 0 -0.0359277 0.0249629 -0.999043 0 -0.248027 -0.658885 0.0367084 1 
0.998619 -0.0372789 -0.0367566 0 -0.0381612 -0.998983 -0.0236025 0 -0.0358401 0.0249731 -0.999045 0 -0.248051 -0.658902 0.0366015 1 
0.998525 -0.0396748 -0.0367904 0 -0.0405572 -0.99889 -0.0235569 0 -0.0358157 0.0250147 -0.999045 0 -0.248044 -0.658947 0.0364506 1 
0.998461 -0.0412518 -0.0367946 0 -0.042135 -0.998824 -0.0235607 0 -0.0357801 0.0250752 -0.999045 0 -0.248008 -0.659003 0.0362678 1 
0.998392 -0.0429452 -0.0367522 0 -0.0438292 -0.998751 -0.0235937 0 -0.0356937 0.0251671 -0.999046 0 -0.248006 -0.659029 0.0360637 1 
0.998253 -0.0461023 -0.0367011 0 -0.0469876 -0.998606 -0.0236367 0 -0.0355609 0.0253204 -0.999047 0 -0.247998 -0.659026 0.035824 1 
0.99812 -0.0488886 -0.0366932 0 -0.04978 -0.998467 -0.023783 0 -0.0354749 0.0255654 -0.999044 0 -0.247948 -0.659009 0.0355399 1 
0.998065 -0.0500338 -0.0366504 0 -0.0509316 -0.998404 -0.0239873 0 -0.0353924 0.0258081 -0.99904 0 -0.24791 -0.658992 0.0352578 1 
0.998059 -0.0502058 -0.0365811 0 -0.0511118 -0.998388 -0.0242656 0 -0.0353046 0.0260888 -0.999036 0 -0.247942 -0.658926 0.0349747 1 
0.998046 -0.0505143 -0.0365182 0 -0.0514275 -0.998366 -0.0245144 0 -0.0352209 0.0263451 -0.999032 0 -0.248043 -0.658842 0.0347036 1 
0.998034 -0.0507518 -0.0365034 0 -0.0516718 -0.998349 -0.0247178 0 -0.0351893 0.0265559 -0.999028 0 -0.248231 -0.658767 0.0344391 1 
0.998022 -0.051014 -0.0364844 0 -0.05194 -0.99833 -0.0248998 0 -0.0351539 0.026746 -0.999024 0 -0.248444 -0.658697 0.0341764 1 
0.998013 -0.0511188 -0.0365662 0 -0.052055 -0.998318 -0.0251244 0 -0.035221 0.0269784 -0.999015 0 -0.248692 -0.658604 0.0339238 1 
0.998043 -0.0503053 -0.0368933 0 -0.0512644 -0.998349 -0.0255272 0 -0.0355489 0.0273691 -0.998993 0 -0.248956 -0.658464 0.0336688 1 
0.998165 -0.0475667 -0.0372025 0 -0.0485555 -0.998469 -0.0261426 0 -0.0359027 0.0279016 -0.998966 0 -0.24916 -0.658273 0.0333882 1 
0.998333 -0.0436718 -0.0374771 0 -0.0446925 -0.99863 -0.0268445 0 -0.0362542 0.0284753 -0.998937 0 -0.249296 -0.658087 0.0330829 1 
0.99853 -0.0386279 -0.0377807 0 -0.0396828 -0.998822 -0.0275818 0 -0.0366714 0.0290411 -0.998905 0 -0.249382 -0.657927 0.0328017 1 
0.998745 -0.0324974 -0.0378606 0 -0.0335806 -0.999025 -0.0283337 0 -0.0369036 0.0295701 -0.998881 0 -0.249381 -0.65779 0.0324956 1 
0.998904 -0.0274847 -0.0376194 0 -0.0285819 -0.999163 -0.0289455 0 -0.036793 0.0299896 -0.998873 0 -0.249343 -0.657665 0.0321871 1 
0.998985 -0.0246821 -0.0374236 0 -0.0257887 -0.999226 -0.0293803 0 -0.0366701 0.0303162 -0.998867 0 -0.249361 -0.657547 0.0319436 1 
0.999 -0.0242118 -0.0373181 0 -0.0253254 -0.999229 -0.0296623 0 -0.0365719 0.0305783 -0.998863 0 -0.249386 -0.657449 0.0317406 1 
0.999 -0.0243165 -0.0372583 0 -0.0254352 -0.999221 -0.0298522 0 -0.0365041 0.0307706 -0.99886 0 -0.249442 -0.657366 0.0315948 1 
0.998998 -0.0244655 -0.0372249 0 -0.0255862 -0.999215 -0.0299332 0 -0.0364641 0.0308562 -0.998858 0 -0.249537 -0.657308 0.0315136 1 
0.998993 -0.0246502 -0.0372276 0 -0.0257702 -0.999211 -0.0299104 0 -0.0364616 0.0308403 -0.998859 0 -0.249661 -0.657287 0.0314783 1 
0.998984 -0.0248303 -0.0373644 0 -0.0259368 -0.999221 -0.0294266 0 -0.0366053 0.0303664 -0.998868 0 -0.249815 -0.657365 0.0314728 1 
0.998974 -0.0250417 -0.0374746 0 -0.0261364 -0.999228 -0.0290134 0 -0.0367198 0.0299636 -0.998876 0 -0.249984 -0.657453 0.03147 1 
0.998963 -0.0253469 -0.0375678 0 -0.026432 -0.99923 -0.0286743 0 -0.0368127 0.0296381 -0.998883 0 -0.250196 -0.657572 0.0315021 1 
0.998947 -0.0258418 -0.0376552 0 -0.0269126 -0.99923 -0.0282134 0 -0.0368978 0.0291977 -0.998892 0 -0.250442 -0.657761 0.0315425 1 
0.99891 -0.0272114 -0.0376774 0 -0.0282566 -0.999213 -0.0274912 0 -0.0369004 0.0285264 -0.998912 0 -0.250688 -0.658068 0.031603 1 
0.99885 -0.0291262 -0.0378255 0 -0.030142 -0.999183 -0.0265663 0 -0.0370215 0.0276764 -0.998931 0 -0.250953 -0.658492 0.0316947 1 
0.998776 -0.0313946 -0.037956 0 -0.0323752 -0.999141 -0.0255025 0 -0.0371235 0.0267007 -0.998954 0 -0.251196 -0.659014 0.0317496 1 
0.998687 -0.0338992 -0.0381542 0 -0.0348435 -0.999086 -0.0243604 0 -0.0372943 0.0256583 -0.998975 0 -0.251425 -0.659624 0.0317403 1 
0.998597 -0.0362365 -0.0383702 0 -0.0371462 -0.999029 -0.0232658 0 -0.0374906 0.0246589 -0.998993 0 -0.251635 -0.660252 0.0316625 1 
0.998512 -0.0382686 -0.0385897 0 -0.0391499 -0.998974 -0.0223447 0 -0.0376957 0.0238228 -0.999005 0 -0.251857 -0.660828 0.0314783 1 
0.99844 -0.0398711 -0.0388298 0 -0.0407303 -0.998927 -0.0215939 0 -0.0379279 0.0231422 -0.999012 0 -0.252123 -0.661363 0.0311501 1 
0.998377 -0.0412918 -0.0389655 0 -0.042136 -0.998879 -0.0210973 0 -0.0380514 0.0227053 -0.999018 0 -0.252406 -0.661773 0.0306982 1 
0.998327 -0.0424585 -0.0390142 0 -0.043297 -0.998834 -0.020903 0 -0.038082 0.0225576 -0.99902 0 -0.252704 -0.66205 0.0300989 1 
0.998309 -0.0429403 -0.0389489 0 -0.0437843 -0.998809 -0.0210821 0 -0.0379979 0.0227523 -0.999019 0 -0.252961 -0.662142 0.0294148 1 
0.998298 -0.0433409 -0.0387672 0 -0.0441985 -0.998781 -0.0215437 0 -0.0377869 0.0232209 -0.999016 0 -0.253174 -0.662072 0.0286859 1 
0.998294 -0.0435945 -0.0385837 0 -0.0444694 -0.998756 -0.0221149 0 -0.0375724 0.0237934 -0.999011 0 -0.253316 -0.661891 0.0281119 1 
0.998294 -0.0437641 -0.0384026 0 -0.0446551 -0.998736 -0.0226581 0 -0.0373632 0.0243348 -0.999005 0 -0.253383 -0.661688 0.0276912 1 
0.998296 -0.043828 -0.0382834 0 -0.0447296 -0.998724 -0.0230201 0 -0.0372264 0.0246937 -0.999002 0 -0.253397 -0.661559 0.0274333 1 
0.998298 -0.0438102 -0.0382345 0 -0.0447167 -0.998721 -0.0231851 0 -0.0371705 0.0248558 -0.999 0 -0.253377 -0.66151 0.0273363 1 
0.998302 -0.0437274 -0.0382315 0 -0.0446329 -0.998725 -0.0231608 0 -0.0371707 0.0248283 -0.999 0 -0.253335 -0.661536 0.0273658 1 
0.998311 -0.0435081 -0.0382541 0 -0.0444124 -0.998736 -0.0231159 0 -0.0372008 0.0247762 -0.999001 0 -0.253235 -0.661592 0.0273991 1 
0.998322 -0.0432631 -0.0382501 0 -0.044169 -0.998746 -0.0231634 0 -0.0372007 0.0248145 -0.999 0 -0.25312 -0.661621 0.0273802 1 
0.998339 -0.042883 -0.0382227 0 -0.0437934 -0.998759 -0.023308 0 -0.0371764 0.0249437 -0.998997 0 -0.252995 -0.661621 0.0273344 1 
0.998379 -0.041974 -0.0381886 0 -0.0428938 -0.998791 -0.0235926 0 -0.0371529 0.0251929 -0.998992 0 -0.252855 -0.661576 0.0272578 1 
0.998437 -0.0405641 -0.0381844 0 -0.0414992 -0.99884 -0.0240236 0 -0.0371663 0.0255712 -0.998982 0 -0.252708 -0.661472 0.027123 1 
0.998492 -0.0393099 -0.0380681 0 -0.0402597 -0.998879 -0.0245138 0 -0.0370625 0.02601 -0.998974 0 -0.252533 -0.661331 0.0269408 1 
0.99855 -0.0379345 -0.0379357 0 -0.0389025 -0.998918 -0.0251138 0 -0.0369427 0.0265537 -0.998965 0 -0.25237 -0.661136 0.0267164 1 
0.998616 -0.0362491 -0.0378423 0 -0.0372374 -0.998965 -0.0257458 0 -0.0368706 0.0271198 -0.998952 0 -0.252256 -0.660917 0.0264849 1 
0.998682 -0.034535 -0.0377106 0 -0.0355383 -0.999013 -0.0262685 0 -0.0367669 0.0275745 -0.998943 0 -0.252196 -0.660722 0.0262958 1 
0.998728 -0.0332845 -0.0376225 0 -0.0342946 -0.99905 -0.0265271 0 -0.0367045 0.0277842 -0.99894 0 -0.252199 -0.660621 0.026208 1 
0.998756 -0.0324752 -0.0375757 0 -0.0334878 -0.999074 -0.0266401 0 -0.0366765 0.0278658 -0.998939 0 -0.252231 -0.660574 0.0261663 1 
0.998773 -0.0319839 -0.0375463 0 -0.0329988 -0.999088 -0.0267284 0 -0.0366579 0.0279351 -0.998937 0 -0.25225 -0.660537 0.0261253 1 
0.998787 -0.0315821 -0.0375117 0 -0.0325993 -0.999099 -0.0268221 0 -0.0366315 0.0280129 -0.998936 0 -0.252232 -0.660513 0.0260776 1 
0.998801 -0.0311856 -0.0374796 0 -0.0322072 -0.999108 -0.0269683 0 -0.0366059 0.0281436 -0.998933 0 -0.252205 -0.660475 0.0260011 1 
0.998822 -0.0306242 -0.0373775 0 -0.0316557 -0.999116 -0.0273235 0 -0.0365083 0.028475 -0.998928 0 -0.252166 -0.660345 0.0258382 1 
0.998844 -0.0301198 -0.0372061 0 -0.0311651 -0.999117 -0.0278417 0 -0.0363353 0.0289696 -0.99892 0 -0.252118 -0.660134 0.0255978 1 
0.998859 -0.0298695 -0.0370062 0 -0.0309307 -0.999107 -0.0284418 0 -0.0361243 0.0295545 -0.99891 0 -0.252095 -0.659874 0.0252999 1 
0.998872 -0.0296835 -0.0368121 0 -0.0307607 -0.999095 -0.0290501 0 -0.0359171 0.0301502 -0.9989 0 -0.252081 -0.659616 0.0249856 1 
0.998889 -0.0293768 -0.036598 0 -0.0304718 -0.999084 -0.0297288 0 -0.0356918 0.0308115 -0.998888 0 -0.252065 -0.659328 0.0246366 1 
0.998904 -0.0290991 -0.0364068 0 -0.0302082 -0.999075 -0.030293 0 -0.0354923 0.0313601 -0.998878 0 -0.252091 -0.659079 0.0243228 1 
0.998909 -0.0290581 -0.036281 0 -0.0301763 -0.999065 -0.0306612 0 -0.0353568 0.0317232 -0.998871 0 -0.252181 -0.658911 0.0240661 1 
0.998909 -0.0291942 -0.0361931 0 -0.0303177 -0.999053 -0.0308916 0 -0.0352577 0.0319558 -0.998867 0 -0.252271 -0.658797 0.0238834 1 
0.998905 -0.0293617 -0.0361545 0 -0.0304892 -0.999043 -0.0310366 0 -0.0352093 0.0321056 -0.998864 0 -0.252366 -0.658713 0.0237637 1 
0.998901 -0.0295522 -0.0361213 0 -0.030682 -0.999035 -0.0311342 0 -0.0351671 0.0322088 -0.998862 0 -0.252481 -0.658636 0.0236838 1 
0.998895 -0.0297724 -0.0361023 0 -0.0309031 -0.999026 -0.0311774 0 -0.0351396 0.0322593 -0.998862 0 -0.25262 -0.658569 0.0236422 1 
0.998888 -0.0300014 -0.036103 0 -0.0311314 -0.99902 -0.0311555 0 -0.0351335 0.0322455 -0.998862 0 -0.25276 -0.658528 0.0236419 1 
0.998878 -0.030307 -0.0361171 0 -0.031435 -0.999013 -0.0310828 0 -0.0351401 0.0321839 -0.998864 0 -0.25295 -0.658494 0.0236544 1 
0.99887 -0.0306005 -0.0361009 0 -0.0317275 -0.999004 -0.0310713 0 -0.0351148 0.0321822 -0.998865 0 -0.253109 -0.658452 0.023618 1 
0.998859 -0.030979 -0.0360754 0 -0.0321068 -0.99899 -0.0311161 0 -0.0350757 0.0322395 -0.998865 0 -0.253241 -0.658401 0.0235365 1 
0.998844 -0.0315105 -0.0360465 0 -0.0326398 -0.998971 -0.0311834 0 -0.0350275 0.0323246 -0.998863 0 -0.253328 -0.658355 0.0234315 1 
0.998821 -0.0322737 -0.0360001 0 -0.0334051 -0.998943 -0.0312833 0 -0.0349531 0.0324497 -0.998862 0 -0.253374 -0.658312 0.0232871 1 
0.998801 -0.0329794 -0.0359231 0 -0.0341123 -0.998915 -0.0313962 0 -0.0348494 0.0325846 -0.998861 0 -0.253393 -0.658281 0.0231019 1 
0.998781 -0.0336655 -0.0358258 0 -0.0347972 -0.99889 -0.031449 0 -0.034728 0.0326579 -0.998863 0 -0.253446 -0.658291 0.0228885 1 
0.998756 -0.0344119 -0.035815 0 -0.035542 -0.998865 -0.0314104 0 -0.0346941 0.0326449 -0.998865 0 -0.253538 -0.658356 0.0226723 1 
0.998718 -0.0354828 -0.0358271 0 -0.0366091 -0.99883 -0.0312862 0 -0.0346757 0.0325583 -0.998868 0 -0.253665 -0.658459 0.022447 1 
0.998672 -0.0366866 -0.0358918 0 -0.0378075 -0.998792 -0.0310676 0 -0.0347094 0.032384 -0.998873 0 -0.253833 -0.658606 0.0222415 1 
0.998644 -0.0373875 -0.0359519 0 -0.0385046 -0.998771 -0.030898 0 -0.0347532 0.0322411 -0.998876 0 -0.25399 -0.65875 0.0220148 1 
0.998626 -0.0378604 -0.0359721 0 -0.0389737 -0.998757 -0.0307684 0 -0.0347632 0.0321287 -0.998879 0 -0.254165 -0.658882 0.0217437 1 
0.998606 -0.0383698 -0.0359861 0 -0.03948 -0.99874 -0.0306644 0 -0.0347648 0.032043 -0.998882 0 -0.254363 -0.659006 0.0214292 1 
0.998589 -0.0387951 -0.0359969 0 -0.0399026 -0.998726 -0.0305755 0 -0.0347655 0.0319694 -0.998884 0 -0.254564 -0.659126 0.0211063 1 
0.998579 -0.0390608 -0.035992 0 -0.0401666 -0.998717 -0.0305305 0 -0.034754 0.0319334 -0.998886 0 -0.254738 -0.659246 0.0207523 1 
0.998574 -0.0392172 -0.0359554 0 -0.0403269 -0.998706 -0.0306748 0 -0.0347065 0.0320816 -0.998882 0 -0.254884 -0.659287 0.0203203 1 
0.998571 -0.0393848 -0.0358415 0 -0.0405017 -0.998689 -0.0309893 0 -0.0345747 0.0323973 -0.998877 0 -0.254988 -0.659224 0.0198716 1 
0.998572 -0.0394909 -0.035707 0 -0.040617 -0.998672 -0.0313815 0 -0.0344209 0.0327876 -0.998869 0 -0.255041 -0.659116 0.0194589 1 
0.998574 -0.0395557 -0.0355711 0 -0.0406916 -0.998656 -0.0317991 0 -0.0342661 0.0332019 -0.998861 0 -0.255048 -0.658975 0.0191282 1 
0.998578 -0.0395461 -0.0354778 0 -0.040688 -0.998648 -0.0320624 0 -0.0341625 0.033461 -0.998856 0 -0.255019 -0.658892 0.018927 1 
0.998582 -0.03948 -0.0354465 0 -0.0406224 -0.998649 -0.0321088 0 -0.0341316 0.0335038 -0.998856 0 -0.254976 -0.658891 0.0188914 1 
0.998585 -0.0393667 -0.0354837 0 -0.0405064 -0.998657 -0.0319935 0 -0.0341773 0.0333862 -0.998858 0 -0.254929 -0.658955 0.0189617 1 
0.99859 -0.0391753 -0.0355531 0 -0.0403103 -0.998672 -0.0317897 0 -0.0342612 0.0331787 -0.998862 0 -0.254861 -0.659079 0.0190639 1 
0.9986 -0.0388659 -0.0356167 0 -0.0399972 -0.99869 -0.0316185 0 -0.0343418 0.0329994 -0.998865 0 -0.25475 -0.659209 0.0191402 1 
0.998618 -0.0383806 -0.0356435 0 -0.0395108 -0.998711 -0.0315653 0 -0.0343867 0.0329306 -0.998866 0 -0.25464 -0.659283 0.0191888 1 
0.998651 -0.0375178 -0.0356372 0 -0.0386492 -0.998743 -0.0316083 0 -0.0344072 0.0329436 -0.998865 0 -0.254532 -0.659321 0.0191905 1 
0.998683 -0.036686 -0.0355938 0 -0.0378203 -0.998771 -0.0317369 0 -0.0343864 0.0330419 -0.998862 0 -0.254466 -0.659307 0.0191394 1 
0.998699 -0.0362161 -0.0356204 0 -0.0373538 -0.998786 -0.0318079 0 -0.0344259 0.0330977 -0.998859 0 -0.254448 -0.659297 0.0191196 1 
0.99872 -0.0355775 -0.0356849 0 -0.0367192 -0.998808 -0.0318659 0 -0.0345093 0.0331361 -0.998855 0 -0.254446 -0.659293 0.0191184 1 
0.998748 -0.0348097 -0.0356558 0 -0.0359517 -0.998835 -0.0319035 0 -0.0345044 0.0331461 -0.998855 0 -0.254431 -0.659294 0.0191146 1 
0.99878 -0.0339345 -0.0356009 0 -0.0350782 -0.998862 -0.0320092 0 -0.0344749 0.0332196 -0.998853 0 -0.254403 -0.65927 0.0190746 1 
0.99881 -0.0331074 -0.0355342 0 -0.0342541 -0.998886 -0.0321593 0 -0.0344305 0.0333388 -0.998851 0 -0.254354 -0.659228 0.019021 1 
0.99883 -0.0325646 -0.0354864 0 -0.0337137 -0.9989 -0.0322789 0 -0.0343969 0.0334382 -0.998849 0 -0.254319 -0.659193 0.0189788 1 
0.998844 -0.032172 -0.0354328 0 -0.0333232 -0.99891 -0.0323945 0 -0.0343526 0.0335385 -0.998847 0 -0.254276 -0.659157 0.0189375 1 
0.998859 -0.0317621 -0.0353887 0 -0.0329162 -0.998919 -0.0325211 0 -0.0343182 0.0336495 -0.998844 0 -0.254202 -0.659127 0.0188909 1 
0.998871 -0.0313979 -0.0353888 0 -0.0325531 -0.99893 -0.032555 0 -0.0343294 0.0336709 -0.998843 0 -0.254156 -0.659136 0.0188844 1 
0.998875 -0.0312607 -0.0353895 0 -0.0324156 -0.998935 -0.032544 0 -0.0343351 0.0336552 -0.998844 0 -0.254151 -0.659143 0.0188964 1 
0.998875 -0.0312354 -0.0354006 0 -0.032389 -0.998937 -0.0324976 0 -0.0343486 0.0336083 -0.998845 0 -0.254156 -0.659158 0.0189279 1 
0.998875 -0.031233 -0.03542 0 -0.0323859 -0.998939 -0.0324541 0 -0.0343694 0.0335653 -0.998845 0 -0.254162 -0.659173 0.01896 1 
0.998873 -0.0312626 -0.0354381 0 -0.0324149 -0.998939 -0.0324221 0 -0.0343875 0.033535 -0.998846 0 -0.254186 -0.659175 0.0189878 1 
0.998871 -0.0312948 -0.0354669 0 -0.0324465 -0.998939 -0.0323773 0 -0.0344167 0.0334922 -0.998846 0 -0.254221 -0.659179 0.0190202 1 
0.998867 -0.0313815 -0.0355028 0 -0.0325322 -0.998939 -0.0323121 0 -0.0344518 0.0334311 -0.998847 0 -0.254284 -0.65918 0.0190727 1 
0.998862 -0.0315029 -0.0355281 0 -0.032652 -0.998937 -0.0322393 0 -0.0344753 0.0333633 -0.998849 0 -0.254373 -0.659171 0.0191283 1 
0.998858 -0.0316094 -0.0355571 0 -0.0327564 -0.998937 -0.0321489 0 -0.0345038 0.0332775 -0.99885 0 -0.254452 -0.659173 0.019193 1 
0.998855 -0.0316758 -0.0355818 0 -0.0328215 -0.998936 -0.0320897 0 -0.0345282 0.0332214 -0.998851 0 -0.254501 -0.659176 0.0192445 1 
0.998855 -0.0316804 -0.0355918 0 -0.0328252 -0.998937 -0.032054 0 -0.0345392 0.0331862 -0.998852 0 -0.254503 -0.659188 0.0192702 1 
0.998855 -0.0316576 -0.0355905 0 -0.032802 -0.998938 -0.032042 0 -0.034539 0.0331734 -0.998853 0 -0.254489 -0.659197 0.019279 1 
0.998855 -0.0316649 -0.0355879 0 -0.0328096 -0.998938 -0.0320559 0 -0.0345357 0.0331874 -0.998852 0 -0.254491 -0.659191 0.0192727 1 
0.998856 -0.0316602 -0.0355743 0 -0.0328054 -0.998937 -0.0320835 0 -0.0345213 0.0332145 -0.998852 0 -0.254486 -0.659182 0.0192588 1 
0.998856 -0.0316428 -0.03557 0 -0.032788 -0.998938 -0.032086 0 -0.0345176 0.0332162 -0.998852 0 -0.254472 -0.659186 0.0192596 1 
0.998857 -0.0316211 -0.035574 0 -0.0327659 -0.998939 -0.0320713 0 -0.0345227 0.0332009 -0.998852 0 -0.254461 -0.659196 0.0192687 1 
0.998857 -0.0316241 -0.0355702 0 -0.0327688 -0.998939 -0.0320722 0 -0.0345189 0.0332018 -0.998852 0 -0.254461 -0.659195 0.0192699 1 
0.998858 -0.0315999 -0.0355514 0 -0.0327455 -0.998938 -0.0321173 0 -0.0344994 0.0332455 -0.998852 0 -0.254439 -0.659184 0.0192481 1 
0.998858 -0.0315999 -0.0355597 0 -0.0327458 -0.998938 -0.032118 0 -0.0345077 0.0332464 -0.998851 0 -0.254441 -0.659182 0.0192536 1 
0.998858 -0.0316084 -0.0355625 0 -0.0327539 -0.998938 -0.0321025 0 -0.0345107 0.0332313 -0.998852 0 -0.254445 -0.659186 0.0192633 1 
0.998858 -0.0315952 -0.0355585 0 -0.0327405 -0.998939 -0.0321001 0 -0.0345072 0.0332283 -0.998852 0 -0.254435 -0.65919 0.0192616 1 
0.998859 -0.0315615 -0.0355611 0 -0.032706 -0.998941 -0.0320756 0 -0.0345117 0.0332027 -0.998853 0 -0.254417 -0.659205 0.019279 1 
0.99886 -0.0315187 -0.0355737 0 -0.0326621 -0.998943 -0.0320316 0 -0.0345272 0.0331577 -0.998854 0 -0.254388 -0.659231 0.0193073 1 
0.998861 -0.031471 -0.0355958 0 -0.0326133 -0.998947 -0.0319772 0 -0.0345526 0.0331023 -0.998855 0 -0.254364 -0.659261 0.0193528 1 
0.998862 -0.0314375 -0.0356101 0 -0.032578 -0.99895 -0.0319128 0 -0.0345702 0.0330372 -0.998856 0 -0.254343 -0.65929 0.0193984 1 
0.998861 -0.0314077 -0.0356411 0 -0.032546 -0.998954 -0.031819 0 -0.0346052 0.0329434 -0.998858 0 -0.254335 -0.659327 0.0194691 1 
0.998861 -0.0313816 -0.0356733 0 -0.0325177 -0.998958 -0.0317253 0 -0.0346412 0.0328498 -0.99886 0 -0.254323 -0.659366 0.0195473 1 
0.99886 -0.0313816 -0.0357014 0 -0.032516 -0.99896 -0.0316496 0 -0.0346717 0.032775 -0.998861 0 -0.25433 -0.659392 0.0196154 1 
0.99886 -0.031381 -0.0356978 0 -0.0325162 -0.998959 -0.031679 0 -0.0346672 0.0328043 -0.99886 0 -0.254333 -0.65939 0.0196588 1 
0.998861 -0.0313909 -0.035673 0 -0.0325289 -0.998956 -0.0317819 0 -0.0346387 0.0329067 -0.998858 0 -0.254332 -0.659374 0.0196953 1 
0.998861 -0.0313823 -0.0356795 0 -0.0325198 -0.998957 -0.0317599 0 -0.0346463 0.0328846 -0.998858 0 -0.254328 -0.659384 0.0197226 1 
0.998861 -0.031378 -0.0356766 0 -0.0325158 -0.998956 -0.0317714 0 -0.0346431 0.0328959 -0.998858 0 -0.254323 -0.659379 0.0197317 1 
0.998861 -0.0313838 -0.0356646 0 -0.0325228 -0.998955 -0.0318155 0 -0.0346295 0.0329398 -0.998857 0 -0.25432 -0.659355 0.019724 1 
0.998861 -0.0313982 -0.0356675 0 -0.0325378 -0.998954 -0.0318333 0 -0.0346314 0.0329583 -0.998857 0 -0.25433 -0.65934 0.0197221 1 
0.99886 -0.0314152 -0.0356672 0 -0.0325553 -0.998953 -0.0318464 0 -0.0346301 0.0329719 -0.998856 0 -0.254344 -0.65933 0.0197212 1 
0.998859 -0.0314409 -0.0356714 0 -0.0325815 -0.998952 -0.0318568 0 -0.0346331 0.0329833 -0.998856 0 -0.254358 -0.659318 0.0197226 1 
0.998858 -0.0314854 -0.0356711 0 -0.0326263 -0.99895 -0.0318671 0 -0.0346309 0.0329951 -0.998855 0 -0.254388 -0.659302 0.0197192 1 
0.998856 -0.031555 -0.0356641 0 -0.0326971 -0.998946 -0.0319053 0 -0.0346204 0.0330356 -0.998854 0 -0.254432 -0.659267 0.0197076 1 
0.998853 -0.0316791 -0.0356432 0 -0.032824 -0.998939 -0.0320058 0 -0.0345921 0.0331396 -0.998852 0 -0.254502 -0.659192 0.0196672 1 
0.99885 -0.0318144 -0.0356058 0 -0.0329614 -0.998931 -0.0321051 0 -0.034547 0.0332424 -0.99885 0 -0.254573 -0.659115 0.0196235 1 
0.998848 -0.0319052 -0.0355778 0 -0.0330549 -0.998925 -0.0322106 0 -0.0345125 0.0333502 -0.998848 0 -0.254623 -0.659044 0.0195826 1 
0.998847 -0.0319667 -0.0355465 0 -0.0331184 -0.99892 -0.0322985 0 -0.0344763 0.0334391 -0.998846 0 -0.254655 -0.658986 0.019551 1 
0.998847 -0.0320173 -0.035514 0 -0.0331711 -0.998915 -0.032391 0 -0.0344391 0.0335324 -0.998844 0 -0.254671 -0.658935 0.0195077 1 
0.998847 -0.0320198 -0.035486 0 -0.0331755 -0.998912 -0.0324702 0 -0.0344084 0.0336107 -0.998843 0 -0.254659 -0.658899 0.0194746 1 
0.998847 -0.0320226 -0.035495 0 -0.0331778 -0.998913 -0.0324478 0 -0.034418 0.0335887 -0.998843 0 -0.254665 -0.658904 0.0194935 1 
0.998845 -0.0320712 -0.0355143 0 -0.0332259 -0.998912 -0.0324167 0 -0.0344367 0.0335599 -0.998843 0 -0.254703 -0.6589 0.0195253 1 
0.998842 -0.032133 -0.0355252 0 -0.0332873 -0.998911 -0.0323904 0 -0.0344463 0.0335361 -0.998844 0 -0.254747 -0.658892 0.0195481 1 
0.99884 -0.0321893 -0.0355399 0 -0.0333422 -0.998911 -0.0323372 0 -0.034461 0.0334853 -0.998845 0 -0.254787 -0.658895 0.0195875 1 
0.998838 -0.0322078 -0.0355683 0 -0.0333586 -0.998913 -0.0322499 0 -0.0344916 0.0333996 -0.998847 0 -0.254811 -0.658917 0.0196536 1 
0.998838 -0.0322029 -0.0355903 0 -0.0333519 -0.998916 -0.0321758 0 -0.0345163 0.033326 -0.998848 0 -0.25481 -0.658943 0.0197103 1 
0.998837 -0.032189 -0.0356165 0 -0.033336 -0.998919 -0.0320923 0 -0.0345457 0.0332429 -0.99885 0 -0.254807 -0.658973 0.0197765 1 
0.998836 -0.0321999 -0.0356517 0 -0.0333447 -0.998922 -0.031995 0 -0.0345837 0.0331471 -0.998852 0 -0.254826 -0.659002 0.0198521 1 
0.998834 -0.0322152 -0.0356788 0 -0.0333584 -0.998924 -0.0319243 0 -0.0346126 0.0330779 -0.998853 0 -0.254841 -0.659022 0.0199078 1 
0.998833 -0.0322243 -0.0356986 0 -0.0333664 -0.998925 -0.0318712 0 -0.0346339 0.0330258 -0.998854 0 -0.254855 -0.659035 0.0199534 1 
0.998833 -0.0322259 -0.0357005 0 -0.0333679 -0.998925 -0.0318696 0 -0.0346358 0.0330243 -0.998854 0 -0.254855 -0.659036 0.0199719 1 
0.998834 -0.0322209 -0.0356721 0 -0.0333648 -0.998923 -0.0319507 0 -0.0346049 0.0331043 -0.998853 0 -0.254841 -0.659001 0.0199426 1 
0.998835 -0.0322462 -0.0356414 0 -0.0333931 -0.998918 -0.0320663 0 -0.0345695 0.0332198 -0.99885 0 -0.254844 -0.658942 0.0198967 1 
0.998836 -0.0322612 -0.0355796 0 -0.0334123 -0.998912 -0.0322494 0 -0.0345012 0.0334014 -0.998846 0 -0.25483 -0.658859 0.0198208 1 
0.998838 -0.0322732 -0.0355101 0 -0.0334291 -0.998904 -0.0324524 0 -0.0344246 0.0336024 -0.998842 0 -0.254806 -0.658766 0.0197365 1 
0.998839 -0.0323305 -0.0354339 0 -0.0334915 -0.998895 -0.0326755 0 -0.034339 0.0338249 -0.998838 0 -0.254808 -0.658655 0.0196423 1 
0.99884 -0.0323606 -0.0353737 0 -0.0335257 -0.998888 -0.032853 0 -0.0342719 0.0340015 -0.998834 0 -0.25481 -0.658568 0.0195645 1 
0.998841 -0.0323941 -0.0353365 0 -0.0335617 -0.998883 -0.0329637 0 -0.0342298 0.0341121 -0.998832 0 -0.254814 -0.658512 0.019516 1 
0.99884 -0.0324193 -0.035331 0 -0.0335872 -0.998882 -0.0329786 0 -0.034223 0.0341277 -0.998831 0 -0.254827 -0.658498 0.0195116 1 
0.998839 -0.0324386 -0.0353323 0 -0.0336066 -0.998881 -0.032979 0 -0.0342236 0.0341288 -0.998831 0 -0.254841 -0.658493 0.0195134 1 
0.998839 -0.0324373 -0.035334 0 -0.0336048 -0.998882 -0.0329631 0 -0.0342259 0.0341129 -0.998832 0 -0.254841 -0.658498 0.0195197 1 
0.998839 -0.0324292 -0.0353379 0 -0.0335961 -0.998883 -0.0329436 0 -0.0342308 0.0340932 -0.998832 0 -0.254837 -0.658506 0.0195323 1 
0.99884 -0.0324269 -0.0353394 0 -0.0335937 -0.998883 -0.0329381 0 -0.0342325 0.0340877 -0.998832 0 -0.254832 -0.65851 0.0195372 1 
0.998839 -0.0324461 -0.0353432 0 -0.0336129 -0.998883 -0.0329336 0 -0.0342358 0.034084 -0.998832 0 -0.254847 -0.658506 0.0195424 1 
0.998838 -0.0324755 -0.0353482 0 -0.0336422 -0.998882 -0.0329257 0 -0.0342401 0.0340772 -0.998832 0 -0.254866 -0.658502 0.0195505 1 
0.998838 -0.0324821 -0.0353453 0 -0.033649 -0.998881 -0.0329338 0 -0.0342367 0.0340855 -0.998832 0 -0.254867 -0.658499 0.0195444 1 
0.998838 -0.0324797 -0.0353425 0 -0.0336465 -0.998881 -0.0329363 0 -0.0342338 0.0340878 -0.998832 0 -0.254867 -0.658498 0.0195416 1 
0.998837 -0.0324873 -0.0353425 0 -0.0336543 -0.998881 -0.0329396 0 -0.0342335 0.0340913 -0.998832 0 -0.254871 -0.658495 0.01954 1 
0.998838 -0.0324869 -0.0353398 0 -0.0336537 -0.998881 -0.0329383 0 -0.0342308 0.03409 -0.998832 0 -0.25487 -0.658496 0.0195404 1 
0.998838 -0.0324851 -0.0353399 0 -0.0336518 -0.998881 -0.0329333 0 -0.0342312 0.0340849 -0.998833 0 -0.254864 -0.658499 0.0195428 1 
0.998837 -0.032495 -0.0353444 0 -0.0336617 -0.998881 -0.0329305 0 -0.0342354 0.0340826 -0.998832 0 -0.254871 -0.658498 0.0195446 1 
0.998837 -0.0324943 -0.0353416 0 -0.033661 -0.998881 -0.0329331 0 -0.0342326 0.0340851 -0.998832 0 -0.254869 -0.658498 0.0195435 1 
0.998837 -0.0324971 -0.0353494 0 -0.0336635 -0.998881 -0.0329171 0 -0.0342408 0.0340695 -0.998833 0 -0.254873 -0.658502 0.019551 1 
0.998836 -0.0325131 -0.0353521 0 -0.0336796 -0.998881 -0.0329171 0 -0.034243 0.0340701 -0.998833 0 -0.254885 -0.658498 0.0195541 1 
0.998836 -0.0325151 -0.035347 0 -0.0336813 -0.998881 -0.0329148 0 -0.0342379 0.0340677 -0.998833 0 -0.254885 -0.658498 0.019554 1 
0.998837 -0.0325052 -0.0353466 0 -0.0336711 -0.998882 -0.032905 0 -0.0342381 0.0340576 -0.998833 0 -0.254877 -0.658505 0.0195607 1 
0.998837 -0.0324983 -0.0353464 0 -0.033664 -0.998882 -0.0328991 0 -0.0342384 0.0340514 -0.998833 0 -0.25487 -0.658508 0.0195622 1 
