0.998 0.0323402 -0.0541289 0 0.0317962 -0.999426 -0.0108817 0 -0.0544508 0.00913901 -0.998475 0 -0.230721 -0.43234 0.544376 1 
0.998 0.0323531 -0.054128 0 0.0318087 -0.999425 -0.0108899 0 -0.0544502 0.00914659 -0.998475 0 -0.230714 -0.432344 0.544371 1 
0.998001 0.0323341 -0.0541275 0 0.03179 -0.999426 -0.0108835 0 -0.0544494 0.00914121 -0.998475 0 -0.230721 -0.432341 0.544374 1 
0.998 0.0323476 -0.0541294 0 0.0318034 -0.999425 -0.0108849 0 -0.0544514 0.00914178 -0.998475 0 -0.230717 -0.432343 0.544374 1 
0.998001 0.0323415 -0.0541258 0 0.0317971 -0.999425 -0.010889 0 -0.054448 0.00914635 -0.998475 0 -0.230721 -0.432342 0.544371 1 
0.998 0.0323463 -0.05413 0 0.0318024 -0.999425 -0.0108805 0 -0.0544519 0.00913747 -0.998475 0 -0.230719 -0.432342 0.544376 1 
0.998 0.0323473 -0.0541313 0 0.031803 -0.999425 -0.0108867 0 -0.0544534 0.00914355 -0.998474 0 -0.23072 -0.432343 0.544373 1 
0.998 0.0323483 -0.054129 0 0.0318043 -0.999425 -0.0108804 0 -0.0544509 0.00913733 -0.998475 0 -0.230717 -0.432343 0.544376 1 
0.998 0.0323453 -0.0541288 0 0.0318012 -0.999425 -0.0108834 0 -0.0544507 0.00914049 -0.998475 0 -0.230719 -0.432343 0.544374 1 
0.998 0.0323472 -0.0541261 0 0.0318029 -0.999425 -0.0108883 0 -0.0544482 0.00914533 -0.998475 0 -0.230717 -0.432344 0.544372 1 
0.998 0.0323443 -0.0541304 0 0.0318002 -0.999425 -0.010882 0 -0.0544523 0.00913904 -0.998475 0 -0.230717 -0.432342 0.544376 1 
0.998 0.032341 -0.0541292 0 0.0317968 -0.999425 -0.0108833 0 -0.0544511 0.00914063 -0.998475 0 -0.230719 -0.432342 0.544374 1 
0.998 0.032353 -0.054129 0 0.0318088 -0.999425 -0.0108866 0 -0.0544511 0.00914325 -0.998475 0 -0.230715 -0.432345 0.544373 1 
0.998 0.0323458 -0.0541273 0 0.0318017 -0.999425 -0.0108846 0 -0.0544493 0.00914166 -0.998475 0 -0.230719 -0.432342 0.544374 1 
0.998 0.0323417 -0.0541275 0 0.0317975 -0.999425 -0.0108859 0 -0.0544495 0.00914323 -0.998475 0 -0.23072 -0.432342 0.544373 1 
0.998 0.032347 -0.0541326 0 0.0318028 -0.999425 -0.0108848 0 -0.0544546 0.0091416 -0.998474 0 -0.230718 -0.432343 0.544374 1 
0.998001 0.03234 -0.0541274 0 0.0317957 -0.999425 -0.0108867 0 -0.0544495 0.00914406 -0.998475 0 -0.23072 -0.432342 0.544373 1 
0.998 0.0323462 -0.0541267 0 0.0318019 -0.999425 -0.0108877 0 -0.0544488 0.00914475 -0.998475 0 -0.230719 -0.432343 0.544372 1 
0.998 0.0323469 -0.0541286 0 0.0318027 -0.999425 -0.0108848 0 -0.0544506 0.00914179 -0.998475 0 -0.230717 -0.432344 0.544374 1 
0.998 0.0323485 -0.0541259 0 0.0318041 -0.999425 -0.0108884 0 -0.054448 0.00914535 -0.998475 0 -0.230719 -0.432343 0.544371 1 
0.998 0.0323472 -0.0541286 0 0.031803 -0.999425 -0.0108863 0 -0.0544507 0.00914322 -0.998475 0 -0.230718 -0.432343 0.544373 1 
0.998 0.0323417 -0.0541296 0 0.0317977 -0.999425 -0.010882 0 -0.0544515 0.00913918 -0.998475 0 -0.230719 -0.432342 0.544375 1 
0.998001 0.0323438 -0.0541254 0 0.0317995 -0.999425 -0.010888 0 -0.0544475 0.00914526 -0.998475 0 -0.230718 -0.432343 0.544371 1 
0.998 0.0323472 -0.0541262 0 0.0318029 -0.999425 -0.0108871 0 -0.0544483 0.0091441 -0.998475 0 -0.230719 -0.432342 0.544372 1 
0.998 0.0323527 -0.0541284 0 0.0318085 -0.999425 -0.0108853 0 -0.0544505 0.00914201 -0.998475 0 -0.230717 -0.432343 0.544374 1 
0.998 0.0323474 -0.0541261 0 0.031803 -0.999425 -0.0108897 0 -0.0544482 0.00914672 -0.998475 0 -0.230719 -0.432342 0.544371 1 
0.998 0.0323435 -0.0541276 0 0.0317993 -0.999425 -0.0108845 0 -0.0544496 0.0091417 -0.998475 0 -0.230717 -0.432343 0.544374 1 
0.998 0.0323468 -0.0541278 0 0.0318025 -0.999425 -0.0108867 0 -0.0544499 0.00914371 -0.998475 0 -0.230718 -0.432343 0.544373 1 
0.998 0.0323464 -0.0541284 0 0.0318023 -0.999425 -0.0108837 0 -0.0544504 0.0091407 -0.998475 0 -0.230718 -0.432343 0.544374 1 
0.998 0.0323466 -0.054128 0 0.0318023 -0.999425 -0.0108874 0 -0.0544501 0.0091444 -0.998475 0 -0.230719 -0.432343 0.544372 1 
0.998 0.0323495 -0.05413 0 0.0318051 -0.999425 -0.0108878 0 -0.0544522 0.00914461 -0.998475 0 -0.230717 -0.432343 0.544373 1 
0.998001 0.0323383 -0.0541284 0 0.031794 -0.999426 -0.0108858 0 -0.0544504 0.00914327 -0.998475 0 -0.230719 -0.432342 0.544373 1 
0.998 0.032352 -0.054126 0 0.0318076 -0.999425 -0.0108906 0 -0.0544483 0.00914739 -0.998475 0 -0.230716 -0.432345 0.54437 1 
0.998 0.0323468 -0.0541264 0 0.0318025 -0.999425 -0.0108875 0 -0.0544485 0.00914458 -0.998475 0 -0.230719 -0.432343 0.544372 1 
0.998 0.0323398 -0.054129 0 0.0317958 -0.999426 -0.0108827 0 -0.0544508 0.00914 -0.998475 0 -0.230719 -0.432342 0.544375 1 
0.998001 0.0323378 -0.0541288 0 0.0317938 -0.999426 -0.0108818 0 -0.0544506 0.00913922 -0.998475 0 -0.230719 -0.432343 0.544375 1 
0.998001 0.0323301 -0.0541269 0 0.0317858 -0.999426 -0.010886 0 -0.0544488 0.00914391 -0.998475 0 -0.230727 -0.432338 0.544373 1 
0.998003 0.0322863 -0.0541222 0 0.0317419 -0.999427 -0.0108879 0 -0.0544438 0.00914838 -0.998475 0 -0.230746 -0.432329 0.544371 1 
0.998001 0.0323317 -0.0541326 0 0.0317878 -0.999426 -0.0108787 0 -0.0544543 0.00913639 -0.998474 0 -0.230725 -0.432338 0.544377 1 
0.998001 0.0323195 -0.0541255 0 0.0317752 -0.999426 -0.0108875 0 -0.0544474 0.00914602 -0.998475 0 -0.230731 -0.432337 0.544371 1 
0.998001 0.0323152 -0.0541356 0 0.0317715 -0.999426 -0.010874 0 -0.0544569 0.00913247 -0.998474 0 -0.230732 -0.432337 0.544379 1 
0.998003 0.0322648 -0.0541327 0 0.0317208 -0.999428 -0.0108791 0 -0.0544538 0.0091404 -0.998474 0 -0.230758 -0.432322 0.544377 1 
0.998002 0.0322618 -0.0541425 0 0.0317187 -0.999428 -0.0108602 0 -0.0544629 0.00912135 -0.998474 0 -0.230759 -0.432322 0.544386 1 
0.998001 0.0322959 -0.0541494 0 0.0317533 -0.999427 -0.0108524 0 -0.0544699 0.00911145 -0.998474 0 -0.230742 -0.432333 0.544389 1 
0.998001 0.0323159 -0.0541424 0 0.031773 -0.999427 -0.0108579 0 -0.0544633 0.00911607 -0.998474 0 -0.230729 -0.432333 0.544388 1 
0.998003 0.0322443 -0.0541334 0 0.0317012 -0.999429 -0.0108612 0 -0.0544537 0.00912358 -0.998475 0 -0.230761 -0.432316 0.544384 1 
0.998001 0.0323221 -0.0541282 0 0.0317784 -0.999426 -0.0108758 0 -0.0544497 0.0091341 -0.998475 0 -0.23073 -0.432344 0.544373 1 
0.998005 0.0322618 -0.0540882 0 0.0317144 -0.999427 -0.0109495 0 -0.0544115 0.00921247 -0.998476 0 -0.230765 -0.432337 0.54433 1 
0.998008 0.0321997 -0.0540749 0 0.0316516 -0.999429 -0.0109627 0 -0.0543981 0.00922947 -0.998477 0 -0.230798 -0.432328 0.544318 1 
0.997967 0.032242 -0.0547934 0 0.0317588 -0.999439 -0.00966616 0 -0.0550754 0.00790649 -0.998451 0 -0.230918 -0.432635 0.544516 1 
0.997868 0.0320815 -0.0566638 0 0.0317772 -0.999466 -0.0062642 0 -0.0568356 0.00445032 -0.998374 0 -0.231406 -0.433564 0.545685 1 
0.997783 0.0316138 -0.058403 0 0.0314836 -0.99949 -0.00314718 0 -0.0584738 0.00130149 -0.998288 0 -0.232137 -0.434717 0.547326 1 
0.997722 0.0303249 -0.0601009 0 0.0303721 -0.999529 -0.000127188 0 -0.0600777 -0.00169853 -0.998192 0 -0.233386 -0.436006 0.548902 1 
0.997698 0.0281229 -0.0615572 0 0.0283188 -0.999587 0.00231245 0 -0.0614679 -0.00405043 -0.998101 0 -0.235313 -0.437583 0.550156 1 
0.997714 0.0241734 -0.0629497 0 0.0244697 -0.999683 0.00393998 0 -0.0628357 -0.00547145 -0.998009 0 -0.238388 -0.439309 0.550965 1 
0.997811 0.0183424 -0.0633866 0 0.0185924 -0.999812 0.00335766 0 -0.0633143 -0.00452891 -0.997983 0 -0.242824 -0.441348 0.550493 1 
0.997892 0.0112849 -0.0637509 0 0.0114985 -0.99992 0.00298414 0 -0.0637133 -0.00371096 -0.997961 0 -0.248153 -0.443759 0.549887 1 
0.997933 0.00319695 -0.0640297 0 0.00337652 -0.999981 0.00269635 0 -0.0640211 -0.00290703 -0.997944 0 -0.254721 -0.447215 0.548403 1 
0.997895 -0.00582406 -0.0644375 0 -0.00566534 -0.999971 0.00264569 0 -0.0644522 -0.00227511 -0.997918 0 -0.262227 -0.451178 0.546654 1 
0.997775 -0.0154028 -0.0647258 0 -0.0152785 -0.999871 0.00241616 0 -0.0647559 -0.0014219 -0.9979 0 -0.270662 -0.455977 0.54444 1 
0.997599 -0.0241351 -0.0647716 0 -0.0240762 -0.999699 0.00168943 0 -0.0647942 -0.000125914 -0.997899 0 -0.279273 -0.46164 0.541495 1 
0.997342 -0.0319497 -0.0653313 0 -0.0318944 -0.99948 0.00189029 0 -0.0653589 0.000198442 -0.997862 0 -0.287831 -0.467855 0.538095 1 
0.997052 -0.0384391 -0.0662669 0 -0.0383387 -0.999251 0.00278599 0 -0.0663257 -0.000237191 -0.997798 0 -0.296122 -0.474706 0.534077 1 
0.996762 -0.0436885 -0.0673642 0 -0.0435237 -0.999035 0.00391236 0 -0.0674714 -0.000967773 -0.997721 0 -0.304535 -0.482743 0.528748 1 
0.996671 -0.0454861 -0.0675121 0 -0.0453832 -0.998955 0.00305741 0 -0.0675819 1.66833e-05 -0.997714 0 -0.312396 -0.490932 0.521875 1 
0.996921 -0.0392182 -0.0677644 0 -0.0391796 -0.999221 0.00189885 0 -0.0677874 0.000762002 -0.997699 0 -0.320161 -0.499331 0.513783 1 
0.997238 -0.0285577 -0.0684273 0 -0.0285359 -0.999582 0.00129696 0 -0.068437 0.000659267 -0.997655 0 -0.32803 -0.50774 0.504941 1 
0.997401 -0.0199025 -0.0691058 0 -0.0198825 -0.999792 0.00097706 0 -0.0691122 0.000399481 -0.997609 0 -0.335757 -0.515925 0.495219 1 
0.997512 -0.0135748 -0.0690402 0 -0.0136335 -0.999897 -0.000379419 0 -0.0690293 0.00131976 -0.997614 0 -0.343353 -0.52401 0.484327 1 
0.997537 -0.0110218 -0.069132 0 -0.0110938 -0.999929 -0.000658405 0 -0.0691211 0.00142375 -0.997607 0 -0.350762 -0.532128 0.473043 1 
0.997503 -0.0130052 -0.0692751 0 -0.0130624 -0.999905 -0.000372117 0 -0.069265 0.00127611 -0.997597 0 -0.358023 -0.540207 0.46135 1 
0.997508 -0.0144391 -0.0689138 0 -0.0145436 -0.999884 -0.00101486 0 -0.0688925 0.00201462 -0.997622 0 -0.364461 -0.547804 0.449637 1 
0.997529 -0.0147755 -0.0685505 0 -0.0149162 -0.999878 -0.00154091 0 -0.0685207 0.00255966 -0.997646 0 -0.37025 -0.555648 0.437317 1 
0.99756 -0.0144524 -0.0681565 0 -0.0146354 -0.999881 -0.00218573 0 -0.0681181 0.00317796 -0.997672 0 -0.37516 -0.562926 0.42548 1 
0.997572 -0.0135021 -0.0681827 0 -0.0136745 -0.999895 -0.00206339 0 -0.068149 0.00299081 -0.997671 0 -0.379647 -0.570353 0.413565 1 
0.997621 -0.0121087 -0.0677282 0 -0.0123214 -0.999911 -0.00272345 0 -0.0676904 0.00355155 -0.9977 0 -0.383783 -0.577728 0.400671 1 
0.997704 -0.0105644 -0.0667511 0 -0.01086 -0.999923 -0.00406732 0 -0.0667043 0.004783 -0.997761 0 -0.387517 -0.584697 0.387286 1 
0.997771 -0.00872307 -0.0660078 0 -0.00904907 -0.999939 -0.00464139 0 -0.0659646 0.00522846 -0.997808 0 -0.391065 -0.5919 0.372953 1 
0.997831 -0.00690847 -0.0653128 0 -0.00727344 -0.99995 -0.00535189 0 -0.0652738 0.00581544 -0.99785 0 -0.393889 -0.598332 0.359628 1 
0.997852 -0.00591655 -0.0650962 0 -0.00625346 -0.999958 -0.00497293 0 -0.0650653 0.00536942 -0.997867 0 -0.396207 -0.60466 0.346722 1 
0.997901 -0.00655602 -0.0642726 0 -0.00692324 -0.999951 -0.00549243 0 -0.0642347 0.00592599 -0.997917 0 -0.397818 -0.610642 0.333552 1 
0.997946 -0.00765499 -0.0634533 0 -0.00803376 -0.999942 -0.00571623 0 -0.0634071 0.00621437 -0.997968 0 -0.398866 -0.616792 0.319875 1 
0.997978 -0.0108872 -0.0624704 0 -0.0112775 -0.999909 -0.00589872 0 -0.0624017 0.00659143 -0.998029 0 -0.398961 -0.622905 0.306006 1 
0.997999 -0.0144802 -0.0613971 0 -0.0149115 -0.999858 -0.00657227 0 -0.0612944 0.00747479 -0.998092 0 -0.398065 -0.628723 0.29244 1 
0.997976 -0.0188343 -0.0605795 0 -0.0192886 -0.99978 -0.00692313 0 -0.060437 0.00807777 -0.998139 0 -0.396315 -0.634385 0.279292 1 
0.998027 -0.0201106 -0.0593226 0 -0.0206437 -0.999742 -0.00838645 0 -0.0591398 0.00959473 -0.998204 0 -0.393643 -0.639742 0.265693 1 
0.998117 -0.0183515 -0.0583578 0 -0.0189371 -0.999766 -0.00949792 0 -0.058171 0.0105854 -0.998251 0 -0.390236 -0.644982 0.25244 1 
0.99826 -0.013329 -0.0572694 0 -0.0139764 -0.999833 -0.0109182 0 -0.0571155 0.0116998 -0.998299 0 -0.385856 -0.649949 0.239499 1 
0.998369 -0.00705004 -0.0564781 0 -0.00771329 -0.999894 -0.0115341 0 -0.0563919 0.0119511 -0.998337 0 -0.380961 -0.654896 0.227236 1 
0.998441 -0.00195601 -0.0556064 0 -0.00263523 -0.999913 -0.0121441 0 -0.0555789 0.0122719 -0.998379 0 -0.375799 -0.659625 0.2149 1 
0.998508 0.00107654 -0.0544271 0 0.000342502 -0.999899 -0.013494 0 -0.0544372 0.0134555 -0.998427 0 -0.369676 -0.664281 0.202815 1 
0.998527 0.00202275 -0.0540451 0 0.0013178 -0.999904 -0.0130761 0 -0.0540674 0.0129858 -0.998453 0 -0.363733 -0.668739 0.192826 1 
0.998587 0.00254738 -0.0528967 0 0.00178786 -0.999885 -0.0144008 0 -0.0529283 0.0142862 -0.998496 0 -0.357366 -0.672697 0.182706 1 
0.998623 0.00161942 -0.052242 0 0.000831146 -0.999876 -0.015107 0 -0.052261 0.0150431 -0.99852 0 -0.350011 -0.676969 0.173879 1 
0.99869 -0.000240531 -0.0509706 0 -0.00111797 -0.999842 -0.0171867 0 -0.0509594 0.0172215 -0.998552 0 -0.342865 -0.680457 0.165242 1 
0.998721 0.00344472 -0.0502581 0 0.00252879 -0.99982 -0.0182766 0 -0.050313 0.0181265 -0.998569 0 -0.334906 -0.684378 0.157664 1 
0.998738 0.0101153 -0.0489974 0 0.00911192 -0.999735 -0.0206573 0 -0.0491943 0.0201851 -0.998585 0 -0.326932 -0.687736 0.149991 1 
0.998635 0.0199481 -0.048065 0 0.0188926 -0.999563 -0.0223148 0 -0.04849 0.0213767 -0.998595 0 -0.319372 -0.690716 0.143261 1 
0.998402 0.031463 -0.0467381 0 0.0303239 -0.999221 -0.0248843 0 -0.0474855 0.0234277 -0.998597 0 -0.311322 -0.693392 0.137106 1 
0.998041 0.0424742 -0.0457223 0 0.0412873 -0.998784 -0.0265979 0 -0.0467973 0.0246586 -0.9986 0 -0.303553 -0.69561 0.130825 1 
0.997548 0.0539622 -0.04434 0 0.0527095 -0.99818 -0.0289513 0 -0.0458225 0.0265437 -0.998597 0 -0.295187 -0.69724 0.124654 1 
0.996927 0.0653461 -0.0429806 0 0.0640388 -0.997452 -0.0311203 0 -0.0449055 0.0282728 -0.998591 0 -0.286676 -0.69814 0.118837 1 
0.996148 0.0768946 -0.0419217 0 0.075563 -0.996602 -0.0324759 0 -0.0442774 0.0291836 -0.998593 0 -0.277989 -0.698825 0.113323 1 
0.995278 0.0877917 -0.041182 0 0.086458 -0.995695 -0.0331209 0 -0.0439133 0.0294045 -0.998603 0 -0.269762 -0.699199 0.108136 1 
0.994387 0.0977844 -0.0401789 0 0.09643 -0.994736 -0.0343717 0 -0.0433292 0.0303049 -0.998601 0 -0.261998 -0.698971 0.103014 1 
0.99358 0.105772 -0.0398994 0 0.104447 -0.993941 -0.033969 0 -0.0432514 0.0295841 -0.998626 0 -0.254584 -0.698855 0.0981416 1 
0.993175 0.109694 -0.0393842 0 0.108376 -0.993513 -0.0341747 0 -0.0428783 0.0296737 -0.99864 0 -0.247578 -0.698124 0.0929844 1 
0.993589 0.105941 -0.0392161 0 0.104643 -0.993925 -0.0338124 0 -0.0425608 0.0294925 -0.998658 0 -0.241472 -0.697094 0.0880405 1 
0.994424 0.097822 -0.0391384 0 0.0965265 -0.994749 -0.0337279 0 -0.042233 0.0297625 -0.998664 0 -0.235843 -0.69557 0.0830513 1 
0.995088 0.0909018 -0.0389449 0 0.0896078 -0.995394 -0.0337788 0 -0.0418369 0.0301237 -0.99867 0 -0.230995 -0.69356 0.0783535 1 
0.995748 0.083229 -0.0392408 0 0.0819662 -0.996087 -0.0327628 0 -0.0418149 0.0294077 -0.998692 0 -0.227035 -0.691167 0.0742246 1 
0.99659 0.0723696 -0.0393886 0 0.0711224 -0.996938 -0.0321948 0 -0.0415988 0.0292841 -0.998705 0 -0.224122 -0.687962 0.0707456 1 
0.997527 0.0579099 -0.0395758 0 0.0567014 -0.9979 -0.0310058 0 -0.041289 0.0286856 -0.998735 0 -0.222304 -0.684418 0.0676525 1 
0.998357 0.0405056 -0.0403014 0 0.0393341 -0.998782 -0.0294488 0 -0.041446 0.0278157 -0.998753 0 -0.221503 -0.680699 0.0651976 1 
0.998853 0.0247142 -0.040781 0 0.0235812 -0.999319 -0.0280333 0 -0.0414469 0.02704 -0.998775 0 -0.221293 -0.67688 0.0643482 1 
0.999087 0.0110026 -0.0410357 0 0.00986416 -0.999554 -0.0278424 0 -0.0413245 0.0274127 -0.99877 0 -0.221482 -0.672446 0.0634909 1 
0.999124 -0.00130179 -0.0415971 0 -0.00238742 -0.999648 -0.0260596 0 -0.0415493 0.0261366 -0.998795 0 -0.222391 -0.668383 0.0635324 1 
0.999018 -0.0141571 -0.0417429 0 -0.0152118 -0.999561 -0.0250574 0 -0.0413706 0.0256683 -0.998814 0 -0.224059 -0.664199 0.0638786 1 
0.998601 -0.031559 -0.0421891 0 -0.0325471 -0.999197 -0.0229426 0 -0.041432 0.0242841 -0.998846 0 -0.226658 -0.660406 0.0640913 1 
0.997419 -0.0573474 -0.0429798 0 -0.0582244 -0.998105 -0.019437 0 -0.0417845 0.0218898 -0.998887 0 -0.229964 -0.657205 0.064976 1 
0.995156 -0.0879845 -0.0436447 0 -0.0887689 -0.995908 -0.0163671 0 -0.0420268 0.0201625 -0.998913 0 -0.233237 -0.654524 0.0653994 1 
0.991594 -0.121467 -0.0443527 0 -0.122181 -0.992403 -0.0137445 0 -0.0423471 0.0190484 -0.998921 0 -0.236628 -0.652519 0.06524 1 
0.987554 -0.150659 -0.0449329 0 -0.151323 -0.988405 -0.0117401 0 -0.0426439 0.0183937 -0.998921 0 -0.240021 -0.651356 0.0648738 1 
0.985001 -0.166296 -0.0458267 0 -0.16698 -0.985884 -0.0114907 0 -0.0432697 0.0189708 -0.998883 0 -0.243083 -0.650201 0.0645012 1 
0.984628 -0.167827 -0.0481982 0 -0.1686 -0.985597 -0.0124198 0 -0.0454205 0.0203555 -0.998761 0 -0.246127 -0.648939 0.06417 1 
0.985791 -0.159695 -0.0518973 0 -0.160609 -0.98691 -0.0139246 0 -0.0489953 0.0220624 -0.998555 0 -0.249115 -0.647725 0.0638985 1 
0.988614 -0.140369 -0.054037 0 -0.141401 -0.989817 -0.0157581 0 -0.0512757 0.0232201 -0.998415 0 -0.251549 -0.646714 0.063527 1 
0.992044 -0.113524 -0.0542323 0 -0.114607 -0.993251 -0.0172917 0 -0.0519043 0.0233699 -0.998379 0 -0.25316 -0.646092 0.0631123 1 
0.995208 -0.0816192 -0.0536583 0 -0.0827319 -0.996384 -0.0188486 0 -0.0519269 0.023198 -0.998381 0 -0.254059 -0.645729 0.0624004 1 
0.99739 -0.0484598 -0.0533489 0 -0.0495372 -0.998581 -0.019061 0 -0.0523505 0.0216544 -0.998394 0 -0.254353 -0.645954 0.0613107 1 
0.998457 -0.0160173 -0.052987 0 -0.0170579 -0.99966 -0.0192461 0 -0.0526617 0.0201206 -0.99841 0 -0.254212 -0.646352 0.0597203 1 
0.998523 0.0123096 -0.0527317 0 0.0113013 -0.999739 -0.0193767 0 -0.0529575 0.0187525 -0.998421 0 -0.253815 -0.646892 0.0577696 1 
0.998186 0.0293922 -0.0523676 0 0.0283838 -0.999389 -0.019897 0 -0.0529214 0.0183748 -0.99843 0 -0.253239 -0.647455 0.0555496 1 
0.99822 0.0292598 -0.051781 0 0.0282947 -0.999404 -0.0192745 0 -0.0523151 0.0177754 -0.998472 0 -0.252946 -0.648223 0.0534693 1 
0.998551 0.0184826 -0.0503587 0 0.0175638 -0.999663 -0.018627 0 -0.0506869 0.0177158 -0.998557 0 -0.252854 -0.6489 0.0510037 1 
0.998751 0.000553104 -0.049764 0 -0.000362871 -0.999821 -0.0183953 0 -0.0497663 0.0183907 -0.998592 0 -0.252981 -0.649136 0.0478517 1 
0.998546 -0.0187654 -0.0503437 0 -0.0196081 -0.999665 -0.0162969 0 -0.050022 0.0172607 -0.998599 0 -0.253304 -0.649629 0.0448675 1 
0.998258 -0.0296091 -0.0508403 0 -0.0303805 -0.999424 -0.014468 0 -0.0503836 0.0159876 -0.998602 0 -0.253517 -0.650201 0.0420176 1 
0.998155 -0.0329396 -0.0508243 0 -0.0337026 -0.999321 -0.0142272 0 -0.0503221 0.0159142 -0.998606 0 -0.253734 -0.650357 0.0389454 1 
0.998162 -0.0327112 -0.0508227 0 -0.0334854 -0.999325 -0.0144582 0 -0.0503164 0.0161338 -0.998603 0 -0.253842 -0.650352 0.0358717 1 
0.998228 -0.0298848 -0.0512767 0 -0.0306806 -0.99941 -0.0148023 0 -0.0508051 0.0163496 -0.998575 0 -0.253772 -0.650527 0.0335983 1 
0.998394 -0.0217131 -0.0521442 0 -0.0224922 -0.999634 -0.0144024 0 -0.0518134 0.0155524 -0.998536 0 -0.253762 -0.651253 0.0322871 1 
0.998555 -0.00899408 -0.0528037 0 -0.00976335 -0.99984 -0.0143284 0 -0.0526674 0.0148235 -0.998502 0 -0.253823 -0.652159 0.0316832 1 
0.998562 0.00457067 -0.0532333 0 0.00385266 -0.999891 -0.0135826 0 -0.0532906 0.0133583 -0.99849 0 -0.254004 -0.653204 0.0316028 1 
0.998456 0.0125937 -0.0539159 0 0.011962 -0.999847 -0.0120221 0 -0.0540601 0.0113588 -0.998473 0 -0.25443 -0.65433 0.0319379 1 
0.998427 0.012364 -0.0545106 0 0.0118136 -0.999866 -0.0104078 0 -0.054633 0.0097476 -0.998459 0 -0.254989 -0.655149 0.0322552 1 
0.998468 0.00999642 -0.0542511 0 0.00948469 -0.999899 -0.00968198 0 -0.0543434 0.00915276 -0.99848 0 -0.255416 -0.655341 0.0322246 1 
0.998558 0.00279097 -0.0534374 0 0.00228601 -0.999943 -0.00950819 0 -0.0534619 0.00937249 -0.998526 0 -0.255419 -0.65519 0.0318779 1 
0.998564 -0.00807989 -0.0527711 0 -0.0085951 -0.999908 -0.0095434 0 -0.0526902 0.00998347 -0.998561 0 -0.255092 -0.655044 0.0312839 1 
0.998366 -0.0221701 -0.0524929 0 -0.0227035 -0.999687 -0.00958705 0 -0.0522649 0.0107634 -0.998575 0 -0.254559 -0.654962 0.0306343 1 
0.998046 -0.0337911 -0.0523831 0 -0.0343407 -0.999354 -0.00962796 0 -0.052025 0.0114082 -0.998581 0 -0.253963 -0.654976 0.0300766 1 
0.997959 -0.0364221 -0.0522659 0 -0.0369922 -0.999256 -0.00998085 0 -0.0518644 0.0118941 -0.998583 0 -0.253377 -0.65503 0.0296715 1 
0.997978 -0.0357628 -0.05236 0 -0.0363243 -0.999282 -0.00981209 0 -0.0519725 0.0116944 -0.99858 0 -0.253022 -0.655293 0.0296766 1 
0.998021 -0.0335757 -0.0529816 0 -0.0341283 -0.999362 -0.00955956 0 -0.0526279 0.011349 -0.99855 0 -0.252742 -0.655648 0.029864 1 
0.998171 -0.0278409 -0.0534898 0 -0.0283908 -0.999542 -0.00954782 0 -0.0532005 0.0110492 -0.998523 0 -0.252547 -0.655931 0.0300474 1 
0.998358 -0.0191422 -0.0538033 0 -0.0197088 -0.999746 -0.0100187 0 -0.0535989 0.0110628 -0.998501 0 -0.252472 -0.656007 0.0300897 1 
0.99849 -0.00993804 -0.0538579 0 -0.0105058 -0.999882 -0.0102686 0 -0.0537505 0.0108191 -0.998496 0 -0.252427 -0.656153 0.0301985 1 
0.998516 -0.00593352 -0.0539608 0 -0.00648639 -0.999919 -0.0100762 0 -0.0538977 0.0104115 -0.998492 0 -0.252376 -0.656373 0.0303706 1 
0.998507 -0.00553027 -0.0541719 0 -0.00605147 -0.999927 -0.00946184 0 -0.0541166 0.00977572 -0.998487 0 -0.252411 -0.656682 0.0306273 1 
0.99849 -0.00535913 -0.0544937 0 -0.00583032 -0.999937 -0.00849137 0 -0.0544459 0.00879644 -0.998478 0 -0.252407 -0.657176 0.0310217 1 
0.998477 -0.00616588 -0.054646 0 -0.00655904 -0.999944 -0.00701819 0 -0.0546007 0.00736607 -0.998481 0 -0.252376 -0.657907 0.0314577 1 
0.998426 -0.0123521 -0.054534 0 -0.012655 -0.999897 -0.00521123 0 -0.054465 0.00589327 -0.998498 0 -0.25217 -0.658749 0.0317913 1 
0.998217 -0.0237909 -0.0545645 0 -0.0240236 -0.999695 -0.00361385 0 -0.0544629 0.00491833 -0.998504 0 -0.251961 -0.659563 0.0319598 1 
0.997828 -0.0364003 -0.0547184 0 -0.036605 -0.999316 -0.00274282 0 -0.0545822 0.00473992 -0.998498 0 -0.251702 -0.660102 0.0318084 1 
0.997582 -0.0427923 -0.0545779 0 -0.043026 -0.999059 -0.00311296 0 -0.0543944 0.00545381 -0.998505 0 -0.251623 -0.66001 0.0312334 1 
0.997537 -0.0441689 -0.0543088 0 -0.0444625 -0.998993 -0.00421074 0 -0.0540691 0.0066152 -0.998515 0 -0.251729 -0.659586 0.0304001 1 
0.997544 -0.0441951 -0.0541666 0 -0.0445655 -0.998981 -0.0056495 0 -0.0538628 0.00804975 -0.998516 0 -0.251995 -0.659056 0.0293325 1 
0.997675 -0.0408277 -0.0543917 0 -0.0412704 -0.999114 -0.00703935 0 -0.0540571 0.00926793 -0.998495 0 -0.252244 -0.658686 0.0282155 1 
0.997984 -0.0324104 -0.0543941 0 -0.0329084 -0.999414 -0.0082846 0 -0.0540948 0.0100581 -0.998485 0 -0.25231 -0.658603 0.0272476 1 
0.998229 -0.0236567 -0.0544077 0 -0.0241559 -0.999662 -0.00853584 0 -0.0541885 0.00983518 -0.998482 0 -0.252416 -0.659002 0.0266458 1 
0.99834 -0.0174102 -0.0547186 0 -0.0178682 -0.9998 -0.00789151 0 -0.0545713 0.00885631 -0.998471 0 -0.252576 -0.65978 0.0263486 1 
0.998344 -0.0155809 -0.0551928 0 -0.015971 -0.999841 -0.00663402 0 -0.0550817 0.00750467 -0.998454 0 -0.252874 -0.660648 0.0263295 1 
0.998322 -0.0158526 -0.0555283 0 -0.0161961 -0.999843 -0.00574298 0 -0.0554296 0.00663281 -0.998441 0 -0.25323 -0.661184 0.0263235 1 
0.998309 -0.0168274 -0.0554645 0 -0.0171628 -0.999828 -0.00557565 0 -0.0553622 0.00651827 -0.998445 0 -0.253722 -0.661186 0.0261191 1 
0.998278 -0.0196332 -0.0551069 0 -0.0199861 -0.999773 -0.00585984 0 -0.0549804 0.00695125 -0.998463 0 -0.254177 -0.660851 0.0257798 1 
0.998179 -0.0248614 -0.0547833 0 -0.0252226 -0.999655 -0.00591055 0 -0.0546185 0.00728171 -0.998481 0 -0.254523 -0.660588 0.0254994 1 
0.998016 -0.0310356 -0.0546114 0 -0.0313965 -0.999481 -0.00576187 0 -0.0544053 0.00746519 -0.998491 0 -0.254737 -0.660433 0.0253375 1 
0.997839 -0.0363461 -0.0545566 0 -0.0366974 -0.999302 -0.00545212 0 -0.0543214 0.00744257 -0.998496 0 -0.254796 -0.660412 0.025332 1 
0.997699 -0.0399718 -0.0545829 0 -0.0403117 -0.999164 -0.00513902 0 -0.054333 0.00732767 -0.998496 0 -0.254767 -0.660475 0.0253779 1 
0.997697 -0.0400323 -0.0545792 0 -0.0403725 -0.999162 -0.00514398 0 -0.0543285 0.00733577 -0.998496 0 -0.254673 -0.660506 0.025366 1 
0.997705 -0.0398461 -0.0545733 0 -0.0401871 -0.999169 -0.00516464 0 -0.0543232 0.00734607 -0.998496 0 -0.254555 -0.660544 0.025353 1 
0.997716 -0.0395457 -0.0545809 0 -0.0398859 -0.999181 -0.00515896 0 -0.0543332 0.00732433 -0.998496 0 -0.254361 -0.660622 0.0253533 1 
0.997726 -0.0392943 -0.054578 0 -0.0396372 -0.999191 -0.00521309 0 -0.0543301 0.0073647 -0.998496 0 -0.254209 -0.660663 0.0253175 1 
0.997733 -0.0391039 -0.0545864 0 -0.039451 -0.999198 -0.00529577 0 -0.0543366 0.0074374 -0.998495 0 -0.254147 -0.660664 0.025267 1 
0.997751 -0.0385172 -0.0546748 0 -0.0388751 -0.999219 -0.00549697 0 -0.0544215 0.00761024 -0.998489 0 -0.254124 -0.660626 0.0251748 1 
0.997816 -0.0367727 -0.054702 0 -0.037144 -0.999284 -0.00578511 0 -0.0544511 0.00780447 -0.998486 0 -0.25411 -0.660573 0.0250418 1 
0.997894 -0.0345246 -0.0547343 0 -0.0349105 -0.999362 -0.00611065 0 -0.0544895 0.00800874 -0.998482 0 -0.253993 -0.660556 0.0249044 1 
0.997993 -0.0315533 -0.054722 0 -0.0319502 -0.999459 -0.0063942 0 -0.0544917 0.00812991 -0.998481 0 -0.253819 -0.66058 0.0248104 1 
0.998049 -0.0298376 -0.0546651 0 -0.0302457 -0.999511 -0.00665309 0 -0.0544409 0.00829366 -0.998483 0 -0.253618 -0.660595 0.0246729 1 
0.998066 -0.0293835 -0.0546072 0 -0.0298026 -0.999523 -0.00687566 0 -0.0543801 0.00848997 -0.998484 0 -0.25343 -0.660596 0.0245189 1 
0.998067 -0.0294344 -0.0545504 0 -0.0298654 -0.999519 -0.00710291 0 -0.0543162 0.00871852 -0.998486 0 -0.253474 -0.660502 0.0243493 1 
0.99806 -0.0297657 -0.0545049 0 -0.0302048 -0.999508 -0.00724971 0 -0.0542633 0.00888212 -0.998487 0 -0.253671 -0.660387 0.0242061 1 
0.99804 -0.0304356 -0.0545025 0 -0.0308739 -0.999488 -0.00721792 0 -0.054256 0.00888665 -0.998488 0 -0.254036 -0.660311 0.024099 1 
0.997992 -0.0320703 -0.0544496 0 -0.0325079 -0.999436 -0.0071695 0 -0.05419 0.00892531 -0.998491 0 -0.254333 -0.660266 0.0238998 1 
0.997882 -0.0353782 -0.05441 0 -0.0357993 -0.999326 -0.00678381 0 -0.0541344 0.00871745 -0.998496 0 -0.2545 -0.660429 0.0236807 1 
0.997799 -0.0375766 -0.0544613 0 -0.0379838 -0.999248 -0.00646096 0 -0.0541786 0.00851555 -0.998495 0 -0.254556 -0.660673 0.0234 1 
0.997734 -0.0392335 -0.0544884 0 -0.03963 -0.999185 -0.00621482 0 -0.0542013 0.00836027 -0.998495 0 -0.254599 -0.66095 0.0229835 1 
0.997717 -0.0396596 -0.0544885 0 -0.0400641 -0.999167 -0.00634968 0 -0.0541924 0.00851838 -0.998494 0 -0.25479 -0.661097 0.0223039 1 
0.997718 -0.0399352 -0.0542743 0 -0.0403783 -0.99915 -0.00709067 0 -0.053946 0.00926616 -0.998501 0 -0.254986 -0.660925 0.021409 1 
0.997728 -0.0400881 -0.0539749 0 -0.0405832 -0.999134 -0.00810697 0 -0.0536042 0.0102792 -0.998509 0 -0.255093 -0.66066 0.020346 1 
0.997752 -0.0397497 -0.0537758 0 -0.0402864 -0.999139 -0.00893465 0 -0.0533754 0.0110812 -0.998513 0 -0.255035 -0.660485 0.0192835 1 
0.99781 -0.0374369 -0.0543494 0 -0.0379574 -0.999233 -0.00857606 0 -0.0539877 0.0106205 -0.998485 0 -0.255379 -0.660796 0.0192588 1 
0.997881 -0.0356284 -0.0542682 0 -0.0361616 -0.999297 -0.00887484 0 -0.0539149 0.0108187 -0.998487 0 -0.255369 -0.660741 0.0191314 1 
0.997892 -0.0353405 -0.0542465 0 -0.0358729 -0.999307 -0.0088715 0 -0.0538964 0.010799 -0.998488 0 -0.255277 -0.660782 0.0191312 1 
0.997998 -0.0320526 -0.0543538 0 -0.0325888 -0.999419 -0.00900701 0 -0.0540346 0.0107605 -0.998481 0 -0.255111 -0.660869 0.0191576 1 
0.998135 -0.0273315 -0.054406 0 -0.0278679 -0.99956 -0.0091246 0 -0.0541337 0.010624 -0.998477 0 -0.25491 -0.661016 0.0192052 1 
0.998259 -0.0221355 -0.0545018 0 -0.0226783 -0.999689 -0.0093604 0 -0.0542787 0.0105803 -0.99847 0 -0.254721 -0.661125 0.0192149 1 
0.998334 -0.0181863 -0.0545743 0 -0.0187322 -0.99977 -0.009508 0 -0.0543898 0.0105147 -0.998464 0 -0.254789 -0.66117 0.0191949 1 
0.998385 -0.0153105 -0.0545397 0 -0.0158597 -0.999818 -0.00965004 0 -0.0543831 0.0104996 -0.998465 0 -0.254771 -0.661193 0.0191717 1 
0.998417 -0.0129486 -0.0545543 0 -0.0134952 -0.999853 -0.00966235 0 -0.0544222 0.0103835 -0.998464 0 -0.254812 -0.661244 0.0192102 1 
0.998427 -0.0121114 -0.0545677 0 -0.0126581 -0.999863 -0.00968352 0 -0.0544441 0.0103592 -0.998463 0 -0.254855 -0.661246 0.0192165 1 
0.998422 -0.0122877 -0.0546116 0 -0.0128319 -0.999862 -0.00962395 0 -0.0544868 0.0103097 -0.998461 0 -0.255069 -0.661225 0.0191853 1 
0.998414 -0.0124323 -0.0547317 0 -0.0129693 -0.999861 -0.0094667 0 -0.0546075 0.0101617 -0.998456 0 -0.255605 -0.661166 0.0191869 1 
0.998448 -0.0091465 -0.0547518 0 -0.00968447 -0.999898 -0.0095683 0 -0.0546597 0.0100839 -0.998454 0 -0.256247 -0.660996 0.0192191 1 
0.998481 -0.00361316 -0.0548042 0 -0.00414375 -0.999936 -0.00957093 0 -0.0547672 0.00978368 -0.998451 0 -0.256751 -0.660969 0.0193678 1 
0.998477 0.00158543 -0.0549704 0 0.0010799 -0.999947 -0.0092247 0 -0.0549832 0.00915146 -0.998445 0 -0.257012 -0.661187 0.0196505 1 
0.998465 0.00252914 -0.0551453 0 0.00206953 -0.999953 -0.0083901 0 -0.055165 0.00826326 -0.998443 0 -0.256954 -0.661628 0.0200122 1 
0.998454 0.00306765 -0.0553194 0 0.00263304 -0.999955 -0.00792751 0 -0.0553423 0.00776975 -0.998437 0 -0.256656 -0.661983 0.0202197 1 
0.998455 0.00367492 -0.0552618 0 0.00323712 -0.999953 -0.00800967 0 -0.0552897 0.00781856 -0.99844 0 -0.25624 -0.662112 0.0201501 1 
0.998459 0.00430834 -0.0551606 0 0.00385821 -0.999949 -0.00826412 0 -0.0551944 0.00803871 -0.998443 0 -0.255795 -0.662206 0.0200503 1 
0.99846 0.00454253 -0.0551103 0 0.00408656 -0.999947 -0.00838359 0 -0.0551465 0.00814563 -0.998445 0 -0.255614 -0.662255 0.0200684 1 
0.998464 0.00444165 -0.0550601 0 0.00398716 -0.999947 -0.0083614 0 -0.0550954 0.00812917 -0.998448 0 -0.255615 -0.662256 0.0200705 1 
0.998473 0.00415494 -0.054903 0 0.00370471 -0.999949 -0.00829963 0 -0.0549357 0.00808372 -0.998457 0 -0.255653 -0.66224 0.0200667 1 
0.998475 0.00404184 -0.0548782 0 0.0035926 -0.99995 -0.00828219 0 -0.05491 0.00807256 -0.998459 0 -0.255669 -0.662237 0.0200626 1 
0.998485 0.00315727 -0.0547537 0 0.00271303 -0.999953 -0.00818592 0 -0.054778 0.00802513 -0.998466 0 -0.255655 -0.662244 0.0200647 1 
0.998493 0.00199632 -0.0546738 0 0.00155597 -0.999956 -0.00809543 0 -0.0546886 0.00799831 -0.998471 0 -0.255655 -0.662244 0.0200679 1 
0.998502 0.000675499 -0.0545365 0 0.000240382 -0.999958 -0.00798454 0 -0.0545407 0.00795962 -0.99848 0 -0.255698 -0.662227 0.020071 1 
0.9985 4.50803e-05 -0.0545842 0 -0.000383284 -0.99996 -0.0078372 0 -0.0545834 0.00784651 -0.998478 0 -0.255884 -0.662214 0.0201374 1 
0.998481 -0.000691018 -0.0549264 0 -0.00105673 -0.999968 -0.00662935 0 -0.0549211 0.00667745 -0.998468 0 -0.256308 -0.662624 0.0206341 1 
0.998439 -0.000985009 -0.055679 0 -0.00124305 -0.999979 -0.0046 0 -0.0556743 0.00466212 -0.998438 0 -0.256672 -0.663561 0.0216234 1 
0.998405 -0.000982728 -0.0562841 0 -0.00116065 -0.999985 -0.00312849 0 -0.0562812 0.00318888 -0.99841 0 -0.256941 -0.664488 0.0226659 1 
0.998404 -0.0010404 -0.0562878 0 -0.00123775 -0.999984 -0.00347132 0 -0.0562843 0.00353552 -0.998409 0 -0.257077 -0.664705 0.0230793 1 
0.99842 -0.00097125 -0.056019 0 -0.00121911 -0.99998 -0.0043906 0 -0.0560147 0.00445204 -0.99842 0 -0.257103 -0.66435 0.0227546 1 
0.998443 0.000189826 -0.0556054 0 -0.000136677 -0.999973 -0.00586787 0 -0.0556061 0.00586645 -0.998436 0 -0.257094 -0.663672 0.0221616 1 
0.998468 0.00160744 -0.0551336 0 0.0011979 -0.999962 -0.00746043 0 -0.0551446 0.0073831 -0.998451 0 -0.256994 -0.662967 0.021511 1 
0.99848 0.00180668 -0.054919 0 0.0013556 -0.999955 -0.00824969 0 -0.0549325 0.00816285 -0.998457 0 -0.257031 -0.662578 0.0211824 1 
0.998478 0.001993 -0.0549406 0 0.00153831 -0.999955 -0.00831689 0 -0.0549557 0.00821988 -0.998455 0 -0.257255 -0.662471 0.0211843 1 
0.998475 0.00232527 -0.0549896 0 0.00187343 -0.999954 -0.00826688 0 -0.0550074 0.00815141 -0.998453 0 -0.257514 -0.662406 0.0212504 1 
0.998472 0.00283381 -0.0550117 0 0.0023785 -0.999953 -0.0083402 0 -0.0550338 0.00819677 -0.998451 0 -0.257786 -0.662297 0.0212515 1 
0.998471 0.00362105 -0.0549856 0 0.00316064 -0.99995 -0.00845773 0 -0.0550145 0.00827117 -0.998451 0 -0.257953 -0.662205 0.0212259 1 
0.998471 0.00445498 -0.0549245 0 0.00398514 -0.999945 -0.00866079 0 -0.0549612 0.00842882 -0.998453 0 -0.257978 -0.662121 0.02116 1 
0.998475 0.0051437 -0.0547937 0 0.00465496 -0.999939 -0.00904349 0 -0.054838 0.0087748 -0.998457 0 -0.25798 -0.661948 0.0210253 1 
0.998484 0.00553012 -0.0545842 0 0.00501085 -0.999931 -0.00964545 0 -0.0546348 0.00935749 -0.998463 0 -0.257872 -0.661694 0.0207758 1 
0.99849 0.00594588 -0.0544386 0 0.0054066 -0.999925 -0.0100481 0 -0.0544953 0.00973874 -0.998467 0 -0.257818 -0.661523 0.0206117 1 
0.998497 0.00605046 -0.0542895 0 0.00549145 -0.999921 -0.0104399 0 -0.0543495 0.0101262 -0.998471 0 -0.257733 -0.661357 0.0204555 1 
0.998506 0.00603089 -0.0541246 0 0.00544911 -0.999916 -0.0108899 0 -0.0541868 0.0105789 -0.998475 0 -0.257696 -0.661144 0.0202573 1 
0.998521 0.0060987 -0.0538424 0 0.00548179 -0.999908 -0.0115978 0 -0.0539092 0.0112858 -0.998482 0 -0.257564 -0.660838 0.0199512 1 
0.99854 0.00610411 -0.0534902 0 0.00544736 -0.999898 -0.0124151 0 -0.0535616 0.0121058 -0.998491 0 -0.257415 -0.660409 0.0195171 1 
0.998551 0.00636524 -0.05326 0 0.00568265 -0.99989 -0.0129576 0 -0.0533376 0.0126364 -0.998497 0 -0.257144 -0.660161 0.0193696 1 
0.998563 0.00636371 -0.053033 0 0.0056553 -0.999883 -0.0134973 0 -0.0531137 0.0131782 -0.998502 0 -0.257043 -0.659882 0.0192168 1 
0.99857 0.00641411 -0.0528926 0 0.00569278 -0.999879 -0.013777 0 -0.0529756 0.0134565 -0.998505 0 -0.256951 -0.65974 0.0190462 1 
0.998569 0.00655701 -0.0528937 0 0.00583996 -0.999879 -0.0136995 0 -0.0529782 0.0133713 -0.998506 0 -0.256834 -0.659764 0.0190031 1 
0.998571 0.00679322 -0.052817 0 0.00607479 -0.999877 -0.0137507 0 -0.052905 0.0134104 -0.99851 0 -0.256642 -0.65978 0.0189089 1 
0.998574 0.0072173 -0.0527147 0 0.00649048 -0.999872 -0.0139458 0 -0.0528096 0.0135841 -0.998512 0 -0.256303 -0.659782 0.0187749 1 
0.998575 0.00765199 -0.0526378 0 0.00692246 -0.999868 -0.0140276 0 -0.0527392 0.0136435 -0.998515 0 -0.255941 -0.659836 0.0186582 1 
0.998575 0.00773636 -0.0526148 0 0.00700626 -0.999867 -0.0140465 0 -0.0527175 0.0136581 -0.998516 0 -0.255726 -0.659883 0.0185294 1 
0.99858 0.00732311 -0.0525857 0 0.00659218 -0.99987 -0.0140597 0 -0.0526828 0.0136933 -0.998517 0 -0.255705 -0.659848 0.0183411 1 
0.998588 0.00667786 -0.0525174 0 0.00594268 -0.999873 -0.0141424 0 -0.0526061 0.0138106 -0.99852 0 -0.255838 -0.659713 0.0180012 1 
0.998594 0.00598319 -0.0524786 0 0.00525892 -0.99988 -0.0139284 0 -0.0525566 0.0136331 -0.998525 0 -0.256054 -0.659599 0.0174969 1 
0.998596 0.00573769 -0.0524703 0 0.00501845 -0.999882 -0.013829 0 -0.0525445 0.0135466 -0.998527 0 -0.256227 -0.659577 0.016796 1 
0.998605 0.00542484 -0.052342 0 0.00469175 -0.99988 -0.0141184 0 -0.0524133 0.0138534 -0.998529 0 -0.256449 -0.65958 0.01585 1 
0.998624 0.00525647 -0.0519906 0 0.00450665 -0.999875 -0.0145289 0 -0.0520614 0.0142749 -0.998542 0 -0.256435 -0.659587 0.0149342 1 
0.998632 0.00520484 -0.0518395 0 0.00444002 -0.99987 -0.0148577 0 -0.0519111 0.0146075 -0.998545 0 -0.256434 -0.65953 0.0141171 1 
0.998639 0.0051353 -0.0517184 0 0.00436243 -0.999868 -0.0150456 0 -0.0517898 0.0147998 -0.998548 0 -0.256404 -0.659485 0.0135218 1 
0.998641 0.0049488 -0.0516925 0 0.00418013 -0.99987 -0.0149673 0 -0.0517608 0.0147312 -0.998551 0 -0.256415 -0.659475 0.0130831 1 
0.998648 0.00481494 -0.051579 0 0.00404687 -0.99987 -0.0149851 0 -0.0516455 0.0147564 -0.998556 0 -0.256377 -0.659411 0.0126148 1 
0.998647 0.00481611 -0.0515861 0 0.00406088 -0.999874 -0.0147349 0 -0.0516515 0.0145058 -0.99856 0 -0.256348 -0.65936 0.011972 1 
0.998646 0.00488465 -0.0516103 0 0.00414178 -0.999877 -0.0144909 0 -0.0516758 0.0142578 -0.998562 0 -0.25631 -0.659318 0.011108 1 
0.998648 0.00488673 -0.0515717 0 0.00415254 -0.999879 -0.0143336 0 -0.0516365 0.0141004 -0.998566 0 -0.256279 -0.659294 0.00997864 1 
0.998637 0.00506406 -0.0517645 0 0.00437809 -0.999892 -0.0133565 0 -0.0518275 0.0131119 -0.99857 0 -0.256219 -0.659625 0.0090462 1 
0.998654 0.00521696 -0.051426 0 0.00448714 -0.999878 -0.0142968 0 -0.0514953 0.014047 -0.998574 0 -0.256069 -0.659407 0.00802237 1 
0.998652 0.00518063 -0.0514518 0 0.00446432 -0.999882 -0.014027 0 -0.0515194 0.0137787 -0.998577 0 -0.256132 -0.659377 0.00674925 1 
0.998668 0.00528247 -0.0511328 0 0.00453451 -0.999872 -0.0147326 0 -0.0512051 0.0144814 -0.998583 0 -0.256046 -0.659235 0.00521164 1 
0.998674 0.00559802 -0.0509963 0 0.00484775 -0.999869 -0.0148239 0 -0.0510736 0.0145573 -0.998589 0 -0.255883 -0.659336 0.00345498 1 
0.998685 0.00588471 -0.0507326 0 0.0051052 -0.999858 -0.0154809 0 -0.0508174 0.0152018 -0.998592 0 -0.255752 -0.659362 0.00154067 1 
0.998704 0.00620271 -0.0503192 0 0.0053763 -0.999839 -0.016542 0 -0.0504147 0.0162503 -0.998596 0 -0.255538 -0.659247 -0.000481298 1 
0.998714 0.00670008 -0.0500535 0 0.00585052 -0.999827 -0.0171003 0 -0.0501604 0.0167858 -0.9986 0 -0.255189 -0.659149 -0.00203839 1 
0.998709 0.00721477 -0.0500999 0 0.00638085 -0.999829 -0.0167849 0 -0.0502134 0.0164439 -0.998603 0 -0.254847 -0.659131 -0.00320038 1 
0.998695 0.00719142 -0.0503818 0 0.00639977 -0.999844 -0.0158567 0 -0.050489 0.0155139 -0.998604 0 -0.254913 -0.659156 -0.00406269 1 
0.998682 0.00722657 -0.0506291 0 0.00648709 -0.99986 -0.0147549 0 -0.0507296 0.0144073 -0.998608 0 -0.254918 -0.659207 -0.00503899 1 
0.998678 0.00753619 -0.0506597 0 0.00681784 -0.999864 -0.0143377 0 -0.0507619 0.0139737 -0.998613 0 -0.254704 -0.659114 -0.00652896 1 
0.998645 0.00745299 -0.0513221 0 0.00684291 -0.999894 -0.0120527 0 -0.0514075 0.0116854 -0.998609 0 -0.254884 -0.659535 -0.00655143 1 
0.998648 0.00741234 -0.0512669 0 0.00679111 -0.999892 -0.0122811 0 -0.0513534 0.0119165 -0.998609 0 -0.254891 -0.65944 -0.00670153 1 
0.998652 0.00736177 -0.0511952 0 0.00673781 -0.999891 -0.0123498 0 -0.0512816 0.0119884 -0.998612 0 -0.254885 -0.659406 -0.00676157 1 
0.998656 0.00730314 -0.0511191 0 0.00667639 -0.999891 -0.0124205 0 -0.0512053 0.0120627 -0.998615 0 -0.25488 -0.659371 -0.00682569 1 
0.99868 0.00661913 -0.0507418 0 0.00600084 -0.999896 -0.0123276 0 -0.0508191 0.0120071 -0.998636 0 -0.254859 -0.659353 -0.00686889 1 
0.998758 0.00148678 -0.0496156 0 0.000898337 -0.999919 -0.0118802 0 -0.0496302 0.0118211 -0.998698 0 -0.25471 -0.659316 -0.00695066 1 
0.998784 -0.0125536 -0.0474742 0 -0.0130746 -0.999848 -0.0106779 0 -0.0473338 0.0112859 -0.998815 0 -0.254273 -0.65937 -0.00703817 1 
0.998382 -0.0327599 -0.0462648 0 -0.0332327 -0.999393 -0.00948783 0 -0.0459268 0.0110102 -0.998884 0 -0.253823 -0.659438 -0.00710097 1 
0.997325 -0.0565763 -0.0460684 0 -0.0570152 -0.998329 -0.00826816 0 -0.0455245 0.0108729 -0.998904 0 -0.253529 -0.659541 -0.00709757 1 
0.995676 -0.080539 -0.0460903 0 -0.0809503 -0.996683 -0.00712383 0 -0.0453646 0.0108243 -0.998912 0 -0.25326 -0.659635 -0.00710464 1 
0.993592 -0.10305 -0.0462179 0 -0.10344 -0.994607 -0.00612874 0 -0.045338 0.0108705 -0.998913 0 -0.253044 -0.659688 -0.00711746 1 
0.990674 -0.128094 -0.0462451 0 -0.128456 -0.991693 -0.00492781 0 -0.0452306 0.0108225 -0.998918 0 -0.252826 -0.659773 -0.00711826 1 
0.986999 -0.153836 -0.0463558 0 -0.154171 -0.988027 -0.00371856 0 -0.0452297 0.0108171 -0.998918 0 -0.252663 -0.659834 -0.00711947 1 
0.982674 -0.179395 -0.04637 0 -0.179705 -0.983707 -0.00256576 0 -0.0451551 0.0108544 -0.998921 0 -0.252666 -0.659814 -0.00712223 1 
0.976879 -0.208659 -0.0463533 0 -0.20894 -0.977918 -0.00124441 0 -0.045071 0.0109009 -0.998924 0 -0.252625 -0.659805 -0.00713715 1 
0.970021 -0.238502 -0.0464504 0 -0.238753 -0.971071 0.000162685 0 -0.0451463 0.0109325 -0.998921 0 -0.252822 -0.659734 -0.00713294 1 
0.963353 -0.264154 -0.0464206 0 -0.264377 -0.964408 0.00138623 0 -0.0451355 0.0109373 -0.998921 0 -0.253 -0.65967 -0.00713194 1 
0.955231 -0.292181 -0.0463137 0 -0.29238 -0.956289 0.00257358 0 -0.0450421 0.011083 -0.998924 0 -0.252937 -0.659642 -0.00715272 1 
0.944338 -0.325697 -0.0461298 0 -0.32586 -0.945399 0.00416231 0 -0.0449675 0.0111014 -0.998927 0 -0.252967 -0.659621 -0.00715351 1 
0.930496 -0.363383 -0.0459382 0 -0.363509 -0.931562 0.00589238 0 -0.0449363 0.0112163 -0.998927 0 -0.253146 -0.659528 -0.00716524 1 
0.91556 -0.399547 -0.0457487 0 -0.399648 -0.916629 0.007311 0 -0.0448566 0.01159 -0.998926 0 -0.253396 -0.659358 -0.00716363 1 
0.899912 -0.433674 -0.0454598 0 -0.433738 -0.900984 0.00897175 0 -0.0448503 0.0116441 -0.998926 0 -0.253588 -0.659275 -0.00716948 1 
