0.998052 0.0323478 -0.0531709 0 0.0317224 -0.999408 -0.0125629 0 -0.0535469 0.0108519 -0.998506 0 -0.230658 -0.432125 0.543459 1 
0.998052 0.032357 -0.0531687 0 0.0317315 -0.999408 -0.0125677 0 -0.0535449 0.0108563 -0.998506 0 -0.230652 -0.432128 0.543457 1 
0.998052 0.03235 -0.0531659 0 0.0317243 -0.999408 -0.0125715 0 -0.0535422 0.0108606 -0.998507 0 -0.230657 -0.432125 0.543454 1 
0.998052 0.0323524 -0.0531697 0 0.031727 -0.999408 -0.0125652 0 -0.0535457 0.010854 -0.998506 0 -0.230655 -0.432126 0.543458 1 
0.998052 0.0323462 -0.0531681 0 0.0317209 -0.999408 -0.0125638 0 -0.0535441 0.010853 -0.998507 0 -0.230656 -0.432125 0.543458 1 
0.998052 0.0323488 -0.0531675 0 0.0317234 -0.999408 -0.0125651 0 -0.0535435 0.0108542 -0.998507 0 -0.230656 -0.432126 0.543457 1 
0.998052 0.0323468 -0.0531695 0 0.0317213 -0.999408 -0.0125653 0 -0.0535455 0.0108544 -0.998506 0 -0.230655 -0.432126 0.543458 1 
0.998052 0.032348 -0.0531644 0 0.0317224 -0.999408 -0.0125695 0 -0.0535405 0.0108587 -0.998507 0 -0.230656 -0.432126 0.543455 1 
0.998052 0.0323504 -0.0531682 0 0.0317249 -0.999408 -0.0125673 0 -0.0535443 0.0108562 -0.998506 0 -0.230658 -0.432126 0.543457 1 
0.998051 0.03236 -0.0531679 0 0.0317343 -0.999408 -0.0125708 0 -0.0535442 0.0108593 -0.998506 0 -0.230653 -0.432128 0.543455 1 
0.998052 0.0323447 -0.0531669 0 0.0317191 -0.999408 -0.0125688 0 -0.053543 0.0108581 -0.998507 0 -0.230657 -0.432125 0.543455 1 
0.998052 0.0323516 -0.0531665 0 0.0317262 -0.999408 -0.0125662 0 -0.0535426 0.0108552 -0.998507 0 -0.230656 -0.432126 0.543457 1 
0.998052 0.0323474 -0.0531665 0 0.0317219 -0.999408 -0.0125667 0 -0.0535425 0.0108559 -0.998507 0 -0.230657 -0.432124 0.543456 1 
0.998052 0.0323441 -0.0531699 0 0.0317187 -0.999408 -0.012564 0 -0.0535458 0.0108532 -0.998506 0 -0.230657 -0.432126 0.543459 1 
0.998052 0.0323492 -0.0531688 0 0.0317236 -0.999408 -0.0125694 0 -0.053545 0.0108584 -0.998506 0 -0.230657 -0.432126 0.543456 1 
0.998052 0.0323509 -0.05317 0 0.0317256 -0.999408 -0.012563 0 -0.053546 0.0108519 -0.998506 0 -0.230655 -0.432127 0.543459 1 
0.998052 0.0323518 -0.0531662 0 0.0317262 -0.999408 -0.0125689 0 -0.0535424 0.0108579 -0.998507 0 -0.230656 -0.432126 0.543455 1 
0.998052 0.0323539 -0.0531706 0 0.0317286 -0.999408 -0.0125642 0 -0.0535466 0.0108529 -0.998506 0 -0.230654 -0.432127 0.543459 1 
0.998052 0.0323442 -0.053171 0 0.0317189 -0.999408 -0.0125627 0 -0.0535469 0.0108519 -0.998506 0 -0.230658 -0.432125 0.543459 1 
0.998052 0.0323546 -0.053167 0 0.0317289 -0.999408 -0.0125694 0 -0.0535432 0.0108582 -0.998506 0 -0.230654 -0.432127 0.543455 1 
0.998052 0.0323409 -0.0531691 0 0.0317155 -0.999408 -0.0125646 0 -0.053545 0.010854 -0.998506 0 -0.230658 -0.432125 0.543457 1 
0.998052 0.0323472 -0.053167 0 0.0317216 -0.999408 -0.0125681 0 -0.0535431 0.0108573 -0.998507 0 -0.230658 -0.432125 0.543456 1 
0.998052 0.0323474 -0.053168 0 0.0317218 -0.999408 -0.0125683 0 -0.0535441 0.0108574 -0.998506 0 -0.230656 -0.432126 0.543456 1 
0.998052 0.0323474 -0.0531682 0 0.0317218 -0.999408 -0.0125679 0 -0.0535443 0.0108571 -0.998506 0 -0.230656 -0.432126 0.543456 1 
0.998052 0.0323473 -0.0531688 0 0.0317218 -0.999408 -0.0125675 0 -0.0535449 0.0108567 -0.998506 0 -0.230656 -0.432127 0.543457 1 
0.998052 0.0323494 -0.0531696 0 0.0317239 -0.999408 -0.0125661 0 -0.0535456 0.0108551 -0.998506 0 -0.230656 -0.432127 0.543457 1 
0.998052 0.032349 -0.0531655 0 0.0317233 -0.999408 -0.0125709 0 -0.0535417 0.01086 -0.998507 0 -0.230656 -0.432126 0.543454 1 
0.998052 0.0323427 -0.0531664 0 0.0317172 -0.999408 -0.0125664 0 -0.0535424 0.0108558 -0.998507 0 -0.230657 -0.432126 0.543456 1 
0.998052 0.0323508 -0.0531686 0 0.0317255 -0.999408 -0.0125636 0 -0.0535446 0.0108525 -0.998506 0 -0.230656 -0.432126 0.543458 1 
0.998052 0.0323528 -0.0531702 0 0.0317275 -0.999408 -0.0125628 0 -0.0535461 0.0108516 -0.998506 0 -0.230656 -0.432126 0.543459 1 
0.998052 0.0323474 -0.053167 0 0.0317218 -0.999408 -0.0125685 0 -0.0535432 0.0108577 -0.998507 0 -0.230656 -0.432125 0.543456 1 
0.998052 0.0323443 -0.0531663 0 0.0317188 -0.999408 -0.0125674 0 -0.0535423 0.0108567 -0.998507 0 -0.230657 -0.432126 0.543456 1 
0.998052 0.032351 -0.0531677 0 0.0317254 -0.999408 -0.012569 0 -0.0535438 0.0108579 -0.998506 0 -0.230656 -0.432126 0.543456 1 
0.998052 0.0323469 -0.0531685 0 0.0317214 -0.999408 -0.0125666 0 -0.0535446 0.0108558 -0.998506 0 -0.230658 -0.432125 0.543457 1 
0.998052 0.0323521 -0.0531681 0 0.0317265 -0.999408 -0.0125682 0 -0.0535442 0.0108571 -0.998506 0 -0.230655 -0.432126 0.543456 1 
0.998052 0.0323484 -0.0531698 0 0.0317229 -0.999408 -0.0125661 0 -0.0535459 0.0108552 -0.998506 0 -0.230657 -0.432125 0.543457 1 
0.998052 0.032349 -0.0531702 0 0.0317236 -0.999408 -0.0125641 0 -0.0535462 0.0108531 -0.998506 0 -0.230657 -0.432125 0.543459 1 
0.998052 0.0323505 -0.0531676 0 0.0317249 -0.999408 -0.0125682 0 -0.0535438 0.0108571 -0.998506 0 -0.230655 -0.432127 0.543456 1 
0.998052 0.0323549 -0.0531693 0 0.0317295 -0.999408 -0.012565 0 -0.0535454 0.0108537 -0.998506 0 -0.230654 -0.432126 0.543458 1 
0.998052 0.032342 -0.0531687 0 0.0317164 -0.999408 -0.0125681 0 -0.0535448 0.0108575 -0.998506 0 -0.230658 -0.432124 0.543457 1 
0.998051 0.0323581 -0.0531697 0 0.0317327 -0.999408 -0.0125642 0 -0.0535458 0.0108527 -0.998506 0 -0.230653 -0.432128 0.543458 1 
0.998052 0.032353 -0.0531684 0 0.0317274 -0.999408 -0.0125689 0 -0.0535446 0.0108577 -0.998506 0 -0.230656 -0.432125 0.543456 1 
0.998052 0.0323488 -0.0531687 0 0.0317232 -0.999408 -0.0125683 0 -0.0535448 0.0108574 -0.998506 0 -0.230657 -0.432127 0.543456 1 
0.998052 0.0323487 -0.0531685 0 0.0317232 -0.999408 -0.0125673 0 -0.0535446 0.0108563 -0.998506 0 -0.230656 -0.432126 0.543457 1 
0.998052 0.0323531 -0.0531665 0 0.0317275 -0.999408 -0.0125684 0 -0.0535427 0.0108573 -0.998507 0 -0.230656 -0.432126 0.543456 1 
0.998052 0.0323484 -0.0531691 0 0.031723 -0.999408 -0.0125648 0 -0.0535451 0.0108538 -0.998506 0 -0.230656 -0.432125 0.543458 1 
0.998052 0.032353 -0.053168 0 0.0317274 -0.999408 -0.0125691 0 -0.0535442 0.0108579 -0.998506 0 -0.230656 -0.432126 0.543456 1 
0.998052 0.0323457 -0.0531683 0 0.0317202 -0.999408 -0.0125682 0 -0.0535444 0.0108574 -0.998506 0 -0.230657 -0.432125 0.543456 1 
0.998052 0.0323424 -0.0531701 0 0.031717 -0.999408 -0.0125634 0 -0.053546 0.0108528 -0.998506 0 -0.230657 -0.432125 0.543459 1 
0.998052 0.0323496 -0.0531692 0 0.0317242 -0.999408 -0.0125644 0 -0.0535452 0.0108534 -0.998506 0 -0.230655 -0.432126 0.543458 1 
0.998052 0.032346 -0.053167 0 0.0317205 -0.999408 -0.0125671 0 -0.0535431 0.0108563 -0.998507 0 -0.230658 -0.432125 0.543456 1 
0.998052 0.0323553 -0.0531697 0 0.0317298 -0.999408 -0.0125673 0 -0.0535459 0.0108559 -0.998506 0 -0.230656 -0.432127 0.543457 1 
0.998052 0.0323459 -0.0531685 0 0.0317203 -0.999408 -0.0125685 0 -0.0535446 0.0108577 -0.998506 0 -0.230656 -0.432125 0.543456 1 
0.998052 0.0323458 -0.0531702 0 0.0317204 -0.999408 -0.012564 0 -0.0535462 0.0108532 -0.998506 0 -0.230656 -0.432126 0.543458 1 
0.998052 0.0323467 -0.0531686 0 0.0317212 -0.999408 -0.0125659 0 -0.0535446 0.0108551 -0.998506 0 -0.230656 -0.432126 0.543457 1 
0.998052 0.0323472 -0.053168 0 0.0317218 -0.999408 -0.012564 0 -0.053544 0.0108531 -0.998507 0 -0.230658 -0.432125 0.543458 1 
0.998052 0.0323496 -0.0531671 0 0.031724 -0.999408 -0.0125699 0 -0.0535433 0.010859 -0.998506 0 -0.230656 -0.432126 0.543455 1 
0.998052 0.0323458 -0.0531657 0 0.0317202 -0.999408 -0.0125696 0 -0.0535419 0.0108589 -0.998507 0 -0.230659 -0.432125 0.543455 1 
0.998052 0.0323511 -0.053171 0 0.0317258 -0.999408 -0.0125621 0 -0.053547 0.0108509 -0.998506 0 -0.230656 -0.432126 0.543459 1 
0.998052 0.0323435 -0.0531698 0 0.0317181 -0.999408 -0.0125648 0 -0.0535457 0.0108541 -0.998506 0 -0.230657 -0.432126 0.543457 1 
0.998052 0.0323497 -0.0531677 0 0.0317242 -0.999408 -0.0125682 0 -0.0535438 0.0108572 -0.998506 0 -0.230657 -0.432126 0.543456 1 
0.998052 0.0323429 -0.0531702 0 0.0317175 -0.999408 -0.0125641 0 -0.0535461 0.0108534 -0.998506 0 -0.230658 -0.432125 0.543458 1 
0.998052 0.0323506 -0.0531714 0 0.0317253 -0.999408 -0.0125639 0 -0.0535474 0.0108528 -0.998506 0 -0.230656 -0.432126 0.543459 1 
0.998052 0.0323493 -0.0531678 0 0.0317239 -0.999408 -0.0125659 0 -0.0535439 0.0108549 -0.998506 0 -0.230657 -0.432125 0.543457 1 
0.998052 0.0323513 -0.0531699 0 0.0317258 -0.999408 -0.0125672 0 -0.053546 0.010856 -0.998506 0 -0.230655 -0.432126 0.543457 1 
0.998052 0.0323478 -0.0531676 0 0.0317223 -0.999408 -0.0125674 0 -0.0535437 0.0108565 -0.998506 0 -0.230656 -0.432125 0.543456 1 
0.998052 0.0323485 -0.0531687 0 0.031723 -0.999408 -0.0125662 0 -0.0535448 0.0108553 -0.998506 0 -0.230657 -0.432125 0.543457 1 
0.998052 0.0323457 -0.0531679 0 0.0317202 -0.999408 -0.0125669 0 -0.053544 0.0108561 -0.998506 0 -0.230658 -0.432125 0.543456 1 
0.998051 0.0323521 -0.0531727 0 0.0317269 -0.999408 -0.0125594 0 -0.0535486 0.0108481 -0.998506 0 -0.230655 -0.432126 0.543461 1 
0.998052 0.032345 -0.0531672 0 0.0317194 -0.999408 -0.0125676 0 -0.0535433 0.0108569 -0.998507 0 -0.230658 -0.432125 0.543456 1 
0.998052 0.0323415 -0.0531672 0 0.0317161 -0.999408 -0.0125653 0 -0.0535432 0.0108548 -0.998507 0 -0.230659 -0.432124 0.543457 1 
0.998051 0.0323644 -0.0531713 0 0.0317392 -0.999408 -0.0125611 0 -0.0535473 0.0108492 -0.998506 0 -0.23065 -0.432129 0.54346 1 
0.998051 0.0323579 -0.0531763 0 0.031733 -0.999408 -0.0125547 0 -0.0535521 0.010843 -0.998506 0 -0.230654 -0.432129 0.543462 1 
0.998053 0.0323128 -0.0531712 0 0.0316878 -0.999409 -0.0125561 0 -0.0535466 0.010847 -0.998506 0 -0.230674 -0.432118 0.543461 1 
0.998053 0.0323136 -0.0531733 0 0.0316885 -0.999409 -0.0125558 0 -0.0535486 0.0108466 -0.998506 0 -0.230674 -0.432118 0.543461 1 
0.998053 0.0323151 -0.0531694 0 0.0316898 -0.999409 -0.0125616 0 -0.053545 0.0108524 -0.998506 0 -0.230671 -0.432119 0.543458 1 
0.998052 0.0323485 -0.0531717 0 0.0317232 -0.999408 -0.012563 0 -0.0535477 0.0108519 -0.998506 0 -0.230658 -0.432126 0.543458 1 
0.998054 0.0322974 -0.0531659 0 0.0316719 -0.99941 -0.0125662 0 -0.0535414 0.0108581 -0.998507 0 -0.230679 -0.432115 0.543456 1 
0.998054 0.0322981 -0.0531622 0 0.031672 -0.99941 -0.0125764 0 -0.0535381 0.0108684 -0.998507 0 -0.230683 -0.432112 0.543451 1 
0.998057 0.032189 -0.0531618 0 0.0315637 -0.999413 -0.0125618 0 -0.053536 0.0108596 -0.998507 0 -0.230731 -0.432089 0.543456 1 
0.998057 0.0322098 -0.0531499 0 0.0315828 -0.999412 -0.0125939 0 -0.0535254 0.010891 -0.998507 0 -0.230723 -0.432099 0.54344 1 
0.998057 0.0322202 -0.0531518 0 0.0315936 -0.999412 -0.0125882 0 -0.0535271 0.0108847 -0.998507 0 -0.230718 -0.432101 0.543442 1 
0.998057 0.0322149 -0.0531429 0 0.0315876 -0.999412 -0.0126034 0 -0.0535187 0.0109005 -0.998507 0 -0.230723 -0.432099 0.543434 1 
0.998056 0.0322872 -0.0531319 0 0.0316584 -0.999409 -0.0126334 0 -0.0535095 0.010927 -0.998508 0 -0.230694 -0.432118 0.543418 1 
0.998058 0.0322488 -0.053105 0 0.031618 -0.99941 -0.0126772 0 -0.0534835 0.0109737 -0.998508 0 -0.230709 -0.432113 0.543395 1 
0.998058 0.0323061 -0.0530738 0 0.0316727 -0.999408 -0.0127308 0 -0.0534547 0.0110253 -0.998509 0 -0.230687 -0.432132 0.543363 1 
0.998059 0.032436 -0.0529869 0 0.0317949 -0.999402 -0.0128979 0 -0.0533746 0.0111884 -0.998512 0 -0.230642 -0.432185 0.543273 1 
0.998054 0.0327473 -0.0528905 0 0.0320956 -0.999389 -0.013125 0 -0.053289 0.0114021 -0.998514 0 -0.230525 -0.432295 0.543154 1 
0.998028 0.0331253 -0.053141 0 0.0324987 -0.999383 -0.0126132 0 -0.053527 0.0108616 -0.998507 0 -0.230441 -0.432566 0.543122 1 
0.997938 0.0350415 -0.053596 0 0.0344677 -0.999329 -0.0115928 0 -0.0539673 0.00972175 -0.998495 0 -0.229816 -0.433481 0.542959 1 
0.997838 0.0379938 -0.0534533 0 0.0374091 -0.99922 -0.0118966 0 -0.0538646 0.00987142 -0.998499 0 -0.228569 -0.434529 0.542532 1 
0.997772 0.0402176 -0.0530511 0 0.0396025 -0.999127 -0.0125946 0 -0.0535123 0.0104658 -0.998512 0 -0.22699 -0.435888 0.54181 1 
0.997708 0.0424142 -0.052546 0 0.0417612 -0.999027 -0.0134627 0 -0.0530669 0.0112377 -0.998528 0 -0.225121 -0.437684 0.540762 1 
0.997689 0.0431848 -0.0522675 0 0.0425146 -0.99899 -0.013868 0 -0.0528146 0.0116141 -0.998537 0 -0.222853 -0.440241 0.539325 1 
0.997792 0.0411552 -0.0519414 0 0.0404617 -0.999069 -0.0143337 0 -0.052484 0.0122006 -0.998547 0 -0.220238 -0.443358 0.537437 1 
0.997995 0.0360849 -0.051822 0 0.0353874 -0.999261 -0.0143159 0 -0.0523014 0.0124536 -0.998554 0 -0.217315 -0.447048 0.535219 1 
0.998148 0.0310792 -0.0521019 0 0.0304242 -0.999439 -0.0133188 0 -0.0524876 0.0117092 -0.998553 0 -0.213738 -0.451933 0.532407 1 
0.998306 0.0242935 -0.0526928 0 0.0237029 -0.99964 -0.0118051 0 -0.0529616 0.0105363 -0.998541 0 -0.210233 -0.457865 0.528587 1 
0.998392 0.0190203 -0.0532195 0 0.0184969 -0.999766 -0.0103102 0 -0.0534042 0.0093094 -0.99853 0 -0.206233 -0.464401 0.524353 1 
0.998477 0.0134765 -0.0533131 0 0.0129706 -0.999858 -0.00982459 0 -0.053439 0.00911831 -0.998529 0 -0.202043 -0.471395 0.519189 1 
0.998513 0.00714295 -0.0538568 0 0.00671769 -0.999935 -0.00807308 0 -0.053912 0.00769944 -0.998516 0 -0.198069 -0.47908 0.513466 1 
0.99853 -0.00336984 -0.0539254 0 -0.00377249 -0.999956 -0.00736669 0 -0.0538993 0.00755943 -0.998518 0 -0.194052 -0.486756 0.507069 1 
0.998366 -0.017678 -0.05416 0 -0.0180242 -0.99981 -0.00590962 0 -0.0540463 0.00687629 -0.998515 0 -0.19012 -0.494876 0.500117 1 
0.997927 -0.0346086 -0.0540871 0 -0.0349223 -0.999369 -0.004865 0 -0.0538856 0.00674389 -0.998524 0 -0.186194 -0.503224 0.492281 1 
0.99706 -0.0540917 -0.0540967 0 -0.0543829 -0.998503 -0.00392442 0 -0.0538045 0.00685495 -0.998528 0 -0.182078 -0.511842 0.483827 1 
0.995876 -0.0725848 -0.0542467 0 -0.0728179 -0.997333 -0.00233016 0 -0.0539339 0.0062708 -0.998525 0 -0.177817 -0.520468 0.475199 1 
0.994359 -0.0910981 -0.0541403 0 -0.0913318 -0.995809 -0.00185224 0 -0.0537457 0.00678665 -0.998532 0 -0.173759 -0.529243 0.46544 1 
0.992719 -0.107582 -0.0539972 0 -0.107818 -0.99416 -0.00145586 0 -0.0535263 0.00726725 -0.99854 0 -0.16953 -0.537893 0.455403 1 
0.991117 -0.12155 -0.0537968 0 -0.121835 -0.992539 -0.00203011 0 -0.0531497 0.00856656 -0.99855 0 -0.165374 -0.546559 0.444389 1 
0.990638 -0.125447 -0.0536739 0 -0.125772 -0.992046 -0.00272156 0 -0.0529065 0.00944695 -0.998555 0 -0.16127 -0.554817 0.433373 1 
0.991512 -0.118436 -0.053465 0 -0.118851 -0.992892 -0.0046379 0 -0.0525366 0.0109531 -0.998559 0 -0.157081 -0.562988 0.421625 1 
0.992653 -0.108505 -0.0533675 0 -0.108957 -0.994021 -0.00562676 0 -0.0524388 0.0114004 -0.998559 0 -0.153592 -0.570771 0.409996 1 
0.993782 -0.0975964 -0.0534149 0 -0.0980485 -0.995154 -0.00590397 0 -0.0525809 0.0111047 -0.998555 0 -0.15033 -0.579103 0.396952 1 
0.994767 -0.0869618 -0.0534465 0 -0.0874491 -0.996136 -0.00684238 0 -0.052646 0.0114806 -0.998547 0 -0.148143 -0.586266 0.38445 1 
0.995703 -0.0753862 -0.0536108 0 -0.07589 -0.997079 -0.00742214 0 -0.0528957 0.011459 -0.998534 0 -0.147104 -0.592967 0.371764 1 
0.996569 -0.0629928 -0.0535081 0 -0.0635668 -0.997927 -0.00909273 0 -0.0528254 0.0124631 -0.998526 0 -0.147032 -0.598504 0.359695 1 
0.997465 -0.046769 -0.0534443 0 -0.0474272 -0.998803 -0.0111139 0 -0.0528616 0.0136207 -0.998509 0 -0.14775 -0.603494 0.347541 1 
0.998236 -0.0262378 -0.0530842 0 -0.0270124 -0.999528 -0.0139257 0 -0.0526948 0.0153354 -0.998493 0 -0.148987 -0.607749 0.335705 1 
0.998589 -0.00406909 -0.0527651 0 -0.00492238 -0.999849 -0.0160514 0 -0.0526928 0.0162888 -0.998478 0 -0.150357 -0.611588 0.324568 1 
0.998464 0.0179 -0.0522477 0 0.016968 -0.99968 -0.0182279 0 -0.0525583 0.0173137 -0.998468 0 -0.151762 -0.615119 0.313558 1 
0.998047 0.0346837 -0.0517761 0 0.0337331 -0.999238 -0.0191223 0 -0.0524009 0.0173387 -0.998476 0 -0.153281 -0.618659 0.302325 1 
0.997668 0.044885 -0.0512254 0 0.0438945 -0.99882 -0.0203015 0 -0.0520772 0.018006 -0.998481 0 -0.154735 -0.621889 0.290778 1 
0.997577 0.0473352 -0.050804 0 0.0463265 -0.998699 -0.0208539 0 -0.0517261 0.0184501 -0.998491 0 -0.156271 -0.624877 0.279199 1 
0.997627 0.0466981 -0.050405 0 0.0456771 -0.998721 -0.0212227 0 -0.0513325 0.0188704 -0.998503 0 -0.157884 -0.6276 0.267545 1 
0.99768 0.0458309 -0.0501423 0 0.0448336 -0.998768 -0.0208368 0 -0.0510364 0.0185407 -0.998525 0 -0.159593 -0.630256 0.255654 1 
0.997803 0.0435109 -0.0497643 0 0.0425227 -0.99887 -0.0207467 0 -0.0506118 0.0185854 -0.998545 0 -0.161459 -0.63261 0.243415 1 
0.998028 0.0384677 -0.0494112 0 0.0374883 -0.999075 -0.0205994 0 -0.0501588 0.0187068 -0.998566 0 -0.163454 -0.634793 0.230442 1 
0.998352 0.0293577 -0.0491037 0 0.0283965 -0.999384 -0.0201577 0 -0.0496662 0.0187305 -0.99859 0 -0.165303 -0.63667 0.217525 1 
0.998653 0.0173409 -0.0486986 0 0.0163787 -0.999654 -0.0200883 0 -0.049031 0.019264 -0.998611 0 -0.167164 -0.63822 0.204165 1 
0.998807 0.00328286 -0.0485148 0 0.00236374 -0.999807 -0.0189902 0 -0.0485687 0.0188532 -0.998642 0 -0.168986 -0.639642 0.19089 1 
0.998741 -0.0127202 -0.0483172 0 -0.0136021 -0.999736 -0.0179679 0 -0.0480768 0.0186029 -0.99867 0 -0.170573 -0.640767 0.178071 1 
0.998336 -0.0313993 -0.0481732 0 -0.0322343 -0.999332 -0.0166536 0 -0.0476191 0.0181791 -0.9987 0 -0.172165 -0.641666 0.165086 1 
0.99764 -0.0488534 -0.048037 0 -0.049619 -0.998648 -0.0148765 0 -0.0472462 0.0172252 -0.998735 0 -0.173902 -0.642387 0.152115 1 
0.996686 -0.0656579 -0.0478293 0 -0.0663798 -0.997691 -0.0136639 0 -0.0468227 0.0167938 -0.998762 0 -0.175727 -0.642866 0.14007 1 
0.995826 -0.0776875 -0.0477024 0 -0.07835 -0.996842 -0.012176 0 -0.0466067 0.015863 -0.998787 0 -0.177869 -0.643555 0.128647 1 
0.99531 -0.0841482 -0.0475127 0 -0.0847702 -0.996328 -0.0112283 0 -0.0463942 0.0152035 -0.998808 0 -0.180456 -0.644294 0.118098 1 
0.995003 -0.0875811 -0.0477347 0 -0.0881566 -0.996046 -0.0100817 0 -0.0466639 0.0142397 -0.998809 0 -0.183695 -0.645321 0.108918 1 
0.994661 -0.0908785 -0.0486907 0 -0.0913885 -0.995771 -0.00834847 0 -0.047727 0.0127539 -0.998779 0 -0.187448 -0.646835 0.101022 1 
0.994393 -0.0930557 -0.0500481 0 -0.0936148 -0.995559 -0.00894019 0 -0.0489948 0.0135756 -0.998707 0 -0.191471 -0.648147 0.0938416 1 
0.994274 -0.0934468 -0.051647 0 -0.0940649 -0.995509 -0.00966505 0 -0.0505129 0.0144682 -0.998619 0 -0.195954 -0.64978 0.0878999 1 
0.994288 -0.092542 -0.052998 0 -0.0931627 -0.995597 -0.00935832 0 -0.0518996 0.0142426 -0.998551 0 -0.200956 -0.651795 0.0836617 1 
0.994573 -0.0888114 -0.0540139 0 -0.0893948 -0.995951 -0.00847867 0 -0.0530432 0.0132615 -0.998504 0 -0.206451 -0.653849 0.0799774 1 
0.995018 -0.0830878 -0.0549248 0 -0.0835732 -0.99647 -0.00659753 0 -0.0541838 0.0111551 -0.998469 0 -0.212139 -0.655923 0.0771978 1 
0.995619 -0.0749614 -0.0557158 0 -0.0753511 -0.997135 -0.00492352 0 -0.0551882 0.00910037 -0.998434 0 -0.21807 -0.65759 0.0747956 1 
0.996142 -0.0673476 -0.0560925 0 -0.0677092 -0.997685 -0.00456942 0 -0.055656 0.00834993 -0.998415 0 -0.224204 -0.658439 0.0722238 1 
0.996279 -0.0651687 -0.0562378 0 -0.0655366 -0.997829 -0.00472054 0 -0.0558092 0.00838877 -0.998406 0 -0.229799 -0.658377 0.0697523 1 
0.996215 -0.0660027 -0.0563862 0 -0.0663732 -0.997774 -0.00472116 0 -0.0559502 0.00844599 -0.998398 0 -0.235168 -0.657971 0.0678162 1 
0.996063 -0.0684407 -0.0561781 0 -0.068876 -0.997598 -0.00584747 0 -0.0556441 0.00969396 -0.998404 0 -0.240324 -0.656838 0.0656087 1 
0.995916 -0.0709707 -0.0556279 0 -0.0715181 -0.997398 -0.00791052 0 -0.0549229 0.0118568 -0.99842 0 -0.244753 -0.655168 0.0634018 1 
0.996088 -0.0690546 -0.0549597 0 -0.0697137 -0.997506 -0.010166 0 -0.0541217 0.013958 -0.998437 0 -0.247801 -0.653596 0.0616288 1 
0.996485 -0.0636256 -0.0543103 0 -0.0643871 -0.997838 -0.0123861 0 -0.0534059 0.0158397 -0.998447 0 -0.249431 -0.652408 0.0600412 1 
0.996877 -0.0576721 -0.053774 0 -0.0585155 -0.998175 -0.0142438 0 -0.0528554 0.0173463 -0.998452 0 -0.249573 -0.651905 0.0587855 1 
0.997277 -0.0506259 -0.0534361 0 -0.0514949 -0.998551 -0.0150116 0 -0.0525997 0.0177228 -0.998458 0 -0.249035 -0.652025 0.0577781 1 
0.997696 -0.0415021 -0.0534976 0 -0.0423531 -0.998982 -0.0148732 0 -0.0528269 0.0171051 -0.998457 0 -0.248389 -0.652801 0.0571862 1 
0.998109 -0.0297282 -0.0536314 0 -0.0305531 -0.999416 -0.0146266 0 -0.0531663 0.0162379 -0.998454 0 -0.247854 -0.653909 0.0566732 1 
0.998441 -0.0142001 -0.0537934 0 -0.0149946 -0.999774 -0.0143944 0 -0.0535778 0.0151789 -0.998448 0 -0.247583 -0.65513 0.0560479 1 
0.998538 0.00211037 -0.0538356 0 0.00132702 -0.999883 -0.0145822 0 -0.0538611 0.0144898 -0.998443 0 -0.247568 -0.656207 0.0550503 1 
0.998443 0.0145502 -0.053664 0 0.0137486 -0.999779 -0.0152767 0 -0.0538755 0.0145154 -0.998442 0 -0.247602 -0.656902 0.053756 1 
0.998367 0.0195976 -0.0534768 0 0.0187716 -0.999688 -0.0159049 0 -0.0537729 0.0148754 -0.998442 0 -0.247723 -0.657353 0.0524037 1 
0.998361 0.0200115 -0.0534453 0 0.0191698 -0.999675 -0.0162143 0 -0.0537534 0.0151634 -0.998439 0 -0.248004 -0.657841 0.0509926 1 
0.998362 0.0194793 -0.0536181 0 0.0186483 -0.999689 -0.0159555 0 -0.0539133 0.0149297 -0.998434 0 -0.24867 -0.658517 0.0496812 1 
0.998368 0.0185387 -0.0538297 0 0.0177239 -0.999712 -0.0155733 0 -0.054104 0.0145941 -0.998429 0 -0.249665 -0.659231 0.0482111 1 
0.998386 0.0174666 -0.05387 0 0.0166492 -0.99973 -0.0155856 0 -0.0541288 0.0146638 -0.998426 0 -0.250703 -0.659793 0.04643 1 
0.998399 0.0164365 -0.0539522 0 0.0156219 -0.999748 -0.0154868 0 -0.0541942 0.0146194 -0.998423 0 -0.251689 -0.660335 0.0448456 1 
0.998407 0.0154706 -0.054075 0 0.0146702 -0.999768 -0.0151681 0 -0.0542982 0.014351 -0.998422 0 -0.252579 -0.66093 0.0434872 1 
0.998432 0.0139446 -0.0540412 0 0.0131555 -0.999792 -0.014931 0 -0.0542392 0.0141969 -0.998427 0 -0.253509 -0.661455 0.0420115 1 
0.998501 0.0105015 -0.0535352 0 0.009679 -0.999822 -0.0155991 0 -0.0536905 0.0150579 -0.998444 0 -0.254125 -0.661524 0.0401536 1 
0.998567 0.00675143 -0.0529055 0 0.0058786 -0.999835 -0.016636 0 -0.0530101 0.0163015 -0.998461 0 -0.25446 -0.661387 0.0382868 1 
0.998603 0.0036376 -0.0525254 0 0.00273624 -0.999838 -0.0172221 0 -0.0525806 0.0170547 -0.998471 0 -0.254683 -0.661293 0.0368271 1 
0.998622 -0.000850587 -0.052282 0 -0.00175825 -0.999839 -0.0173172 0 -0.0522598 0.0173856 -0.998482 0 -0.254788 -0.661278 0.0358671 1 
0.998608 -0.0076143 -0.0520163 0 -0.00851571 -0.999807 -0.0171297 0 -0.0518768 0.0175492 -0.998499 0 -0.25475 -0.661314 0.0351516 1 
0.998497 -0.0167024 -0.0520227 0 -0.0175998 -0.999694 -0.0168397 0 -0.0517265 0.0177303 -0.998504 0 -0.254629 -0.661307 0.0345694 1 
0.998264 -0.027227 -0.0520354 0 -0.0281294 -0.999455 -0.0166902 0 -0.0515536 0.0181253 -0.998506 0 -0.254507 -0.661183 0.0340506 1 
0.998015 -0.0353264 -0.0519411 0 -0.0362482 -0.99919 -0.016912 0 -0.0513025 0.0187616 -0.998507 0 -0.25437 -0.660997 0.0334503 1 
0.997978 -0.036651 -0.0517518 0 -0.0376079 -0.999127 -0.017637 0 -0.0510612 0.019548 -0.998504 0 -0.254343 -0.660729 0.0327692 1 
0.997983 -0.0365133 -0.0517468 0 -0.0374884 -0.999125 -0.0179982 0 -0.0510453 0.0199021 -0.998498 0 -0.254343 -0.660548 0.0320681 1 
0.998035 -0.0348034 -0.0519102 0 -0.0358054 -0.999178 -0.0184986 0 -0.0512247 0.0203213 -0.99848 0 -0.254358 -0.660364 0.0313871 1 
0.99819 -0.0300216 -0.0519196 0 -0.0310393 -0.99933 -0.0189064 0 -0.0513182 0.0204842 -0.998472 0 -0.254417 -0.660211 0.0307086 1 
0.998352 -0.0241403 -0.0518734 0 -0.0251819 -0.999483 -0.019521 0 -0.0513763 0.0207955 -0.998463 0 -0.25443 -0.660034 0.030006 1 
0.998483 -0.0186278 -0.0516356 0 -0.019698 -0.99959 -0.0202959 0 -0.0512374 0.0212826 -0.99846 0 -0.254399 -0.659842 0.0294161 1 
0.998577 -0.0133993 -0.0514294 0 -0.0144877 -0.999668 -0.02085 0 -0.0511339 0.0215658 -0.998459 0 -0.254363 -0.659728 0.029018 1 
0.998609 -0.0112401 -0.0513317 0 -0.0123312 -0.999694 -0.0209887 0 -0.0510811 0.0215929 -0.998461 0 -0.2543 -0.659711 0.0288224 1 
0.998609 -0.0111657 -0.051338 0 -0.0122522 -0.999697 -0.0208967 0 -0.0510901 0.0214971 -0.998463 0 -0.254262 -0.65974 0.0287943 1 
0.99861 -0.0110785 -0.0513414 0 -0.0121634 -0.999699 -0.0208661 0 -0.0510957 0.021462 -0.998463 0 -0.254208 -0.659755 0.0287159 1 
0.998612 -0.0110083 -0.0513134 0 -0.012092 -0.9997 -0.0208567 0 -0.0510694 0.0214486 -0.998465 0 -0.254149 -0.659752 0.0285589 1 
0.998617 -0.010881 -0.051247 0 -0.0119693 -0.999699 -0.020976 0 -0.0510043 0.0215608 -0.998466 0 -0.254041 -0.659705 0.0281886 1 
0.998622 -0.0108155 -0.05117 0 -0.0119055 -0.999698 -0.0210457 0 -0.0509279 0.0216264 -0.998468 0 -0.253952 -0.659635 0.0276653 1 
0.998611 -0.0113446 -0.0512581 0 -0.0124079 -0.999704 -0.020472 0 -0.0510117 0.02108 -0.998476 0 -0.25402 -0.65963 0.027081 1 
0.99857 -0.014134 -0.0513752 0 -0.0151455 -0.999688 -0.0193539 0 -0.0510866 0.0201047 -0.998492 0 -0.2542 -0.659685 0.0266079 1 
0.998523 -0.0171191 -0.0513732 0 -0.0181056 -0.99965 -0.0187985 0 -0.0510344 0.0197013 -0.998503 0 -0.254362 -0.659648 0.0262761 1 
0.99842 -0.0223507 -0.0513728 0 -0.0233233 -0.999549 -0.0184103 0 -0.0509391 0.0195797 -0.99851 0 -0.254486 -0.659587 0.0260736 1 
0.99828 -0.0278848 -0.0513867 0 -0.0288585 -0.999406 -0.0183057 0 -0.0508467 0.0197576 -0.998511 0 -0.254573 -0.659488 0.0259214 1 
0.998109 -0.0334812 -0.0513695 0 -0.0344608 -0.999229 -0.0183044 0 -0.050718 0.0200404 -0.998512 0 -0.254567 -0.659385 0.0256827 1 
0.998032 -0.0358268 -0.051268 0 -0.0368245 -0.999138 -0.0186501 0 -0.0505566 0.0205017 -0.998511 0 -0.254539 -0.65923 0.0253009 1 
0.998028 -0.0360952 -0.0511651 0 -0.0371043 -0.999123 -0.0189106 0 -0.0504386 0.0207722 -0.998511 0 -0.254533 -0.659092 0.0248384 1 
0.998036 -0.0360533 -0.0510474 0 -0.0370763 -0.999118 -0.0192359 0 -0.0503098 0.0210912 -0.998511 0 -0.254482 -0.658943 0.0242721 1 
0.998038 -0.0359924 -0.0510391 0 -0.0370131 -0.999121 -0.019196 0 -0.0503043 0.0210479 -0.998512 0 -0.254464 -0.658859 0.0236898 1 
0.998035 -0.0357515 -0.0512791 0 -0.0367318 -0.999148 -0.0183027 0 -0.050582 0.0201507 -0.998517 0 -0.254476 -0.658942 0.0230371 1 
0.998108 -0.0331254 -0.0516135 0 -0.0340712 -0.999256 -0.0175544 0 -0.0509946 0.0192801 -0.998513 0 -0.25457 -0.65897 0.0222349 1 
0.998181 -0.0306624 -0.0517191 0 -0.0315839 -0.999345 -0.0170949 0 -0.0511621 0.0186977 -0.998515 0 -0.25476 -0.658872 0.0213567 1 
0.998214 -0.0294601 -0.0517767 0 -0.0303666 -0.999388 -0.0168107 0 -0.0512508 0.0183533 -0.998517 0 -0.254943 -0.658738 0.0205506 1 
0.998212 -0.0295564 -0.051767 0 -0.0304571 -0.999387 -0.0166962 0 -0.0512428 0.0182433 -0.99852 0 -0.255187 -0.658547 0.0198384 1 
0.998197 -0.0300336 -0.0517766 0 -0.0309217 -0.999377 -0.0164361 0 -0.0512517 0.0180079 -0.998523 0 -0.2555 -0.65841 0.0193128 1 
0.998183 -0.0303236 -0.0518885 0 -0.031186 -0.999378 -0.0158932 0 -0.0513752 0.0174828 -0.998526 0 -0.255724 -0.658559 0.0191402 1 
0.998182 -0.0303403 -0.0518942 0 -0.0311919 -0.999381 -0.0156784 0 -0.0513874 0.0172689 -0.998529 0 -0.255698 -0.658731 0.0190659 1 
0.998155 -0.0311372 -0.0519339 0 -0.0319769 -0.99936 -0.0154161 0 -0.0514216 0.0170487 -0.998532 0 -0.255709 -0.65889 0.0190214 1 
0.998119 -0.0322923 -0.051926 0 -0.0331237 -0.999326 -0.0152304 0 -0.0514001 0.0169221 -0.998535 0 -0.255683 -0.658976 0.0190148 1 
0.998087 -0.033363 -0.0518708 0 -0.03419 -0.999291 -0.0151381 0 -0.05133 0.016883 -0.998539 0 -0.255648 -0.658998 0.0190128 1 
0.998064 -0.0340785 -0.0518437 0 -0.034902 -0.999268 -0.015062 0 -0.0512935 0.0168426 -0.998542 0 -0.255624 -0.659022 0.0190194 1 
0.998047 -0.0346017 -0.0518306 0 -0.0354232 -0.99925 -0.0150151 0 -0.0512732 0.0168221 -0.998543 0 -0.255591 -0.659042 0.0190165 1 
0.998045 -0.0346358 -0.0518458 0 -0.0354556 -0.999249 -0.0149778 0 -0.0512891 0.0167871 -0.998543 0 -0.255592 -0.659063 0.0190226 1 
0.998048 -0.0344774 -0.051893 0 -0.0352827 -0.99926 -0.014683 0 -0.0513494 0.0164856 -0.998545 0 -0.255523 -0.659236 0.0191144 1 
0.998039 -0.0342666 -0.0522009 0 -0.0350322 -0.999281 -0.0138211 0 -0.0516908 0.015623 -0.998541 0 -0.255562 -0.65976 0.0192515 1 
0.998021 -0.0339153 -0.0527599 0 -0.0346044 -0.999317 -0.0122027 0 -0.052311 0.0140046 -0.998533 0 -0.255696 -0.660731 0.0194794 1 
0.998084 -0.0317234 -0.0529494 0 -0.0324135 -0.99939 -0.0122262 0 -0.0525303 0.0139194 -0.998522 0 -0.255834 -0.661026 0.0193837 1 
0.998099 -0.031448 -0.0528276 0 -0.0321484 -0.999396 -0.0124609 0 -0.0524048 0.0141358 -0.998526 0 -0.255787 -0.660959 0.0192085 1 
0.998107 -0.0313709 -0.0527145 0 -0.0320911 -0.999392 -0.0128712 0 -0.0522797 0.0145388 -0.998527 0 -0.255721 -0.660843 0.0188679 1 
0.998114 -0.0312898 -0.0526262 0 -0.032023 -0.999391 -0.0131455 0 -0.0521838 0.0148063 -0.998528 0 -0.255684 -0.660834 0.0184814 1 
0.998138 -0.030658 -0.0525574 0 -0.0314065 -0.999406 -0.013475 0 -0.0521141 0.0151009 -0.998527 0 -0.255639 -0.66085 0.0180264 1 
0.998177 -0.0295315 -0.0524544 0 -0.0302982 -0.999435 -0.013882 0 -0.0520158 0.0154463 -0.998527 0 -0.25552 -0.660825 0.0176236 1 
0.998233 -0.0278957 -0.0522882 0 -0.0286861 -0.999475 -0.0144275 0 -0.0518593 0.0159022 -0.998528 0 -0.255408 -0.660703 0.0172752 1 
0.99826 -0.0271857 -0.0521449 0 -0.0279984 -0.999487 -0.014918 0 -0.0517136 0.0163523 -0.998528 0 -0.255388 -0.660547 0.0169548 1 
0.998291 -0.0264102 -0.0519365 0 -0.0272553 -0.999497 -0.0156308 0 -0.0514985 0.0170199 -0.998528 0 -0.255477 -0.660274 0.0164806 1 
0.998314 -0.0261536 -0.0516338 0 -0.0270361 -0.999489 -0.0164687 0 -0.0511777 0.0178373 -0.99853 0 -0.255618 -0.659884 0.0157606 1 
0.998331 -0.0255019 -0.0516371 0 -0.0263743 -0.99951 -0.0162842 0 -0.0511975 0.0176193 -0.998533 0 -0.255629 -0.6598 0.0150439 1 
0.998337 -0.0252091 -0.0516645 0 -0.0260679 -0.999522 -0.0160156 0 -0.051237 0.017336 -0.998536 0 -0.255588 -0.659761 0.0144547 1 
0.998337 -0.0251634 -0.0516744 0 -0.0260136 -0.999526 -0.0158459 0 -0.0512522 0.0171642 -0.998538 0 -0.255554 -0.659719 0.013974 1 
0.998337 -0.0251258 -0.0516942 0 -0.0259671 -0.99953 -0.0156674 0 -0.0512773 0.016984 -0.99854 0 -0.255528 -0.659695 0.0135928 1 
0.99834 -0.025066 -0.0516667 0 -0.0259028 -0.999533 -0.0155896 0 -0.0512528 0.0169023 -0.998543 0 -0.255471 -0.65967 0.0132706 1 
0.998345 -0.0249645 -0.0516291 0 -0.0257987 -0.999537 -0.0155539 0 -0.0512178 0.0168605 -0.998545 0 -0.255373 -0.659635 0.0128617 1 
0.998352 -0.0248195 -0.0515544 0 -0.0256546 -0.99954 -0.0155999 0 -0.0511444 0.0168972 -0.998548 0 -0.255246 -0.659572 0.0123492 1 
0.998363 -0.0245374 -0.0514842 0 -0.0253677 -0.999548 -0.0155362 0 -0.0510807 0.0168172 -0.998553 0 -0.255026 -0.659554 0.0117619 1 
0.998371 -0.0243048 -0.0514396 0 -0.0251338 -0.999554 -0.015531 0 -0.0510401 0.0167989 -0.998555 0 -0.254847 -0.659501 0.0111382 1 
0.998366 -0.0242327 -0.0515601 0 -0.0250381 -0.999564 -0.0150307 0 -0.0511744 0.0162974 -0.998557 0 -0.254819 -0.659498 0.0105125 1 
0.998356 -0.0242055 -0.0517741 0 -0.024981 -0.999575 -0.014384 0 -0.051405 0.015654 -0.998555 0 -0.254857 -0.659508 0.00987389 1 
0.998351 -0.0241732 -0.0518722 0 -0.0249263 -0.999583 -0.0139202 0 -0.051515 0.0151905 -0.998557 0 -0.254878 -0.659526 0.00943619 1 
0.998347 -0.0240007 -0.0520387 0 -0.0247385 -0.999592 -0.0135794 0 -0.0516926 0.0148446 -0.998553 0 -0.254844 -0.659621 0.00935893 1 
0.998345 -0.0240306 -0.0520581 0 -0.0247701 -0.999591 -0.0136063 0 -0.0517109 0.0148735 -0.998551 0 -0.254891 -0.659597 0.00934574 1 
0.998346 -0.0240248 -0.0520498 0 -0.024765 -0.999591 -0.0136219 0 -0.0517023 0.0148887 -0.998552 0 -0.254882 -0.659593 0.00932756 1 
0.998345 -0.0241474 -0.0520006 0 -0.0248921 -0.999586 -0.0137205 0 -0.0516488 0.0149925 -0.998553 0 -0.254939 -0.659532 0.00925124 1 
0.998345 -0.0241154 -0.0520292 0 -0.0248483 -0.999591 -0.0134854 0 -0.0516837 0.0147562 -0.998554 0 -0.254926 -0.659559 0.00891142 1 
0.998348 -0.0240988 -0.0519768 0 -0.0248194 -0.999594 -0.0132629 0 -0.0516371 0.0145313 -0.99856 0 -0.254876 -0.659623 0.00849194 1 
0.998349 -0.0242431 -0.051883 0 -0.0249623 -0.999591 -0.0132599 0 -0.0515413 0.0145334 -0.998565 0 -0.254882 -0.659582 0.00760763 1 
0.99832 -0.0254397 -0.0518708 0 -0.0261312 -0.999568 -0.0126956 0 -0.0515264 0.0140299 -0.998573 0 -0.254918 -0.659692 0.00655764 1 
0.998319 -0.0257088 -0.0517678 0 -0.0264182 -0.999556 -0.013066 0 -0.0514099 0.0144119 -0.998574 0 -0.254968 -0.659684 0.00564944 1 
0.998322 -0.0257988 -0.0516569 0 -0.0265163 -0.999551 -0.0132533 0 -0.0512928 0.0146011 -0.998577 0 -0.25501 -0.659531 0.00483808 1 
0.99832 -0.0257952 -0.0516984 0 -0.026509 -0.999552 -0.0131695 0 -0.0513365 0.0145181 -0.998576 0 -0.255046 -0.659585 0.00450088 1 
0.99832 -0.0258071 -0.0516848 0 -0.026525 -0.999551 -0.0132522 0 -0.0513206 0.0146012 -0.998575 0 -0.255074 -0.659597 0.00430781 1 
0.998321 -0.0257858 -0.0516879 0 -0.0265051 -0.999551 -0.0132798 0 -0.0513233 0.0146277 -0.998575 0 -0.255085 -0.659621 0.00420293 1 
0.998327 -0.0257766 -0.0515737 0 -0.0265078 -0.999547 -0.0135439 0 -0.0512022 0.0148886 -0.998577 0 -0.255062 -0.65955 0.00393204 1 
0.998334 -0.02566 -0.0514909 0 -0.0263993 -0.999548 -0.0137296 0 -0.0511163 0.0150664 -0.998579 0 -0.254987 -0.659536 0.00339706 1 
0.998337 -0.0256065 -0.0514703 0 -0.026347 -0.999549 -0.0137596 0 -0.0510957 0.0150931 -0.99858 0 -0.254999 -0.659599 0.00267683 1 
0.998345 -0.0255715 -0.0513191 0 -0.0263335 -0.999542 -0.0142273 0 -0.0509328 0.0155554 -0.998581 0 -0.255005 -0.659598 0.00169685 1 
0.998355 -0.0255364 -0.0511469 0 -0.0263194 -0.999536 -0.0146939 0 -0.0507489 0.0160162 -0.998583 0 -0.254997 -0.659546 0.000550639 1 
0.998366 -0.0254493 -0.0509714 0 -0.0262545 -0.99953 -0.0151901 0 -0.0505619 0.0165038 -0.998585 0 -0.254969 -0.659506 -0.000644076 1 
0.998371 -0.0255008 -0.050857 0 -0.026318 -0.999524 -0.0154631 0 -0.0504394 0.0167767 -0.998586 0 -0.255002 -0.659435 -0.00168814 1 
0.998368 -0.0254661 -0.0509175 0 -0.026266 -0.999531 -0.0151039 0 -0.0505099 0.016417 -0.998589 0 -0.25501 -0.659453 -0.002559 1 
0.998366 -0.0254461 -0.0509736 0 -0.0262308 -0.999537 -0.0147844 0 -0.0505748 0.0160976 -0.998591 0 -0.255003 -0.659388 -0.00333318 1 
0.998358 -0.025469 -0.0511262 0 -0.0262168 -0.999548 -0.0140109 0 -0.0507473 0.0153286 -0.998594 0 -0.255058 -0.659412 -0.00432411 1 
0.998351 -0.0253072 -0.0513415 0 -0.0260043 -0.999568 -0.0129549 0 -0.0509925 0.0142689 -0.998597 0 -0.255008 -0.659453 -0.00578945 1 
0.998317 -0.0257491 -0.0517784 0 -0.0263164 -0.999591 -0.0103034 0 -0.0514929 0.0116489 -0.998605 0 -0.255197 -0.659831 -0.00677246 1 
0.998317 -0.0260427 -0.051627 0 -0.0266111 -0.999583 -0.0103539 0 -0.0513368 0.0117106 -0.998613 0 -0.255287 -0.659707 -0.00678215 1 
0.998317 -0.0261129 -0.0515934 0 -0.0266838 -0.99958 -0.0104083 0 -0.0513009 0.0117677 -0.998614 0 -0.255316 -0.659672 -0.00680705 1 
0.998317 -0.0261449 -0.0515807 0 -0.0267154 -0.999579 -0.0104027 0 -0.051288 0.0117634 -0.998615 0 -0.255319 -0.659671 -0.0068036 1 
0.998313 -0.026687 -0.051376 0 -0.0272531 -0.999565 -0.0103501 0 -0.0510785 0.011733 -0.998626 0 -0.255312 -0.659659 -0.00682776 1 
0.998197 -0.0320791 -0.0505418 0 -0.0326254 -0.999408 -0.0100219 0 -0.0501914 0.011653 -0.998672 0 -0.255182 -0.65961 -0.00690202 1 
0.997862 -0.0428987 -0.0491044 0 -0.0433997 -0.999006 -0.0091818 0 -0.0486627 0.0112935 -0.998751 0 -0.254879 -0.65965 -0.00695207 1 
0.997165 -0.05813 -0.0475791 0 -0.0585772 -0.998241 -0.00805773 0 -0.0470279 0.0108221 -0.998835 0 -0.25459 -0.659728 -0.00698403 1 
0.99585 -0.0779269 -0.0468099 0 -0.0783373 -0.996893 -0.00699335 0 -0.0461203 0.0106315 -0.998879 0 -0.254242 -0.659805 -0.00702886 1 
0.993672 -0.102187 -0.0464142 0 -0.102561 -0.9947 -0.00574496 0 -0.045582 0.0104691 -0.998906 0 -0.253708 -0.659985 -0.00704148 1 
0.990456 -0.129693 -0.0464444 0 -0.13004 -0.991489 -0.00451202 0 -0.0454648 0.0105088 -0.998911 0 -0.253004 -0.660225 -0.00705618 1 
0.986329 -0.158045 -0.0464404 0 -0.158368 -0.987365 -0.00333465 0 -0.0453275 0.010644 -0.998915 0 -0.252406 -0.660405 -0.00705 1 
0.981207 -0.187223 -0.0464979 0 -0.187519 -0.982249 -0.00204294 0 -0.0452909 0.010724 -0.998916 0 -0.252122 -0.660486 -0.00706719 1 
0.975905 -0.21315 -0.0464562 0 -0.213426 -0.976949 -0.00100813 0 -0.0451713 0.010899 -0.99892 0 -0.252085 -0.660457 -0.00706722 1 
0.969713 -0.239761 -0.0463821 0 -0.240011 -0.97076 0.000195352 0 -0.0450736 0.010943 -0.998924 0 -0.252072 -0.660443 -0.00707805 1 
0.961692 -0.270205 -0.0460263 0 -0.270426 -0.96273 0.00146377 0 -0.0447072 0.0110392 -0.998939 0 -0.252032 -0.66041 -0.00709581 1 
0.951492 -0.304215 -0.0457869 0 -0.3044 -0.952529 0.0030593 0 -0.0445449 0.0110268 -0.998947 0 -0.251996 -0.660412 -0.00710283 1 
0.940008 -0.338057 -0.0456418 0 -0.338206 -0.94105 0.00464505 0 -0.0445224 0.0110702 -0.998947 0 -0.251985 -0.660404 -0.00710941 1 
0.927908 -0.37 -0.045468 0 -0.370115 -0.928955 0.00617321 0 -0.0445226 0.0111004 -0.998947 0 -0.251994 -0.660393 -0.00711494 1 
0.914019 -0.403114 -0.0452597 0 -0.403212 -0.915066 0.00735659 0 -0.044382 0.0115254 -0.998948 0 -0.252038 -0.660281 -0.00713593 1 
0.898339 -0.436973 -0.044958 0 -0.437035 -0.899389 0.00897429 0 -0.0443572 0.0115865 -0.998949 0 -0.252145 -0.660231 -0.00712963 1 
0.882519 -0.468131 -0.0446563 0 -0.468156 -0.883572 0.0105302 0 -0.0443874 0.0116133 -0.998947 0 -0.252263 -0.660187 -0.00713018 1 
0.865421 -0.499063 -0.0443099 0 -0.499054 -0.866476 0.0120667 0 -0.0444163 0.0116704 -0.998945 0 -0.252571 -0.660063 -0.00712814 1 
0.848722 -0.526993 -0.0439302 0 -0.526952 -0.849777 0.0134566 0 -0.0444232 0.0117284 -0.998944 0 -0.252935 -0.659919 -0.0071222 1 
0.832544 -0.552225 -0.0435669 0 -0.552164 -0.833598 0.0145254 0 -0.0443394 0.0119633 -0.998945 0 -0.253254 -0.659747 -0.00712919 1 
0.814802 -0.578115 -0.0431477 0 -0.578033 -0.815852 0.0156157 0 -0.0442307 0.0122174 -0.998947 0 -0.253658 -0.659533 -0.00714663 1 
0.795635 -0.604254 -0.0427003 0 -0.604147 -0.796683 0.0168257 0 -0.0441865 0.0124103 -0.998946 0 -0.254222 -0.659283 -0.00714586 1 
0.775925 -0.629392 -0.0422722 0 -0.629271 -0.77697 0.0177924 0 -0.0440435 0.0127953 -0.998948 0 -0.254782 -0.658984 -0.00716025 1 
0.755304 -0.654026 -0.0417856 0 -0.653882 -0.756347 0.0189191 0 -0.0439789 0.0130334 -0.998947 0 -0.255376 -0.658706 -0.00716548 1 
0.734069 -0.67781 -0.0411929 0 -0.677635 -0.735108 0.0201961 0 -0.0439711 0.0130887 -0.998947 0 -0.256017 -0.658461 -0.00715108 1 
0.713783 -0.699174 -0.0406262 0 -0.698972 -0.714817 0.0213339 0 -0.0439573 0.0131691 -0.998947 0 -0.256708 -0.658183 -0.00715776 1 
0.697336 -0.715601 -0.0402269 0 -0.715386 -0.698367 0.0220686 0 -0.0438863 0.0133888 -0.998947 0 -0.257238 -0.657932 -0.00716849 1 
0.684325 -0.728068 -0.0399595 0 -0.727848 -0.685354 0.0225281 0 -0.0437893 0.0136682 -0.998947 0 -0.257624 -0.657718 -0.00719975 1 
0.668364 -0.742754 -0.039833 0 -0.742546 -0.669395 0.0227244 0 -0.0435435 0.01439 -0.998948 0 -0.257992 -0.657405 -0.00722183 1 
0.649994 -0.758904 -0.0394169 0 -0.758684 -0.651023 0.0234235 0 -0.0434383 0.0146801 -0.998948 0 -0.258313 -0.657192 -0.00721379 1 
0.630195 -0.775454 -0.0388 0 -0.775213 -0.631217 0.0243295 0 -0.0433584 0.0147462 -0.998951 0 -0.258622 -0.657038 -0.00720834 1 
0.607184 -0.793636 -0.0380848 0 -0.79337 -0.608196 0.0253293 0 -0.0432661 0.0148361 -0.998953 0 -0.258998 -0.656856 -0.00719565 1 
0.585562 -0.809752 -0.0374068 0 -0.809463 -0.586567 0.0262558 0 -0.0432031 0.0149053 -0.998955 0 -0.25923 -0.656738 -0.00718708 1 
0.56629 -0.823371 -0.0368148 0 -0.823063 -0.567288 0.02707 0 -0.0431741 0.0149717 -0.998955 0 -0.259298 -0.656688 -0.00720077 1 
0.546449 -0.836693 -0.0363061 0 -0.836373 -0.547443 0.027715 0 -0.0430653 0.0152209 -0.998956 0 -0.259448 -0.656516 -0.00720633 1 
0.525609 -0.849958 -0.0358892 0 -0.849635 -0.526599 0.0281852 0 -0.0428563 0.0156786 -0.998958 0 -0.25958 -0.656223 -0.00721974 1 
0.506561 -0.861467 -0.0353683 0 -0.861132 -0.507546 0.0287953 0 -0.0427581 0.0158705 -0.998959 0 -0.259549 -0.656098 -0.00722226 1 
0.488443 -0.871895 -0.0347004 0 -0.87154 -0.489418 0.0294864 0 -0.0426928 0.0158406 -0.998963 0 -0.2595 -0.656109 -0.00719972 1 
0.471169 -0.881375 -0.0340251 0 -0.881 -0.472133 0.030166 0 -0.0426527 0.0157631 -0.998966 0 -0.259313 -0.656198 -0.00717499 1 
0.456417 -0.889126 -0.0334476 0 -0.888734 -0.457371 0.0307325 0 -0.0426239 0.0156995 -0.998968 0 -0.258997 -0.656332 -0.00715829 1 
