0.997926 0.0320774 -0.0556333 0 0.0316905 -0.999457 -0.00782289 0 -0.0558551 0.00604373 -0.998421 0 -0.23044 -0.431701 0.546043 1 
0.997926 0.0320894 -0.0556338 0 0.0317027 -0.999457 -0.00781962 0 -0.0558556 0.00603978 -0.998421 0 -0.230437 -0.431703 0.546045 1 
0.997926 0.0320857 -0.0556347 0 0.0316991 -0.999457 -0.00781761 0 -0.0558565 0.00603794 -0.998421 0 -0.230439 -0.431702 0.546045 1 
0.997926 0.0320861 -0.0556346 0 0.0316995 -0.999457 -0.0078187 0 -0.0558563 0.00603901 -0.998421 0 -0.230438 -0.431702 0.546045 1 
0.997926 0.032085 -0.055633 0 0.0316983 -0.999457 -0.00781897 0 -0.0558548 0.00603939 -0.998421 0 -0.23044 -0.431701 0.546045 1 
0.997926 0.0320757 -0.0556339 0 0.0316892 -0.999458 -0.00781618 0 -0.0558555 0.00603709 -0.998421 0 -0.230439 -0.431702 0.546046 1 
0.997926 0.0320718 -0.0556355 0 0.0316853 -0.999458 -0.00781565 0 -0.0558571 0.00603672 -0.998421 0 -0.230442 -0.4317 0.546047 1 
0.997926 0.0320826 -0.0556361 0 0.0316961 -0.999457 -0.00781428 0 -0.0558577 0.00603474 -0.998421 0 -0.23044 -0.431702 0.546047 1 
0.997926 0.0320865 -0.0556351 0 0.0316997 -0.999457 -0.00782032 0 -0.0558569 0.0060406 -0.998421 0 -0.230438 -0.431703 0.546045 1 
0.997926 0.0320812 -0.0556327 0 0.0316945 -0.999457 -0.00781852 0 -0.0558544 0.00603917 -0.998421 0 -0.230439 -0.431701 0.546045 1 
0.997926 0.0320911 -0.0556339 0 0.0317043 -0.999457 -0.0078223 0 -0.0558558 0.00604235 -0.998421 0 -0.230437 -0.431703 0.546044 1 
0.997926 0.0320807 -0.0556331 0 0.0316939 -0.999457 -0.00782075 0 -0.0558549 0.00604141 -0.998421 0 -0.230439 -0.431702 0.546044 1 
0.997926 0.0320935 -0.0556356 0 0.0317068 -0.999457 -0.00781875 0 -0.0558574 0.00603861 -0.99842 0 -0.230436 -0.431704 0.546046 1 
0.997926 0.0320758 -0.0556331 0 0.0316892 -0.999458 -0.00781749 0 -0.0558548 0.00603843 -0.998421 0 -0.230442 -0.431699 0.546046 1 
0.997926 0.0320941 -0.0556359 0 0.0317074 -0.999457 -0.00781832 0 -0.0558577 0.00603815 -0.99842 0 -0.230432 -0.431705 0.546046 1 
0.997926 0.0320802 -0.0556331 0 0.0316936 -0.999457 -0.00781794 0 -0.0558548 0.00603863 -0.998421 0 -0.23044 -0.4317 0.546045 1 
0.997926 0.0320914 -0.0556349 0 0.0317047 -0.999457 -0.00781982 0 -0.0558567 0.00603983 -0.998421 0 -0.230436 -0.431704 0.546045 1 
0.997927 0.0320605 -0.0556352 0 0.0316741 -0.999458 -0.0078119 0 -0.0558566 0.00603362 -0.998421 0 -0.230451 -0.431695 0.546048 1 
0.997926 0.0320693 -0.0556355 0 0.0316828 -0.999458 -0.00781486 0 -0.0558571 0.00603608 -0.998421 0 -0.230444 -0.431698 0.546047 1 
0.997927 0.0320546 -0.0556342 0 0.0316681 -0.999458 -0.00781503 0 -0.0558557 0.00603712 -0.998421 0 -0.230453 -0.431693 0.546047 1 
0.997928 0.0320363 -0.0556324 0 0.0316498 -0.999459 -0.00781483 0 -0.0558537 0.006038 -0.998421 0 -0.230461 -0.43169 0.546047 1 
0.997926 0.032069 -0.0556409 0 0.031683 -0.999458 -0.00780586 0 -0.0558621 0.00602692 -0.99842 0 -0.230445 -0.431698 0.546051 1 
0.997928 0.0320425 -0.0556263 0 0.0316553 -0.999459 -0.00782789 0 -0.0558481 0.00605092 -0.998421 0 -0.23046 -0.431696 0.546038 1 
0.997927 0.0320442 -0.0556403 0 0.0316582 -0.999459 -0.00780426 0 -0.0558614 0.00602673 -0.99842 0 -0.230455 -0.431697 0.546049 1 
0.997927 0.0320741 -0.0556256 0 0.0316869 -0.999458 -0.00783062 0 -0.0558477 0.0060519 -0.998421 0 -0.230445 -0.431703 0.546036 1 
0.997927 0.0320546 -0.0556254 0 0.0316672 -0.999458 -0.00783248 0 -0.0558474 0.00605486 -0.998421 0 -0.230454 -0.4317 0.546034 1 
0.997931 0.0319417 -0.055619 0 0.0315543 -0.999462 -0.00783021 0 -0.0558402 0.00605911 -0.998421 0 -0.230506 -0.431673 0.546034 1 
0.997931 0.0319466 -0.0556282 0 0.0315596 -0.999462 -0.00782186 0 -0.0558492 0.00605019 -0.998421 0 -0.2305 -0.431674 0.54604 1 
0.997932 0.0319073 -0.0556289 0 0.0315212 -0.999463 -0.00780482 0 -0.0558491 0.0060353 -0.998421 0 -0.230518 -0.431662 0.546047 1 
0.997933 0.0318995 -0.0556206 0 0.0315125 -0.999463 -0.00782218 0 -0.0558413 0.00605339 -0.998421 0 -0.230522 -0.431665 0.546038 1 
0.997934 0.0318866 -0.0556063 0 0.031498 -0.999463 -0.00785139 0 -0.0558278 0.0060838 -0.998422 0 -0.230533 -0.431665 0.546022 1 
0.997934 0.0318996 -0.0555902 0 0.0315095 -0.999463 -0.00788014 0 -0.0558128 0.00611236 -0.998423 0 -0.230529 -0.431669 0.546006 1 
0.997936 0.0319004 -0.0555662 0 0.0315075 -0.999462 -0.00793255 0 -0.0557904 0.00616554 -0.998423 0 -0.230532 -0.431673 0.545979 1 
0.997937 0.0319699 -0.0555006 0 0.0315705 -0.999459 -0.0080574 0 -0.0557292 0.00628872 -0.998426 0 -0.230511 -0.431699 0.545911 1 
0.997941 0.0319942 -0.0554137 0 0.0315863 -0.999458 -0.00822218 0 -0.0556478 0.00645506 -0.99843 0 -0.230516 -0.431738 0.54582 1 
0.997939 0.0320077 -0.0554491 0 0.0316033 -0.999458 -0.00815538 0 -0.0556811 0.00638632 -0.998428 0 -0.23051 -0.431741 0.545854 1 
0.997937 0.0320484 -0.0554485 0 0.0316437 -0.999456 -0.00816097 0 -0.0556809 0.00638966 -0.998428 0 -0.230495 -0.431753 0.54585 1 
0.997941 0.0320712 -0.0553734 0 0.031659 -0.999455 -0.00830473 0 -0.0556106 0.00653469 -0.998431 0 -0.230494 -0.431772 0.545772 1 
0.997939 0.0321953 -0.0553365 0 0.0317792 -0.99945 -0.00838217 0 -0.055577 0.00660647 -0.998433 0 -0.230442 -0.431808 0.545731 1 
0.997935 0.0323951 -0.0552865 0 0.0319739 -0.999443 -0.00848715 0 -0.0555317 0.00670203 -0.998434 0 -0.230363 -0.431867 0.545675 1 
0.997927 0.0328205 -0.0551765 0 0.0323868 -0.999428 -0.00873645 0 -0.0554327 0.00693149 -0.998438 0 -0.23018 -0.431995 0.545521 1 
0.997802 0.0351618 -0.0560028 0 0.0348151 -0.999359 -0.00715422 0 -0.0562195 0.00518885 -0.998405 0 -0.229451 -0.43316 0.545403 1 
0.997678 0.0387028 -0.0558687 0 0.0383534 -0.999228 -0.00731267 0 -0.0561096 0.00515304 -0.998411 0 -0.227924 -0.434567 0.544834 1 
0.997514 0.0429934 -0.0556664 0 0.0426321 -0.999052 -0.00766203 0 -0.0559441 0.00526991 -0.99842 0 -0.225912 -0.436646 0.543868 1 
0.997322 0.0475465 -0.0554009 0 0.0471722 -0.998845 -0.00804539 0 -0.0557205 0.00541056 -0.998432 0 -0.223497 -0.43956 0.542272 1 
0.997073 0.0532116 -0.0547172 0 0.0527777 -0.998553 -0.00934467 0 -0.0551364 0.00642959 -0.998458 0 -0.220605 -0.443247 0.539867 1 
0.996725 0.0594 -0.0546911 0 0.0589676 -0.998205 -0.00948741 0 -0.0551576 0.00623145 -0.998458 0 -0.217372 -0.448121 0.53689 1 
0.99642 0.0637834 -0.0553083 0 0.0634222 -0.997943 -0.00826225 0 -0.0557226 0.004725 -0.998435 0 -0.213821 -0.454208 0.533237 1 
0.996414 0.063805 -0.0553916 0 0.0634609 -0.997943 -0.00795093 0 -0.055786 0.00440731 -0.998433 0 -0.209997 -0.461632 0.527916 1 
0.996428 0.063406 -0.05561 0 0.0630975 -0.997971 -0.00728779 0 -0.0559604 0.00375297 -0.998426 0 -0.205816 -0.469489 0.522211 1 
0.996562 0.060829 -0.0560828 0 0.0605859 -0.998135 -0.00602651 0 -0.0563459 0.00260801 -0.998408 0 -0.201971 -0.478435 0.515186 1 
0.996808 0.0564927 -0.0562498 0 0.0562877 -0.998391 -0.00522424 0 -0.0564555 0.00204143 -0.998403 0 -0.197658 -0.487809 0.507427 1 
0.997081 0.0510579 -0.056591 0 0.0509137 -0.998685 -0.00398829 0 -0.0567213 0.00109542 -0.998389 0 -0.193544 -0.497555 0.498966 1 
0.997323 0.0458376 -0.0568059 0 0.0457419 -0.998939 -0.00298452 0 -0.0568836 0.000378122 -0.998381 0 -0.18951 -0.507506 0.489727 1 
0.997592 0.0393193 -0.0569658 0 0.0392667 -0.999217 -0.00204315 0 -0.0570026 -0.000198628 -0.998374 0 -0.186096 -0.517638 0.479715 1 
0.997895 0.0311544 -0.0567144 0 0.0310843 -0.999505 -0.00211783 0 -0.0567534 0.000350453 -0.998388 0 -0.18268 -0.527539 0.469157 1 
0.998214 0.0183703 -0.0566793 0 0.0183204 -0.999822 -0.00140007 0 -0.056696 0.000359188 -0.998391 0 -0.179709 -0.537676 0.457885 1 
0.998391 0.00315932 -0.0564397 0 0.00309797 -0.999985 -0.00117456 0 -0.0564437 0.00099784 -0.998405 0 -0.177097 -0.54725 0.446129 1 
0.998291 -0.0150089 -0.056303 0 -0.01506 -0.999877 -0.000482546 0 -0.0562899 0.00132967 -0.998414 0 -0.174685 -0.556874 0.43324 1 
0.997885 -0.0323645 -0.0562025 0 -0.0323939 -0.999465 0.000388257 0 -0.0561861 0.00143321 -0.998419 0 -0.173099 -0.565947 0.419978 1 
0.997393 -0.0454372 -0.0558904 0 -0.0455054 -0.998954 5.21505e-05 0 -0.0558354 0.00249135 -0.998437 0 -0.172342 -0.57385 0.406637 1 
0.996966 -0.0541395 -0.055761 0 -0.054215 -0.99852 0.000159418 0 -0.0556882 0.0028642 -0.998444 0 -0.172648 -0.581113 0.393318 1 
0.996651 -0.0598641 -0.0555255 0 -0.0599792 -0.99819 -0.000408055 0 -0.0554016 0.00373714 -0.998457 0 -0.173963 -0.587484 0.379997 1 
0.996634 -0.0603449 -0.0553137 0 -0.0605353 -0.998155 -0.00177144 0 -0.0551058 0.00511401 -0.998467 0 -0.176008 -0.592996 0.366945 1 
0.996605 -0.061064 -0.0550476 0 -0.0613088 -0.998105 -0.00276829 0 -0.0547753 0.00613392 -0.99848 0 -0.178552 -0.597992 0.353906 1 
0.996573 -0.0618852 -0.0547053 0 -0.0622202 -0.998043 -0.00444124 0 -0.0543245 0.00782995 -0.998493 0 -0.181208 -0.602557 0.340589 1 
0.996677 -0.0601474 -0.0547623 0 -0.0605472 -0.99814 -0.00566979 0 -0.0543205 0.00896682 -0.998483 0 -0.183761 -0.606938 0.327239 1 
0.99696 -0.0547289 -0.0552821 0 -0.0552159 -0.998438 -0.00731914 0 -0.0547963 0.0103495 -0.998444 0 -0.186145 -0.610859 0.314108 1 
0.997401 -0.0454251 -0.0557581 0 -0.0459928 -0.998892 -0.00894173 0 -0.0552912 0.0114832 -0.998404 0 -0.188515 -0.614636 0.300509 1 
0.997999 -0.0292196 -0.0559089 0 -0.0298934 -0.99948 -0.0112536 0 -0.0555521 0.0129026 -0.998372 0 -0.190707 -0.618072 0.286724 1 
0.99841 -0.00591447 -0.0558787 0 -0.00667224 -0.999879 -0.013384 0 -0.0557938 0.0137358 -0.998348 0 -0.192737 -0.621295 0.273051 1 
0.998246 0.0201072 -0.0555127 0 0.0192814 -0.999686 -0.0153704 0 -0.0558054 0.0142734 -0.99834 0 -0.194741 -0.624321 0.25874 1 
0.99741 0.0465588 -0.0546528 0 0.0456809 -0.998798 -0.0172035 0 -0.0553892 0.0146626 -0.998357 0 -0.196676 -0.62717 0.243692 1 
0.996179 0.0687799 -0.0536419 0 0.0678697 -0.997511 -0.0186102 0 -0.0547894 0.0148987 -0.998387 0 -0.198045 -0.629712 0.229126 1 
0.995206 0.0821616 -0.0528666 0 0.0812618 -0.996503 -0.0189536 0 -0.05424 0.0145669 -0.998422 0 -0.19928 -0.632152 0.213583 1 
0.995006 0.0850091 -0.0521211 0 0.0841149 -0.996263 -0.0191206 0 -0.0535527 0.0146412 -0.998458 0 -0.200289 -0.634079 0.198313 1 
0.994985 0.0856957 -0.0513965 0 0.0848156 -0.996204 -0.0190699 0 -0.0528366 0.0146153 -0.998496 0 -0.201027 -0.63578 0.182498 1 
0.995 0.0856899 -0.0511181 0 0.0848797 -0.996222 -0.0178196 0 -0.052453 0.0133919 -0.998534 0 -0.201811 -0.637287 0.167248 1 
0.995382 0.0812685 -0.050904 0 0.0805412 -0.99661 -0.0161829 0 -0.0520476 0.0120085 -0.998572 0 -0.203166 -0.638276 0.152479 1 
0.996278 0.069575 -0.0506908 0 0.0689218 -0.997507 -0.0145239 0 -0.0515759 0.0109764 -0.998609 0 -0.205197 -0.638723 0.138199 1 
0.997473 0.0494918 -0.0507768 0 0.0489457 -0.99872 -0.0119432 0 -0.0513039 0.00942791 -0.998639 0 -0.207668 -0.639029 0.125502 1 
0.99849 0.020359 -0.0508339 0 0.0199094 -0.999749 -0.00933548 0 -0.0510121 0.00830947 -0.998663 0 -0.210794 -0.639328 0.11294 1 
0.998651 -0.00899835 -0.0509526 0 -0.00935975 -0.999923 -0.00685861 0 -0.050888 0.00732641 -0.998677 0 -0.213954 -0.63976 0.102705 1 
0.998081 -0.0351253 -0.0508029 0 -0.0354622 -0.999345 -0.00574518 0 -0.0505688 0.00753588 -0.998692 0 -0.217277 -0.640251 0.0935393 1 
0.997202 -0.0547212 -0.050732 0 -0.055046 -0.998462 -0.00502478 0 -0.0503799 0.00780347 -0.9987 0 -0.220739 -0.64116 0.0858358 1 
0.99652 -0.0655813 -0.0512654 0 -0.0658016 -0.99782 -0.00261804 0 -0.0509829 0.00598239 -0.998682 0 -0.22449 -0.643082 0.0799435 1 
0.996247 -0.0692697 -0.051723 0 -0.0694415 -0.997575 -0.0015298 0 -0.0514926 0.00511589 -0.99866 0 -0.22804 -0.645239 0.0749579 1 
0.996052 -0.0714563 -0.0524946 0 -0.0716137 -0.997422 -0.00112149 0 -0.0522802 0.00487649 -0.998621 0 -0.231503 -0.647679 0.0702538 1 
0.996377 -0.0647659 -0.0549525 0 -0.0648473 -0.997886 0.000302729 0 -0.0548569 0.00326195 -0.998489 0 -0.234791 -0.650492 0.0669242 1 
0.997296 -0.04574 -0.0573526 0 -0.0458389 -0.998939 -0.000408928 0 -0.0572742 0.00303686 -0.998354 0 -0.237477 -0.652702 0.0631179 1 
0.998003 -0.0243082 -0.0581406 0 -0.0244466 -0.99969 -0.00166863 0 -0.0580831 0.00308669 -0.998307 0 -0.239849 -0.654406 0.0593491 1 
0.998295 -0.0028346 -0.0581435 0 -0.00304664 -0.999979 -0.00355838 0 -0.0581333 0.00372953 -0.998302 0 -0.242023 -0.655508 0.0556022 1 
0.998196 0.0154124 -0.0578649 0 0.0151084 -0.99986 -0.00568849 0 -0.0579456 0.00480407 -0.998308 0 -0.244379 -0.656186 0.0518032 1 
0.997934 0.0285967 -0.0573633 0 0.0281948 -0.999562 -0.00780215 0 -0.0575624 0.0061688 -0.998323 0 -0.246612 -0.656442 0.048314 1 
0.997785 0.0331457 -0.0575143 0 0.0327469 -0.999423 -0.00786146 0 -0.0577428 0.00596074 -0.998314 0 -0.248846 -0.657098 0.0461039 1 
0.997861 0.0306668 -0.0575659 0 0.0302843 -0.999504 -0.0075042 0 -0.0577685 0.00574491 -0.998313 0 -0.250939 -0.65765 0.0440744 1 
0.998033 0.0255048 -0.0570914 0 0.0251456 -0.99965 -0.00700153 0 -0.0572511 0.00555227 -0.998344 0 -0.252332 -0.658071 0.0424343 1 
0.998262 0.0150494 -0.0568066 0 0.0147487 -0.999865 -0.00570846 0 -0.0568859 0.00486081 -0.998369 0 -0.253228 -0.658583 0.0415872 1 
0.998383 -0.000605018 -0.0566696 0 -0.000849934 -0.999981 -0.00429778 0 -0.056667 0.00433908 -0.998384 0 -0.253497 -0.659047 0.0410678 1 
0.998189 -0.0206348 -0.0563344 0 -0.0208399 -0.999769 -0.00305461 0 -0.0562594 0.00422316 -0.998407 0 -0.253243 -0.659353 0.0406122 1 
0.997539 -0.0416396 -0.0562381 0 -0.0418363 -0.999112 -0.00232303 0 -0.0560925 0.00467019 -0.998415 0 -0.252807 -0.659448 0.0400823 1 
0.996709 -0.0584196 -0.0560342 0 -0.0586348 -0.998267 -0.00220182 0 -0.0558096 0.00548023 -0.998426 0 -0.25239 -0.65933 0.0394539 1 
0.996259 -0.0658238 -0.0558144 0 -0.0660824 -0.997801 -0.00279918 0 -0.0555085 0.00647719 -0.998437 0 -0.252061 -0.659122 0.0387106 1 
0.99631 -0.0649366 -0.0559477 0 -0.0652714 -0.997849 -0.00417471 0 -0.0555574 0.00781124 -0.998425 0 -0.251935 -0.658776 0.0378205 1 
0.996643 -0.0591787 -0.0564008 0 -0.0596154 -0.998193 -0.00608937 0 -0.0559396 0.00943146 -0.99839 0 -0.251869 -0.658352 0.0368148 1 
0.997292 -0.0469152 -0.0564631 0 -0.0474436 -0.998832 -0.00805397 0 -0.0560204 0.0107112 -0.998372 0 -0.251566 -0.658086 0.0359471 1 
0.997947 -0.0299673 -0.0564343 0 -0.0305536 -0.999478 -0.00955482 0 -0.0561196 0.0112597 -0.998361 0 -0.251134 -0.658087 0.0355665 1 
0.998324 -0.0124 -0.0563512 0 -0.0129966 -0.999854 -0.0102331 0 -0.0562171 0.0109486 -0.998359 0 -0.250579 -0.658426 0.035679 1 
0.998386 -0.00245839 -0.056567 0 -0.00302393 -0.999937 -0.00991429 0 -0.0565402 0.0100695 -0.99835 0 -0.250181 -0.658992 0.0360496 1 
0.998368 -0.00172966 -0.0569159 0 -0.00224412 -0.999948 -0.00897616 0 -0.0568985 0.00908941 -0.998339 0 -0.250368 -0.659418 0.0364633 1 
0.998348 -0.00211602 -0.0572534 0 -0.00258638 -0.999954 -0.00814247 0 -0.0572346 0.00827726 -0.998326 0 -0.25076 -0.659694 0.0368269 1 
0.998345 -0.00262279 -0.0572777 0 -0.00309867 -0.999952 -0.00822109 0 -0.0572545 0.00838513 -0.998324 0 -0.251308 -0.659494 0.03675 1 
0.998358 -0.00308584 -0.0570282 0 -0.00360825 -0.999943 -0.00905969 0 -0.0569981 0.00925077 -0.998331 0 -0.251926 -0.65899 0.0361539 1 
0.99839 -0.00262633 -0.0564882 0 -0.00323179 -0.999929 -0.0106296 0 -0.0564573 0.0107952 -0.998347 0 -0.252476 -0.658278 0.0350419 1 
0.99843 -0.00264112 -0.0557776 0 -0.00335028 -0.999905 -0.0126244 0 -0.0557401 0.0127917 -0.998363 0 -0.252914 -0.657456 0.0335351 1 
0.998455 -0.00342896 -0.055292 0 -0.00419999 -0.999886 -0.0138344 0 -0.0552393 0.0140455 -0.998374 0 -0.253333 -0.656928 0.0320837 1 
0.99847 -0.00494764 -0.0549019 0 -0.00572928 -0.999875 -0.0140886 0 -0.0548264 0.0143818 -0.998392 0 -0.25383 -0.656819 0.0310775 1 
0.99844 -0.0101451 -0.0547219 0 -0.0108806 -0.999845 -0.01316 0 -0.0545809 0.0137351 -0.998415 0 -0.25443 -0.657147 0.0306261 1 
0.998336 -0.0168445 -0.0549677 0 -0.0175029 -0.999771 -0.0115196 0 -0.0547621 0.0124628 -0.998422 0 -0.254997 -0.657753 0.0307077 1 
0.998128 -0.0252042 -0.0555451 0 -0.0257623 -0.999615 -0.00935514 0 -0.055289 0.0107688 -0.998412 0 -0.25549 -0.658604 0.03103 1 
0.997842 -0.0338185 -0.0561167 0 -0.0342822 -0.999376 -0.00732152 0 -0.0558351 0.00922971 -0.998397 0 -0.255804 -0.659469 0.0312542 1 
0.997642 -0.0388848 -0.0563841 0 -0.0393034 -0.999198 -0.00633319 0 -0.0560937 0.00853451 -0.998389 0 -0.255923 -0.660025 0.0310324 1 
0.997589 -0.0403467 -0.0562954 0 -0.0407806 -0.999137 -0.00658001 0 -0.0559824 0.00886008 -0.998392 0 -0.256016 -0.660132 0.0302719 1 
0.997591 -0.0408551 -0.0558936 0 -0.0413584 -0.999104 -0.00787793 0 -0.0555227 0.0101708 -0.998406 0 -0.256033 -0.659813 0.0290112 1 
0.997618 -0.0409037 -0.0553731 0 -0.0415016 -0.999082 -0.0096908 0 -0.0549269 0.011966 -0.998419 0 -0.256014 -0.659286 0.0275124 1 
0.997663 -0.0403189 -0.0549793 0 -0.0410091 -0.999083 -0.0114838 0 -0.054467 0.0137119 -0.998421 0 -0.256001 -0.658712 0.0262277 1 
0.997803 -0.036981 -0.0548012 0 -0.0377257 -0.999199 -0.0126168 0 -0.0542917 0.0146568 -0.998418 0 -0.256045 -0.658414 0.0254881 1 
0.997999 -0.0311956 -0.0548196 0 -0.0319587 -0.999394 -0.013098 0 -0.0543788 0.014824 -0.99841 0 -0.256092 -0.658381 0.0253388 1 
0.99817 -0.0248739 -0.0549511 0 -0.025617 -0.999579 -0.0128601 0 -0.0546092 0.0142445 -0.998406 0 -0.256139 -0.658653 0.0255935 1 
0.998275 -0.019387 -0.05524 0 -0.0200861 -0.999715 -0.0121289 0 -0.0549902 0.0132178 -0.998399 0 -0.256238 -0.659128 0.0260361 1 
0.998347 -0.0143168 -0.0554948 0 -0.0149775 -0.999812 -0.0115064 0 -0.0553207 0.0123188 -0.998393 0 -0.256342 -0.659538 0.0264254 1 
0.99839 -0.0102348 -0.0556207 0 -0.0108763 -0.999868 -0.0112439 0 -0.0554993 0.011831 -0.998389 0 -0.256403 -0.65976 0.0266333 1 
0.998414 -0.00810152 -0.0555416 0 -0.00874519 -0.999888 -0.0113555 0 -0.0554444 0.0118234 -0.998392 0 -0.25627 -0.659814 0.026595 1 
0.998427 -0.00734434 -0.0554166 0 -0.00800024 -0.999891 -0.011623 0 -0.0553263 0.0120483 -0.998396 0 -0.256123 -0.659784 0.0264106 1 
0.998437 -0.00699258 -0.055276 0 -0.00766739 -0.999889 -0.0120053 0 -0.0551869 0.0124106 -0.998399 0 -0.255866 -0.659751 0.0261231 1 
0.998447 -0.00678129 -0.0551296 0 -0.00747326 -0.999886 -0.012355 0 -0.0550406 0.012748 -0.998403 0 -0.255682 -0.6597 0.0258491 1 
0.998455 -0.00663617 -0.0550023 0 -0.0073412 -0.999884 -0.012626 0 -0.0549132 0.0130106 -0.998406 0 -0.255526 -0.659663 0.0256342 1 
0.99846 -0.00657761 -0.0549125 0 -0.00729036 -0.999882 -0.0127895 0 -0.0548229 0.0131704 -0.998409 0 -0.255412 -0.659646 0.0254972 1 
0.998464 -0.00685802 -0.0548063 0 -0.00757073 -0.99988 -0.012807 0 -0.054713 0.0132025 -0.998415 0 -0.255298 -0.659667 0.0254397 1 
0.998462 -0.00744294 -0.0547714 0 -0.00815167 -0.999876 -0.0127277 0 -0.0546709 0.0131548 -0.998418 0 -0.255176 -0.65973 0.0254401 1 
0.998461 -0.00809316 -0.0546942 0 -0.00879988 -0.999871 -0.0126927 0 -0.0545855 0.0131547 -0.998422 0 -0.255006 -0.659789 0.0253918 1 
0.998455 -0.0094489 -0.0545895 0 -0.0101464 -0.999861 -0.0125147 0 -0.0544647 0.0130495 -0.99843 0 -0.254758 -0.659917 0.0253823 1 
0.998445 -0.0105469 -0.054559 0 -0.0112413 -0.99985 -0.0124358 0 -0.0544207 0.0130301 -0.998433 0 -0.254469 -0.660034 0.02534 1 
0.998433 -0.0115103 -0.0545835 0 -0.0121897 -0.999843 -0.0121295 0 -0.0544363 0.0127761 -0.998436 0 -0.254283 -0.660238 0.0253773 1 
0.998406 -0.0131483 -0.0547104 0 -0.0138051 -0.999827 -0.0116438 0 -0.0545489 0.0123807 -0.998434 0 -0.254277 -0.660479 0.0254388 1 
0.998359 -0.0156584 -0.0549025 0 -0.0162863 -0.999797 -0.0110074 0 -0.0547201 0.0118837 -0.998431 0 -0.254414 -0.660783 0.0254258 1 
0.998328 -0.017179 -0.0550198 0 -0.0177952 -0.999774 -0.0107292 0 -0.0548241 0.0116905 -0.998428 0 -0.254527 -0.661 0.0251794 1 
0.998335 -0.0172842 -0.0548597 0 -0.0179305 -0.999766 -0.0113098 0 -0.0546524 0.0122749 -0.99843 0 -0.254609 -0.660843 0.0245988 1 
0.998352 -0.0172983 -0.0545416 0 -0.0179985 -0.999752 -0.0123723 0 -0.0543151 0.0133338 -0.998435 0 -0.254618 -0.660474 0.0238222 1 
0.99839 -0.0162807 -0.054162 0 -0.0170401 -0.999753 -0.0135895 0 -0.0539284 0.0144908 -0.99844 0 -0.254482 -0.660122 0.0229546 1 
0.998424 -0.015037 -0.0538817 0 -0.0158547 -0.999755 -0.0147812 0 -0.0536473 0.0156125 -0.998438 0 -0.254374 -0.659777 0.0221188 1 
0.998443 -0.0141889 -0.0537666 0 -0.0150232 -0.999763 -0.0151435 0 -0.05354 0.015928 -0.998439 0 -0.254305 -0.659645 0.0215912 1 
0.998456 -0.0132815 -0.0537656 0 -0.0141267 -0.999772 -0.0153708 0 -0.0535502 0.0161069 -0.998435 0 -0.254373 -0.659563 0.0214014 1 
0.998458 -0.0127547 -0.0538577 0 -0.0135891 -0.999783 -0.0151565 0 -0.0536537 0.0158653 -0.998434 0 -0.254543 -0.659624 0.0214978 1 
0.998461 -0.0117881 -0.0540054 0 -0.0126028 -0.999802 -0.0147698 0 -0.0538216 0.0154279 -0.998431 0 -0.254771 -0.659764 0.0216835 1 
0.99846 -0.0112813 -0.0541437 0 -0.0120772 -0.999814 -0.0143953 0 -0.0539723 0.0150274 -0.998429 0 -0.254984 -0.659902 0.021837 1 
0.998456 -0.0112208 -0.0542332 0 -0.0120051 -0.999818 -0.0141569 0 -0.0540655 0.0147864 -0.998428 0 -0.255147 -0.66 0.0218664 1 
0.998455 -0.0112943 -0.0542355 0 -0.0120786 -0.999817 -0.0141559 0 -0.0540667 0.0147894 -0.998428 0 -0.255245 -0.660045 0.0216901 1 
0.998455 -0.011358 -0.0542133 0 -0.0121459 -0.999815 -0.0142252 0 -0.0540428 0.014862 -0.998428 0 -0.255334 -0.660155 0.021264 1 
0.998454 -0.0114404 -0.0542104 0 -0.0122316 -0.999814 -0.014286 0 -0.0540379 0.0149273 -0.998427 0 -0.255486 -0.660367 0.0205856 1 
0.998447 -0.0115842 -0.0543228 0 -0.0123639 -0.999815 -0.0140395 0 -0.0541512 0.0146896 -0.998425 0 -0.255771 -0.660819 0.0197318 1 
0.998432 -0.011832 -0.054541 0 -0.0125956 -0.999817 -0.0136791 0 -0.0543703 0.0143449 -0.998418 0 -0.256219 -0.66141 0.0186822 1 
0.998456 -0.0123681 -0.0539785 0 -0.0131925 -0.999792 -0.0149429 0 -0.0537835 0.0156322 -0.99843 0 -0.25653 -0.661136 0.0169435 1 
0.99848 -0.0121254 -0.0535933 0 -0.0130004 -0.999778 -0.0160084 0 -0.0533883 0.0166811 -0.998434 0 -0.256377 -0.661088 0.0153333 1 
0.998492 -0.0120336 -0.0533838 0 -0.0129379 -0.999768 -0.0166257 0 -0.0531724 0.0172916 -0.998436 0 -0.256335 -0.661043 0.0143152 1 
0.998497 -0.0120086 -0.0532994 0 -0.0129242 -0.999765 -0.0168673 0 -0.0530853 0.0175312 -0.998436 0 -0.256319 -0.661014 0.013983 1 
0.998495 -0.0120074 -0.0533229 0 -0.0129193 -0.999766 -0.0167894 0 -0.0531098 0.0174534 -0.998436 0 -0.256322 -0.661045 0.0140276 1 
0.998494 -0.0121513 -0.0533144 0 -0.0130647 -0.999764 -0.0168161 0 -0.0530985 0.0174876 -0.998436 0 -0.256408 -0.661002 0.0140086 1 
0.998497 -0.0121334 -0.0532577 0 -0.0130559 -0.99976 -0.0170082 0 -0.0530396 0.0176784 -0.998436 0 -0.256386 -0.66093 0.0138954 1 
0.998505 -0.012159 -0.0531119 0 -0.0131024 -0.999752 -0.0174518 0 -0.0528876 0.0181219 -0.998436 0 -0.256359 -0.660758 0.0136162 1 
0.998523 -0.0121976 -0.0527672 0 -0.0131889 -0.999733 -0.01848 0 -0.0525287 0.019149 -0.998436 0 -0.256291 -0.660374 0.0129363 1 
0.998543 -0.0123361 -0.0523477 0 -0.0133851 -0.999706 -0.0197363 0 -0.0520899 0.0204087 -0.998434 0 -0.256262 -0.659815 0.0117687 1 
0.99855 -0.0124611 -0.0521842 0 -0.0135126 -0.999702 -0.019846 0 -0.0519224 0.0205227 -0.99844 0 -0.256255 -0.659402 0.0103862 1 
0.998538 -0.0123074 -0.0524446 0 -0.0132809 -0.999736 -0.018255 0 -0.052207 0.0189252 -0.998457 0 -0.256134 -0.65944 0.00907799 1 
0.998518 -0.0119856 -0.0528954 0 -0.01287 -0.999773 -0.0164118 0 -0.0526877 0.0170686 -0.998465 0 -0.255958 -0.659685 0.00798291 1 
0.998525 -0.0121244 -0.0527471 0 -0.0130194 -0.999767 -0.0166574 0 -0.0525339 0.0173199 -0.998469 0 -0.255884 -0.659417 0.00677729 1 
0.998507 -0.012179 -0.0530748 0 -0.0130055 -0.999789 -0.0152541 0 -0.0528789 0.0159219 -0.998474 0 -0.255945 -0.659475 0.00568785 1 
0.998499 -0.0123569 -0.0531855 0 -0.0131575 -0.999795 -0.0147282 0 -0.0529937 0.0154062 -0.998476 0 -0.256076 -0.659319 0.00447321 1 
0.998491 -0.0123204 -0.0533422 0 -0.0130788 -0.999808 -0.013892 0 -0.0531618 0.014569 -0.99848 0 -0.256078 -0.659414 0.00345 1 
0.998493 -0.0124142 -0.0532833 0 -0.0131575 -0.999811 -0.0136222 0 -0.0531051 0.014303 -0.998486 0 -0.256012 -0.659432 0.00271254 1 
0.998493 -0.0123935 -0.0532785 0 -0.0131257 -0.999814 -0.0134146 0 -0.0531034 0.0140939 -0.99849 0 -0.255987 -0.659458 0.00215036 1 
0.998494 -0.0123656 -0.0532607 0 -0.013095 -0.999815 -0.0133665 0 -0.0530866 0.0140441 -0.998491 0 -0.25596 -0.659424 0.00165978 1 
0.998493 -0.0122969 -0.0532963 0 -0.0130141 -0.999819 -0.0131315 0 -0.0531262 0.0138056 -0.998492 0 -0.255925 -0.659414 0.00121934 1 
0.998494 -0.0122429 -0.0533021 0 -0.0129514 -0.999822 -0.0129682 0 -0.0531349 0.0136393 -0.998494 0 -0.255883 -0.659377 0.0007394 1 
0.998493 -0.0121565 -0.0533437 0 -0.012847 -0.999828 -0.0126219 0 -0.0531821 0.0132884 -0.998496 0 -0.255825 -0.659378 0.000170322 1 
0.998488 -0.0120676 -0.053449 0 -0.0127358 -0.999835 -0.0121778 0 -0.0532942 0.0128404 -0.998496 0 -0.255787 -0.659388 -0.000425411 1 
0.998482 -0.0119684 -0.0535923 0 -0.0126017 -0.999845 -0.0114942 0 -0.0534474 0.0121523 -0.998497 0 -0.255737 -0.659416 -0.00108644 1 
0.99848 -0.0119178 -0.0536258 0 -0.0125351 -0.999849 -0.0111903 0 -0.0534854 0.0118457 -0.998498 0 -0.255701 -0.659369 -0.00174819 1 
0.998477 -0.011804 -0.0537187 0 -0.0123965 -0.999856 -0.0107092 0 -0.0535856 0.011359 -0.998499 0 -0.255647 -0.659399 -0.00242083 1 
0.998484 -0.0115959 -0.0536365 0 -0.0121904 -0.999858 -0.0107706 0 -0.0535051 0.0114084 -0.998502 0 -0.255496 -0.659374 -0.00313468 1 
0.99849 -0.0113909 -0.0535659 0 -0.0119885 -0.99986 -0.0108486 0 -0.0534359 0.0114746 -0.998505 0 -0.255354 -0.659328 -0.00385581 1 
0.998489 -0.0112438 -0.0536017 0 -0.0118275 -0.999864 -0.0105846 0 -0.0534764 0.0112028 -0.998506 0 -0.255272 -0.659393 -0.00450171 1 
0.998494 -0.0112054 -0.0535251 0 -0.0117986 -0.999863 -0.0107795 0 -0.053398 0.011395 -0.998508 0 -0.255267 -0.659364 -0.0052563 1 
0.998495 -0.0111736 -0.0535106 0 -0.0117667 -0.999863 -0.0107809 0 -0.0533839 0.0113946 -0.998509 0 -0.255276 -0.659417 -0.00593742 1 
0.998503 -0.0112859 -0.0533339 0 -0.0119049 -0.999856 -0.0113029 0 -0.0531997 0.0119212 -0.998513 0 -0.255327 -0.65923 -0.00671602 1 
0.998487 -0.0116025 -0.0535642 0 -0.0121831 -0.999861 -0.0105256 0 -0.0534356 0.0111625 -0.998509 0 -0.255574 -0.659349 -0.00650067 1 
0.998487 -0.0118967 -0.0535028 0 -0.0124815 -0.999856 -0.0106104 0 -0.0533699 0.0112623 -0.998511 0 -0.255737 -0.659243 -0.00656008 1 
0.998494 -0.0122118 -0.0533017 0 -0.0127962 -0.999852 -0.010638 0 -0.0531649 0.0113043 -0.998522 0 -0.255753 -0.659195 -0.00662014 1 
0.998504 -0.01358 -0.0527833 0 -0.0141577 -0.999834 -0.0105862 0 -0.0526318 0.0113179 -0.99855 0 -0.255756 -0.659113 -0.00669967 1 
0.998496 -0.0173474 -0.0518168 0 -0.0179066 -0.999777 -0.0103458 0 -0.0516267 0.0112583 -0.998603 0 -0.255745 -0.658994 -0.00680003 1 
0.998353 -0.0274855 -0.0501728 0 -0.0279971 -0.999553 -0.00952362 0 -0.0498896 0.0109128 -0.998695 0 -0.255688 -0.658913 -0.00688185 1 
0.99766 -0.0481582 -0.0483407 0 -0.0486046 -0.998776 -0.00810086 0 -0.0478923 0.0104317 -0.998798 0 -0.255513 -0.658896 -0.00695238 1 
0.996308 -0.0712595 -0.0476857 0 -0.0716688 -0.997395 -0.00692624 0 -0.0470688 0.0103184 -0.998838 0 -0.255357 -0.658878 -0.00700526 1 
0.994128 -0.0970688 -0.0476243 0 -0.097445 -0.995215 -0.00563526 0 -0.0468503 0.0102431 -0.998849 0 -0.255157 -0.65895 -0.00701231 1 
0.991156 -0.123753 -0.0477092 0 -0.1241 -0.99225 -0.00436449 0 -0.0468002 0.0102468 -0.998852 0 -0.254832 -0.659062 -0.00702354 1 
0.98738 -0.150943 -0.0477328 0 -0.151257 -0.98848 -0.00300786 0 -0.0467298 0.01019 -0.998856 0 -0.25431 -0.659258 -0.00702556 1 
0.982496 -0.179991 -0.0478006 0 -0.18027 -0.983606 -0.0015531 0 -0.0467383 0.0101431 -0.998856 0 -0.253695 -0.659497 -0.00702325 1 
0.976909 -0.208189 -0.0478229 0 -0.208436 -0.978026 -0.000171823 0 -0.0467372 0.0101361 -0.998856 0 -0.253281 -0.659649 -0.00702971 1 
0.971381 -0.232617 -0.0478411 0 -0.232837 -0.972505 0.00100764 0 -0.046761 0.0101605 -0.998854 0 -0.25308 -0.659715 -0.00704431 1 
0.966082 -0.253737 -0.0477883 0 -0.253936 -0.967209 0.00197337 0 -0.0467229 0.0102289 -0.998856 0 -0.253129 -0.659674 -0.00705676 1 
0.959519 -0.277533 -0.0477392 0 -0.277706 -0.960651 0.00311066 0 -0.046725 0.0102729 -0.998855 0 -0.253313 -0.659595 -0.00706467 1 
0.951084 -0.305227 -0.0475103 0 -0.30537 -0.952214 0.00439125 0 -0.0465812 0.010332 -0.998861 0 -0.253542 -0.659479 -0.00708367 1 
0.94159 -0.333387 -0.0473565 0 -0.333506 -0.942721 0.00560121 0 -0.0465122 0.0105198 -0.998862 0 -0.253819 -0.6593 -0.00709684 1 
0.93086 -0.362294 -0.0471486 0 -0.362384 -0.931993 0.00693332 0 -0.046455 0.0106322 -0.998864 0 -0.254007 -0.659204 -0.00710479 1 
0.920251 -0.388479 -0.0469341 0 -0.388538 -0.921385 0.0082317 0 -0.0464431 0.0106607 -0.998864 0 -0.25409 -0.659167 -0.0071085 1 
0.908235 -0.415827 -0.0466657 0 -0.415857 -0.909369 0.00952312 0 -0.0463972 0.0107573 -0.998865 0 -0.254105 -0.659145 -0.00709014 1 
0.894982 -0.443668 -0.0463389 0 -0.443663 -0.896116 0.0109522 0 -0.0463851 0.010757 -0.998866 0 -0.254049 -0.659164 -0.00709419 1 
0.881273 -0.470342 -0.0460196 0 -0.470302 -0.882408 0.012378 0 -0.0464309 0.0107349 -0.998864 0 -0.254081 -0.659167 -0.00707179 1 
0.867038 -0.496125 -0.0456807 0 -0.496052 -0.868173 0.0137218 0 -0.0464674 0.0107629 -0.998862 0 -0.25426 -0.659097 -0.00706369 1 
0.852312 -0.521053 -0.0452721 0 -0.520946 -0.853445 0.0150484 0 -0.0464792 0.0107586 -0.998861 0 -0.254499 -0.659015 -0.00705472 1 
0.83962 -0.54129 -0.0449834 0 -0.541161 -0.840754 0.0160674 0 -0.046518 0.0108529 -0.998858 0 -0.254599 -0.658954 -0.0070802 1 
0.828949 -0.55752 -0.0446785 0 -0.557371 -0.83008 0.0168713 0 -0.0464937 0.0109173 -0.998859 0 -0.254654 -0.658921 -0.00707669 1 
0.8179 -0.573632 -0.0443419 0 -0.57346 -0.819029 0.0177721 0 -0.0465128 0.0108927 -0.998858 0 -0.254783 -0.65889 -0.00705784 1 
0.804776 -0.591936 -0.0439113 0 -0.591739 -0.805899 0.0187718 0 -0.0465007 0.0108772 -0.998859 0 -0.254891 -0.658857 -0.00705112 1 
0.790619 -0.610748 -0.0434729 0 -0.610525 -0.791738 0.0197725 0 -0.046496 0.010909 -0.998859 0 -0.254892 -0.65885 -0.0070518 1 
0.775425 -0.62996 -0.0429789 0 -0.629714 -0.776537 0.0207562 0 -0.0464512 0.0109698 -0.99886 0 -0.254851 -0.658852 -0.00705117 1 
0.75728 -0.651694 -0.0424556 0 -0.651427 -0.758387 0.0217407 0 -0.046367 0.0111931 -0.998862 0 -0.254799 -0.658825 -0.00704623 1 
0.737459 -0.674083 -0.0418081 0 -0.673789 -0.738556 0.0228838 0 -0.0463041 0.0112942 -0.998864 0 -0.254723 -0.658835 -0.0070296 1 
0.717532 -0.695297 -0.0411149 0 -0.694971 -0.71862 0.0241016 0 -0.0463047 0.0112802 -0.998864 0 -0.254745 -0.658846 -0.00700477 1 
0.695889 -0.716997 -0.040428 0 -0.716649 -0.696968 0.0251363 0 -0.0462006 0.0114809 -0.998866 0 -0.254786 -0.658783 -0.00701799 1 
0.670214 -0.741099 -0.0395758 0 -0.740723 -0.67128 0.0263186 0 -0.046072 0.0116759 -0.99887 0 -0.254948 -0.658682 -0.00698978 1 
0.645314 -0.762922 -0.0387426 0 -0.762513 -0.646369 0.0275798 0 -0.0460842 0.0117443 -0.998869 0 -0.255185 -0.658581 -0.00698713 1 
0.626484 -0.778489 -0.0381086 0 -0.778059 -0.627531 0.0284525 0 -0.0460652 0.0118259 -0.998868 0 -0.255476 -0.658457 -0.00698127 1 
0.610077 -0.791442 -0.0374892 0 -0.790988 -0.611114 0.0292844 0 -0.046088 0.011788 -0.998868 0 -0.25575 -0.658381 -0.00695917 1 
0.595468 -0.802518 -0.0369339 0 -0.802045 -0.596496 0.0299656 0 -0.0460797 0.0117793 -0.998868 0 -0.256019 -0.658289 -0.00695146 1 
0.579376 -0.81424 -0.0363007 0 -0.813747 -0.580392 0.0306671 0 -0.0460399 0.011772 -0.99887 0 -0.256329 -0.658175 -0.00694205 1 
0.563938 -0.825031 -0.0357632 0 -0.824521 -0.564947 0.0313223 0 -0.046047 0.011824 -0.998869 0 -0.256702 -0.658023 -0.00694691 1 
0.54873 -0.835251 -0.0351 0 -0.834723 -0.549725 0.0319365 0 -0.0459712 0.0117745 -0.998873 0 -0.25698 -0.657931 -0.00693502 1 
0.535204 -0.844012 -0.0343558 0 -0.843471 -0.536179 0.0323832 0 -0.0457536 0.0116467 -0.998885 0 -0.256753 -0.658034 -0.00692552 1 
0.522836 -0.851751 -0.0338146 0 -0.851193 -0.523801 0.0329214 0 -0.0457538 0.0115705 -0.998886 0 -0.256367 -0.658212 -0.00691566 1 
0.511973 -0.858344 -0.033308 0 -0.857777 -0.512926 0.0332661 0 -0.0456392 0.0115397 -0.998891 0 -0.255828 -0.658405 -0.00692474 1 
0.497445 -0.866875 -0.0325003 0 -0.8663 -0.498374 0.0335825 0 -0.04531 0.0114498 -0.998907 0 -0.255352 -0.658578 -0.00692607 1 
0.47879 -0.877346 -0.031685 0 -0.876756 -0.479701 0.0341524 0 -0.0451637 0.0114284 -0.998914 0 -0.255248 -0.65861 -0.00692748 1 
0.458691 -0.888052 -0.0307862 0 -0.887453 -0.45958 0.034564 0 -0.0448442 0.0114674 -0.998928 0 -0.255244 -0.658584 -0.00692467 1 
0.438478 -0.898233 -0.0299331 0 -0.897616 -0.43935 0.0351807 0 -0.0447524 0.0114427 -0.998933 0 -0.255196 -0.6586 -0.0069239 1 
0.420347 -0.906884 -0.0291833 0 -0.906252 -0.421203 0.0357148 0 -0.0446821 0.0114351 -0.998936 0 -0.255313 -0.658555 -0.0069208 1 
0.400864 -0.915693 -0.0281992 0 -0.915052 -0.401694 0.0360914 0 -0.044377 0.0113362 -0.998951 0 -0.255319 -0.658551 -0.00691892 1 
0.37876 -0.925087 -0.0271057 0 -0.924432 -0.379564 0.0365746 0 -0.0441239 0.0112046 -0.998963 0 -0.255317 -0.658568 -0.00690969 1 
0.357805 -0.93342 -0.0261469 0 -0.932754 -0.358586 0.0369845 0 -0.0438988 0.0111556 -0.998974 0 -0.25532 -0.658558 -0.00691688 1 
0.33507 -0.94185 -0.0250557 0 -0.941172 -0.335823 0.0373902 0 -0.0436311 0.0110536 -0.998987 0 -0.255265 -0.658581 -0.0069173 1 
0.314333 -0.948998 -0.0240503 0 -0.94831 -0.315062 0.0377369 0 -0.0433904 0.0109453 -0.998998 0 -0.255215 -0.658608 -0.00690623 1 
0.294499 -0.955362 -0.023121 0 -0.954667 -0.295205 0.0380244 0 -0.0431533 0.010875 -0.999009 0 -0.255124 -0.658639 -0.00690849 1 
0.275548 -0.961021 -0.0222215 0 -0.960319 -0.276232 0.0382762 0 -0.0429233 0.010793 -0.99902 0 -0.25509 -0.658652 -0.00690839 1 
0.255384 -0.966595 -0.0213194 0 -0.965884 -0.256048 0.0385895 0 -0.04276 0.0107371 -0.999028 0 -0.255049 -0.658666 -0.00691167 1 
0.235175 -0.971729 -0.0204005 0 -0.971009 -0.235817 0.0388961 0 -0.0426081 0.0106619 -0.999035 0 -0.254973 -0.658703 -0.00690232 1 
0.217244 -0.975909 -0.0196619 0 -0.97518 -0.217871 0.0392104 0 -0.0425504 0.0106559 -0.999037 0 -0.25488 -0.65873 -0.00691241 1 
0.200854 -0.979427 -0.0190059 0 -0.978686 -0.20147 0.0395413 0 -0.0425577 0.010659 -0.999037 0 -0.254896 -0.658723 -0.0069116 1 
0.185246 -0.982512 -0.0183164 0 -0.981762 -0.185847 0.0398203 0 -0.0425287 0.010606 -0.999039 0 -0.254907 -0.658736 -0.00689891 1 
0.169481 -0.985366 -0.0176236 0 -0.98461 -0.170067 0.0400131 0 -0.0424255 0.0105711 -0.999044 0 -0.25489 -0.658746 -0.00690286 1 
0.153433 -0.988005 -0.0169025 0 -0.987242 -0.154003 0.040219 0 -0.0423405 0.0105162 -0.999048 0 -0.254927 -0.658741 -0.0068944 1 
0.136716 -0.990468 -0.0161799 0 -0.989696 -0.137271 0.0404777 0 -0.0423137 0.0104794 -0.999049 0 -0.254935 -0.65875 -0.00688161 1 
0.121181 -0.992499 -0.0155181 0 -0.99172 -0.121722 0.0406968 0 -0.0422812 0.0104582 -0.999051 0 -0.254885 -0.658773 -0.0068835 1 
0.106798 -0.99416 -0.0148664 0 -0.993373 -0.107325 0.0408843 0 -0.0422419 0.0104017 -0.999053 0 -0.254797 -0.658824 -0.00688315 1 
0.0932789 -0.995529 -0.0142036 0 -0.994736 -0.0937902 0.0410477 0 -0.0421971 0.0103002 -0.999056 0 -0.254637 -0.658918 -0.00686597 1 
0.0809858 -0.996611 -0.0136956 0 -0.995812 -0.0814872 0.0412168 0 -0.042194 0.0103004 -0.999056 0 -0.254542 -0.658953 -0.00687868 1 
0.0694697 -0.997487 -0.0132233 0 -0.996682 -0.069962 0.0413677 0 -0.0421896 0.0103058 -0.999056 0 -0.254586 -0.658937 -0.00687516 1 
0.0612235 -0.998031 -0.0128713 0 -0.997223 -0.0617087 0.0414699 0 -0.0421833 0.0102968 -0.999057 0 -0.254633 -0.658921 -0.006875 1 
0.0514424 -0.998589 -0.0124134 0 -0.997777 -0.051917 0.0415457 0 -0.0421324 0.0102488 -0.999059 0 -0.254708 -0.658911 -0.00686598 1 
0.0411241 -0.999072 -0.0120016 0 -0.998256 -0.0415911 0.0416708 0 -0.0421321 0.0102672 -0.999059 0 -0.254929 -0.658824 -0.00686827 1 
0.0296017 -0.999486 -0.0114816 0 -0.998665 -0.0300573 0.0417792 0 -0.0421036 0.0102297 -0.999061 0 -0.255231 -0.658722 -0.00685929 1 
0.0220608 -0.999696 -0.0101319 0 -0.998854 -0.0224681 0.0420285 0 -0.0422442 0.00919324 -0.999065 0 -0.255338 -0.659046 -0.00683364 1 
0.0147068 -0.999839 -0.00930994 0 -0.998988 -0.0150866 0.0421342 0 -0.0422687 0.00868103 -0.999069 0 -0.25535 -0.65934 -0.00680377 1 
0.00720535 -0.999929 -0.00836135 0 -0.999076 -0.00755108 0.0420808 0 -0.0421418 0.00805057 -0.999079 0 -0.25537 -0.659676 -0.00679911 1 
0.000326363 -0.999961 -0.00771151 0 -0.999102 -0.000651083 0.0421433 0 -0.0421474 0.00769097 -0.999082 0 -0.25539 -0.6599 -0.00679939 1 
-0.000124555 -0.999961 -0.00768454 0 -0.999101 -0.000199538 0.0421592 0 -0.0421599 0.00768304 -0.999081 0 -0.25542 -0.659894 -0.00678581 1 
-0.000145417 -0.999961 -0.00766989 0 -0.999101 -0.000178044 0.042155 0 -0.0421555 0.00766927 -0.999082 0 -0.25542 -0.659897 -0.00678504 1 
-0.00020892 -0.999961 -0.0076529 0 -0.999101 -0.000113897 0.0421573 0 -0.0421573 0.00765497 -0.999082 0 -0.255427 -0.6599 -0.00678022 1 
-0.000507379 -0.999961 -0.00763409 0 -0.999101 0.000185056 0.0421628 0 -0.0421606 0.00764877 -0.999082 0 -0.255439 -0.659898 -0.00677896 1 
-0.000644533 -0.999961 -0.0076017 0 -0.9991 0.000323319 0.0421809 0 -0.0421776 0.00762219 -0.999081 0 -0.255476 -0.659899 -0.00676458 1 
-0.000647852 -0.999961 -0.00759919 0 -0.9991 0.000326605 0.0421987 0 -0.0421954 0.00761984 -0.99908 0 -0.255494 -0.659897 -0.00676285 1 
-0.000677531 -0.999961 -0.00757903 0 -0.999099 0.00035701 0.0422118 0 -0.0422082 0.00760094 -0.99908 0 -0.255523 -0.659898 -0.00675264 1 
-0.000696942 -0.999961 -0.00757973 0 -0.999098 0.000376246 0.0422287 0 -0.042225 0.00760247 -0.999079 0 -0.255544 -0.659891 -0.00675203 1 
-0.000746187 -0.999961 -0.00756586 0 -0.999098 0.000426002 0.0422329 0 -0.0422288 0.00759069 -0.999079 0 -0.255576 -0.659885 -0.00674917 1 
-0.000819822 -0.999962 -0.00755294 0 -0.999095 0.000499528 0.0423108 0 -0.0423062 0.00758094 -0.999076 0 -0.255655 -0.659873 -0.00674361 1 
-0.00113183 -0.999962 -0.00742368 0 -0.999092 0.000816235 0.0423776 0 -0.0423707 0.00746505 -0.999074 0 -0.255897 -0.659856 -0.00672838 1 
-0.0015677 -0.999963 -0.00718285 0 -0.999085 0.0012609 0.042519 0 -0.0425092 0.00724307 -0.99907 0 -0.256292 -0.659875 -0.00672238 1 
-0.00179502 -0.999964 -0.00701591 0 -0.999086 0.00149532 0.0424911 0 -0.0424799 0.0070859 -0.999072 0 -0.256492 -0.659896 -0.00671085 1 
-0.00171224 -0.999964 -0.00704173 0 -0.999084 0.00141117 0.0425397 0 -0.042529 0.00710826 -0.99907 0 -0.256468 -0.659902 -0.00671438 1 
-0.00169631 -0.999964 -0.00704767 0 -0.999085 0.00139514 0.0425207 0 -0.0425102 0.00711348 -0.999071 0 -0.256451 -0.659905 -0.00672264 1 
-0.00172053 -0.999964 -0.00705133 0 -0.999085 0.00141923 0.042513 0 -0.0425023 0.00711816 -0.999071 0 -0.256457 -0.659899 -0.00673016 1 
-0.00174235 -0.999964 -0.00705734 0 -0.999086 0.00144085 0.0425041 0 -0.0424932 0.00712508 -0.999071 0 -0.256464 -0.659893 -0.00674419 1 
-0.00175846 -0.999964 -0.00707042 0 -0.999086 0.00145644 0.0424963 0 -0.0424853 0.00713883 -0.999072 0 -0.256471 -0.659884 -0.00675941 1 
-0.00178523 -0.999964 -0.00707078 0 -0.999086 0.00148325 0.0424844 0 -0.0424732 0.0071403 -0.999072 0 -0.25648 -0.659879 -0.00676651 1 
-0.00176263 -0.999964 -0.00707421 0 -0.999087 0.00146064 0.0424693 0 -0.0424583 0.00714275 -0.999073 0 -0.256464 -0.659887 -0.00677862 1 
-0.00175275 -0.999964 -0.00708135 0 -0.999087 0.0014504 0.0424781 0 -0.0424672 0.00714948 -0.999072 0 -0.256466 -0.659886 -0.00678347 1 
-0.0017013 -0.999964 -0.00710131 0 -0.999087 0.00139814 0.0424785 0 -0.0424678 0.00716723 -0.999072 0 -0.256436 -0.659892 -0.00679629 1 
-0.00167744 -0.999964 -0.0071047 0 -0.999086 0.0013741 0.0424868 0 -0.0424763 0.00716962 -0.999072 0 -0.256432 -0.659895 -0.00679471 1 
-0.00164839 -0.999964 -0.00711212 0 -0.999086 0.00134476 0.0424873 0 -0.042477 0.00717579 -0.999072 0 -0.256425 -0.659896 -0.00679896 1 
-0.00153812 -0.999964 -0.00714207 0 -0.999085 0.00123305 0.0425237 0 -0.0425141 0.00720108 -0.99907 0 -0.256401 -0.6599 -0.00680577 1 
-0.00117164 -0.999964 -0.00715742 0 -0.999085 0.000866132 0.0425385 0 -0.0425316 0.00720085 -0.999069 0 -0.256401 -0.659902 -0.00680336 1 
-0.00106521 -0.999964 -0.00716983 0 -0.999084 0.000759103 0.0425614 0 -0.0425553 0.00720873 -0.999068 0 -0.256406 -0.6599 -0.00680262 1 
-0.00080095 -0.999964 -0.00720814 0 -0.99908 0.000492677 0.0426675 0 -0.0426632 0.00723582 -0.999063 0 -0.256398 -0.659907 -0.00679412 1 
